1,2
4,1
7,1
10,6
13,2
16,47
19,1
22,1
25,1
28,3
31,2
34,1
37,1
40,1
43,2
46,1
49,5
52,2
55,1
58,4
61,1
64,25
67,1
70,1
73,2
76,2
79,3
82,1
85,4
88,8
91,1
94,5
97,2
100,1
103,6
106,1
109,1
112,1
115,3
118,NA
121,1
124,1
127,44
130,2
133,NA
136,3
139,4
142,1
145,1
148,3
151,1
154,20
157,41
160,1
163,23
166,2
169,21
172,1
175,1
178,4
181,6
184,4
187,44
190,1
193,2
196,7
199,4
202,1
205,4
208,2
211,2
214,1
217,1
220,2
223,6
226,165
229,4
232,2
235,1
238,3
241,5
244,5
247,28
250,1
253,2
256,1
259,1
262,2
265,1
268,3
271,1
274,1
277,2
280,1
283,3
286,1
289,1
292,238
295,4
298,12
301,15
304,24
307,1
310,19
313,3
316,1
319,1
322,2
325,4
328,2
331,NA
334,NA
337,2
340,1
343,19
346,10
349,1
352,1
355,6
358,4
361,3
364,1
367,9
370,1
373,3
376,78
379,1
382,101
385,2
388,6
391,1
394,4
397,1
400,3
403,2
406,2
409,3
412,1
415,4
418,19
421,2
424,1
427,4
430,9
433,4
436,6
439,NA
442,1
445,1
448,2
451,11
454,1
457,1
460,3
463,43
466,3
469,1
472,33
475,1
478,6
481,1
484,1
487,2
490,5
493,4
496,1
499,5
502,1
505,2
508,8
511,1
514,11
517,2
520,4
523,2
526,3
529,3
532,4
535,99
538,18
541,3
544,1
547,1
550,1
553,2
556,2
559,5
562,1
565,1
568,4
571,1
574,7
577,2
580,28
583,23
586,79
589,4
592,2
595,4
598,16
601,1
604,1
607,16
610,1
613,2
616,6
619,4
622,1
625,NA
628,2
631,1
634,45
637,53
640,6
643,6
646,1
649,NA
652,2
655,1
658,3
661,9
664,1
667,NA
670,1
673,2
676,1
679,3
682,6
685,52
688,11
691,2
694,1
697,1
700,2
703,8
706,2
709,1
712,22
715,1
718,14
721,1
724,3
727,2
730,1
733,4
736,1
739,1
742,32
745,2
748,NA
751,6
754,3
757,NA
760,1
763,NA
766,34
769,1
772,1
775,2
778,22
781,1
784,1
787,2
790,4
793,6
796,1
799,1
802,1
805,1
808,3
811,1
814,67
817,2
820,5
823,2
826,3
829,NA
832,1
835,39
838,10
841,3
844,121
847,1
850,5
853,2
856,3
859,4
862,1
865,2
868,3
871,2
874,1
877,1
880,3
883,NA
886,7
889,4
892,2
895,4
898,NA
901,1
904,1
907,12
910,1
913,3
916,1
919,1
922,2
925,2
928,18
931,1
934,3
937,1
940,1
943,4
946,21
949,1
952,1
955,2
958,4
961,1
964,1
967,1
970,1
973,82
976,3
979,1
982,21
985,2
988,14
991,1
994,31
997,NA
1000,1
1003,4
1006,2
1009,3
1012,2
1015,1
1018,52
1021,5
1024,3
1027,1
1030,2
1033,18
1036,1
1039,5
1042,20
1045,1
1048,6
1051,3
1054,3
1057,6
1060,4
1063,2
1066,1
1069,168
1072,1
1075,1
1078,2
1081,2
1084,1
1087,18
1090,1
1093,15
1096,2
1099,9
1102,10
1105,1
1108,18
1111,1
1114,1
1117,1
1120,2
1123,39
1126,1
1129,1
1132,1
1135,2
1138,302
1141,5
1144,4
1147,2
1150,4
1153,163
1156,79
1159,53
1162,1
1165,3
1168,4
1171,341
1174,1
1177,25
1180,2
1183,2
1186,2
1189,19
1192,9
1195,36
1198,2
1201,2
1204,1
1207,5
1210,1
1213,12
1216,1
1219,3
1222,117
1225,1
1228,2
1231,1
1234,1
1237,1
1240,1
1243,3
1246,1
1249,8
1252,NA
1255,1
1258,3
1261,1
1264,1
1267,1
1270,3
1273,2
1276,1
1279,NA
1282,4
1285,3
1288,3
1291,81
1294,119
1297,6
1300,1
1303,2
1306,6
1309,9
1312,46
1315,1
1318,10
1321,1
1324,1
1327,NA
1330,1
1333,3
1336,2
1339,1
1342,1
1345,10
1348,NA
1351,NA
1354,64
1357,10
1360,1
1363,2
1366,1
1369,1
1372,1
1375,2
1378,47
1381,1
1384,7
1387,1
1390,1
1393,4
1396,27
1399,1
1402,1
1405,20
1408,4
1411,1
1414,8
1417,4
1420,6
1423,3
1426,1
1429,20
1432,1
1435,6
1438,3
1441,2
1444,627
1447,1
1450,2
1453,3
1456,3
1459,11
1462,6
1465,5
1468,8
1471,3
1474,1
1477,1
1480,3
1483,47
1486,1
1489,1
1492,4
1495,11
1498,15
1501,2
1504,11
1507,168
1510,9
1513,2
1516,2
1519,1
1522,5
1525,2
1528,19
1531,NA
1534,115
1537,2
1540,1
1543,4
1546,1
1549,7
1552,4
1555,3
1558,254
1561,1
1564,3
1567,1
1570,21
1573,12
1576,2
1579,1
1582,9
1585,2
1588,8
1591,1
1594,3
1597,1
1600,17
1603,2
1606,2
1609,5
1612,21
1615,49
1618,3
1621,203
1624,1
1627,32
1630,1
1633,31
1636,914
1639,3
1642,2
1645,1
1648,2
1651,1
1654,13
1657,2
1660,4
1663,6
1666,2
1669,35
1672,8
1675,1
1678,176
1681,73
1684,24
1687,8
1690,2
1693,2
1696,5
1699,1
1702,1
1705,5
1708,4
1711,3
1714,4
1717,13
1720,1
1723,2
1726,2
1729,5
1732,2
1735,2
1738,55
1741,NA
1744,17
1747,560
1750,4
1753,118
1756,1
1759,1
1762,8
1765,195
1768,19
1771,1
1774,5
1777,1
1780,5
1783,6
1786,1
1789,5
1792,2
1795,4
1798,32
1801,6
1804,16
1807,1
1810,3
1813,2
1816,11
1819,1
1822,1
1825,2
1828,2
1831,1
1834,1
1837,40
1840,11
1843,4
1846,2
1849,1
1852,48
1855,1
1858,102
1861,1
1864,12
1867,1
1870,3
1873,14
1876,2
1879,35
1882,17
1885,3
1888,2
1891,1
1894,1
1897,2
1900,2
1903,7
1906,6
1909,1
1912,4
1915,3
1918,3
1921,6
1924,5
1927,53
1930,2
1933,4
1936,NA
1939,1
1942,6
1945,2
1948,46
1951,1
1954,736
1957,6
1960,5
1963,750
1966,7
1969,1
1972,10
1975,8
1978,3
1981,1
1984,4
1987,1
1990,1
1993,103
1996,2
1999,3
2002,1
2005,2
2008,6
2011,5
2014,1
2017,64
2020,1
2023,4
2026,6
2029,11
2032,1
2035,1
2038,14
2041,1
2044,32
2047,4
2050,NA
2053,52
2056,1
2059,5
2062,1
2065,1
2068,75
2071,1
2074,64
2077,20
2080,1
2083,8
2086,3
2089,3
2092,30
2095,5
2098,4
2101,1
2104,127
2107,2
2110,4
2113,2
2116,95
2119,3
2122,17
2125,2
2128,3
2131,6
2134,1
2137,1
2140,3
2143,2
2146,1
2149,8
2152,36
2155,2
2158,976
2161,1
2164,1
2167,17
2170,2
2173,2
2176,2
2179,1
2182,8
2185,1
2188,20
2191,1
2194,8
2197,2
2200,1
2203,2
2206,3
2209,163
2212,12
2215,15
2218,35
2221,3
2224,3
2227,2
2230,1
2233,2
2236,2
2239,24
2242,229
2245,1
2248,10
2251,1
2254,1
2257,22
2260,2
2263,NA
2266,2
2269,1
2272,9
2275,2
2278,NA
2281,1
2284,51
2287,4
2290,2
2293,2
2296,2
2299,16
2302,1
2305,1
2308,3
2311,23
2314,3
2317,1
2320,3
2323,34
2326,1
2329,1
2332,1
2335,1
2338,4
2341,9
2344,8
2347,1
2350,8
2353,2
2356,3
2359,1
2362,5
2365,6
2368,4
2371,2
2374,43
2377,1
2380,1
2383,10
2386,1
2389,3
2392,1
2395,1
2398,26
2401,21
2404,4
2407,2
2410,52
2413,4
2416,1
2419,NA
2422,1
2425,2
2428,12
2431,NA
2434,1
2437,5
2440,17
2443,7
2446,95
2449,95
2452,1
2455,1
2458,2
2461,2
2464,1
2467,6
2470,12
2473,3
2476,2
2479,1
2482,2
2485,1
2488,3
2491,1
2494,7
2497,4
2500,31
2503,2
2506,3
2509,4
2512,1
2515,1
2518,430
2521,55
2524,15
2527,4
2530,3
2533,6
2536,1
2539,NA
2542,1
2545,3
2548,2
2551,2
2554,1
2557,1
2560,7
2563,3
2566,1
2569,8
2572,12
2575,2
2578,100
2581,22
2584,4
2587,5
2590,1
2593,3
2596,1
2599,1
2602,8
2605,7
2608,6
2611,1
2614,9
2617,6
2620,4
2623,2
2626,1
2629,9
2632,1
2635,NA
2638,35
2641,58
2644,1
2647,1
2650,21
2653,10
2656,2
2659,1
2662,9
2665,1
2668,NA
2671,69
2674,1
2677,18
2680,42
2683,3
2686,1
2689,3
2692,1
2695,4
2698,2
2701,5
2704,5
2707,57
2710,1
2713,95
2716,43
2719,5
2722,48
2725,5
2728,2
2731,29
2734,1
2737,2
2740,3
2743,19
2746,90
2749,3
2752,4
2755,1
2758,3
2761,3
2764,1
2767,52
2770,3
2773,14
2776,5
2779,9
2782,2
2785,1
2788,3
2791,3
2794,1
2797,NA
2800,5
2803,2
2806,1
2809,3
2812,9
2815,1
2818,2
2821,22
2824,3
2827,80
2830,12
2833,2
2836,NA
2839,11
2842,1
2845,2
2848,2
2851,31
2854,1
2857,2
2860,1
2863,6
2866,2
2869,4
2872,12
2875,1
2878,7
2881,1
2884,12
2887,2
2890,2
2893,6
2896,NA
2899,8
2902,12
2905,2
2908,3
2911,7
2914,11
2917,1
2920,1
2923,2
2926,15
2929,NA
2932,1
2935,12
2938,3
2941,1
2944,1
2947,4
2950,2
2953,2
2956,6
2959,9
2962,1
2965,1
2968,4
2971,NA
2974,NA
2977,1
2980,15
2983,3
2986,3
2989,37
2992,5
2995,12
2998,3
3001,2
3004,3
3007,1
3010,5
3013,96
3016,1
3019,3
3022,1
3025,1
3028,7
3031,1
3034,320
3037,54
3040,1
3043,2
3046,1
3049,1
3052,50
3055,6
3058,2
3061,5
3064,3
3067,40
3070,2
3073,6
3076,3
3079,NA
3082,4
3085,8
3088,11
3091,467
3094,5
3097,6
3100,8
3103,3
3106,1
3109,1
3112,1
3115,2
3118,567
3121,NA
3124,1
3127,60
3130,4
3133,2
3136,1
3139,8
3142,1
3145,7
3148,8
3151,47
3154,1
3157,1
3160,5
3163,4
3166,7
3169,3
3172,4
3175,1
3178,2
3181,41
3184,11
3187,1
3190,3
3193,10
3196,2
3199,9
3202,58
3205,1
3208,4
3211,1
3214,3
3217,1
3220,419
3223,12
3226,1
3229,1
3232,25
3235,1
3238,323
3241,7
3244,8
3247,2
3250,1
3253,3
3256,1
3259,5
3262,46
3265,38
3268,19
3271,5
3274,13
3277,5
3280,1
3283,3
3286,33
3289,1
3292,649
3295,1
3298,115
3301,1
3304,1
3307,4
3310,1
3313,4
3316,2
3319,NA
3322,2
3325,2
3328,4
3331,7
3334,1
3337,216
3340,1
3343,2
3346,1
3349,3
3352,1
3355,1
3358,16
3361,1
3364,659
3367,1
3370,18
3373,11
3376,1
3379,4
3382,13
3385,1
3388,2
3391,41
3394,73
3397,622
3400,6
3403,16
3406,1
3409,1
3412,2
3415,11
3418,679
3421,2
3424,4
3427,14
3430,7
3433,2
3436,NA
3439,1
3442,2
3445,2
3448,603
3451,1
3454,21
3457,1
3460,1
3463,38
3466,2
3469,1
3472,2
3475,9
3478,2
3481,125
3484,1
3487,1
3490,1
3493,3
3496,809
3499,611
3502,1
3505,1
3508,2
3511,1
3514,3
3517,8
3520,6
3523,79
3526,1
3529,3
3532,48
3535,71
3538,6
3541,1
3544,4
3547,78
3550,7
3553,3
3556,2
3559,3
3562,5
3565,47
3568,100
3571,1
3574,1
3577,1
3580,6
3583,4
3586,1
3589,4
3592,1
3595,9
3598,3
3601,66
3604,7
3607,4
3610,4
3613,7
3616,1
3619,5
3622,2
3625,1
3628,28
3631,6
3634,5
3637,704
3640,8
3643,651
3646,1
3649,4
3652,42
3655,1
3658,2
3661,515
3664,3
3667,4
3670,1
3673,2
3676,3
3679,1
3682,1
3685,6
3688,4
3691,1
3694,73
3697,1
3700,13
3703,3
3706,11
3709,4
3712,12
3715,2
3718,4
3721,187
3724,1
3727,12
3730,132
3733,18
3736,1
3739,1
3742,9
3745,87
3748,8
3751,38
3754,465
3757,4
3760,2
3763,2
3766,143
3769,4
3772,1
3775,1
3778,26
3781,1
3784,3
3787,1
3790,26
3793,24
3796,NA
3799,1
3802,4
3805,1
3808,6
3811,2
3814,7
3817,NA
3820,2
3823,3
3826,2
3829,1
3832,6
3835,31
3838,15
3841,1
3844,1
3847,13
3850,3
3853,186
3856,1
3859,4
3862,9
3865,3
3868,2
3871,54
3874,9
3877,1
3880,7
3883,10
3886,1
3889,5
3892,4
3895,11
3898,10
3901,1
3904,3
3907,1
3910,2
3913,38
3916,3
3919,1
3922,1
3925,2
3928,8
3931,15
3934,8
3937,9
3940,1
3943,3
3946,1
3949,4
3952,1
3955,5
3958,4
3961,7
3964,420
3967,38
3970,1
3973,2
3976,1
3979,8
3982,26
3985,1
3988,2
3991,5
3994,1
3997,14
4000,24
4003,4
4006,22
4009,1
4012,1
4015,2
4018,4
4021,2
4024,19
4027,6
4030,6
4033,2
4036,2
4039,7
4042,52
4045,1
4048,3
4051,30
4054,11
4057,2
4060,3
4063,180
4066,342
4069,3
4072,1
4075,3
4078,NA
4081,17
4084,29
4087,2
4090,3
4093,2
4096,5
4099,3
4102,1
4105,11
4108,2
4111,3
4114,1
4117,5
4120,5
4123,4
4126,2
4129,1
4132,4
4135,1
4138,2
4141,51
4144,16
4147,2
4150,1
4153,6
4156,7
4159,29
4162,1
4165,1
4168,4
4171,2
4174,1
4177,6
4180,2
4183,11
4186,1
4189,3
4192,22
4195,54
4198,2
4201,1
4204,1
4207,2
4210,4
4213,4
4216,1
4219,1
4222,2
4225,7
4228,18
4231,29
4234,35
4237,1
4240,2
4243,3
4246,7
4249,1
4252,10
4255,20
4258,3
4261,294
4264,1
4267,1
4270,8
4273,3
4276,1
4279,1
4282,1
4285,1
4288,8
4291,2
4294,384
4297,8
4300,9
4303,52
4306,2
4309,1
4312,5
4315,6
4318,6
4321,189
4324,1
4327,16
4330,1
4333,6
4336,3
4339,56
4342,1
4345,18
4348,15
4351,1
4354,17
4357,4
4360,1
4363,3
4366,1
4369,1
4372,NA
4375,2
4378,3
4381,1
4384,5
4387,82
4390,1
4393,8
4396,1
4399,NA
4402,10
4405,11
4408,10
4411,1
4414,32
4417,5
4420,14
4423,218
4426,1
4429,1
4432,206
4435,2
4438,2
4441,9
4444,1
4447,NA
4450,1
4453,163
4456,3
4459,8
4462,14
4465,58
4468,3
4471,1
4474,1
4477,2
4480,1
4483,NA
4486,2
4489,163
4492,1
4495,154
4498,191
4501,57
4504,3
4507,1
4510,1
4513,16
4516,3
4519,3
4522,1
4525,34
4528,4
4531,3
4534,32
4537,2
4540,177
4543,2
4546,10
4549,1
4552,4
4555,13
4558,8
4561,65
4564,148
4567,9
4570,865
4573,6
4576,2
4579,20
4582,2
4585,22
4588,4
4591,6
4594,5
4597,1
4600,1
4603,8
4606,1
4609,8
4612,2
4615,1
4618,8
4621,1
4624,239
4627,1
4630,4
4633,8
4636,1
4639,9
4642,13
4645,1
4648,12
4651,23
4654,1
4657,1
4660,1
4663,4
4666,50
4669,5
4672,6
4675,4
4678,12
4681,1
4684,4
4687,1
4690,6
4693,3
4696,2
4699,3
4702,1
4705,1
4708,2
4711,1
4714,144
4717,494
4720,3
4723,10
4726,2
4729,8
4732,1
4735,2
4738,8
4741,1
4744,1
4747,584
4750,2
4753,7
4756,3
4759,1
4762,36
4765,9
4768,2
4771,3
4774,1
4777,2
4780,NA
4783,827
4786,1
4789,1
4792,1
4795,1
4798,27
4801,NA
4804,3
4807,2
4810,9
4813,12
4816,5
4819,999
4822,5
4825,1
4828,3
4831,1
4834,13
4837,2
4840,20
4843,2
4846,3
4849,27
4852,1
4855,81
4858,6
4861,11
4864,1
4867,NA
4870,1
4873,3
4876,1
4879,1
4882,132
4885,2
4888,18
4891,67
4894,1
4897,1
4900,541
4903,2
4906,1
4909,5
4912,2
4915,39
4918,2
4921,1
4924,9
4927,2
4930,1
4933,18
4936,1
4939,1
4942,1
4945,17
4948,8
4951,6
4954,1
4957,57
4960,1
4963,35
4966,10
4969,1
4972,NA
4975,261
4978,2
4981,9
4984,24
4987,4
4990,1
4993,10
4996,1
4999,3
5002,6
5005,2
5008,2
5011,7
5014,3
5017,1
5020,116
5023,3
5026,3
5029,35
5032,16
5035,1
5038,7
5041,5
5044,1
5047,2
5050,3
5053,NA
5056,1
5059,1
5062,2
5065,13
5068,7
5071,129
5074,7
5077,13
5080,3
5083,2
5086,74
5089,68
5092,5
5095,24
5098,3
5101,3
5104,1
5107,1
5110,3
5113,2
5116,1
5119,4
5122,2
5125,11
5128,2
5131,1
5134,36
5137,1
5140,1
5143,3
5146,3
5149,77
5152,84
5155,3
5158,4
5161,1
5164,7
5167,81
5170,6
5173,10
5176,2
5179,40
5182,NA
5185,195
5188,19
5191,27
5194,4
5197,2
5200,7
5203,27
5206,1
5209,3
5212,38
5215,1
5218,4
5221,1
5224,1
5227,1
5230,NA
5233,12
5236,11
5239,5
5242,1
5245,3
5248,24
5251,1
5254,1
5257,2
5260,2
5263,7
5266,3
5269,7
5272,256
5275,2
5278,10
5281,3
5284,4
5287,1
5290,1
5293,19
5296,1
5299,1
5302,113
5305,2
5308,22
5311,NA
5314,39
5317,29
5320,9
5323,4
5326,1
5329,NA
5332,8
5335,1
5338,7
5341,1
5344,69
5347,1
5350,71
5353,3
5356,1
5359,11
5362,730
5365,18
5368,768
5371,1
5374,25
5377,2
5380,2
5383,4
5386,69
5389,1
5392,369
5395,6
5398,8
5401,NA
5404,1
5407,4
5410,8
5413,6
5416,3
5419,7
5422,1
5425,3
5428,406
5431,83
5434,21
5437,1
5440,1
5443,30
5446,6
5449,84
5452,1
5455,1
5458,18
5461,3
5464,1
5467,22
5470,2
5473,7
5476,39
5479,1
5482,1
5485,2
5488,3
5491,3
5494,1
5497,6
5500,1
5503,2
5506,1
5509,9
5512,28
5515,1
5518,12
5521,1
5524,1
5527,6
5530,1
5533,3
5536,2
5539,9
5542,12
5545,13
5548,20
5551,18
5554,24
5557,40
5560,NA
5563,2
5566,5
5569,1
5572,1
5575,418
5578,86
5581,1
5584,1
5587,2
5590,1
5593,30
5596,6
5599,13
5602,6
5605,2
5608,3
5611,21
5614,1
5617,2
5620,402
5623,22
5626,2
5629,5
5632,1
5635,1
5638,3
5641,2
5644,3
5647,1
5650,22
5653,3
5656,3
5659,8
5662,4
5665,6
5668,14
5671,1
5674,3
5677,1
5680,198
5683,4
5686,17
5689,84
5692,1
5695,1
5698,3
5701,5
5704,20
5707,4
5710,3
5713,NA
5716,3
5719,1
5722,2
5725,1
5728,3
5731,9
5734,5
5737,25
5740,2
5743,138
5746,1
5749,171
5752,45
5755,1
5758,6
5761,1
5764,11
5767,16
5770,1
5773,2
5776,1
5779,1
5782,956
5785,50
5788,2
5791,531
5794,3
5797,1
5800,47
5803,2
5806,10
5809,16
5812,965
5815,1
5818,19
5821,5
5824,3
5827,17
5830,30
5833,71
5836,102
5839,5
5842,6
5845,1
5848,2
5851,1
5854,1
5857,1
5860,17
5863,7
5866,2
5869,5
5872,25
5875,1
5878,106
5881,31
5884,1
5887,12
5890,8
5893,NA
5896,1
5899,NA
5902,5
5905,8
5908,2
5911,3
5914,1
5917,1
5920,270
5923,3
5926,1
5929,1
5932,20
5935,4
5938,18
5941,1
5944,3
5947,5
5950,7
5953,4
5956,422
5959,1
5962,4
5965,17
5968,75
5971,15
5974,3
5977,65
5980,3
5983,3
5986,1
5989,7
5992,1
5995,2
5998,2
6001,11
6004,8
6007,1
6010,3
6013,3
6016,3
6019,4
6022,1
6025,1
6028,NA
6031,1
6034,428
6037,154
6040,2
6043,11
6046,2
6049,1
6052,17
6055,208
6058,2
6061,1
6064,1
6067,13
6070,4
6073,6
6076,1
6079,4
6082,4
6085,1
6088,3
6091,1
6094,5
6097,141
6100,2
6103,7
6106,54
6109,1
6112,2
6115,2
6118,2
6121,10
6124,NA
6127,1
6130,1
6133,74
6136,2
6139,1
6142,216
6145,540
6148,823
6151,1
6154,8
6157,6
6160,7
6163,20
6166,1
6169,4
6172,21
6175,219
6178,NA
6181,2
6184,3
6187,1
6190,190
6193,2
6196,5
6199,9
6202,2
6205,2
6208,10
6211,3
6214,13
6217,17
6220,1
6223,19
6226,NA
6229,4
6232,1
6235,2
6238,2
6241,5
6244,1
6247,29
6250,4
6253,3
6256,1
6259,1
6262,1
6265,2
6268,4
6271,6
6274,1
6277,1
6280,1
6283,3
6286,102
6289,3
6292,8
6295,5
6298,3
6301,3
6304,7
6307,18
6310,4
6313,8
6316,7
6319,1
6322,1
6325,1
6328,11
6331,17
6334,13
6337,1
6340,1
6343,NA
6346,1
6349,1
6352,5
6355,1
6358,3
6361,1
6364,5
6367,18
6370,61
6373,303
6376,2
6379,12
6382,1
6385,2
6388,2
6391,1
6394,4
6397,1
6400,3
6403,2
6406,10
6409,1
6412,1
6415,3
6418,NA
6421,19
6424,16
6427,NA
6430,1
6433,4
6436,9
6439,13
6442,1
6445,24
6448,11
6451,1
6454,103
6457,33
6460,1
6463,3
6466,3
6469,1
6472,1
6475,1
6478,2
6481,5
6484,23
6487,2
6490,13
6493,2
6496,211
6499,4
6502,8
6505,5
6508,2
6511,1
6514,15
6517,1
6520,70
6523,4
6526,5
6529,3
6532,10
6535,3
6538,14
6541,2
6544,16
6547,1
6550,1
6553,2
6556,30
6559,141
6562,2
6565,2
6568,6
6571,NA
6574,1
6577,13
6580,1
6583,3
6586,2
6589,1
6592,1
6595,1
6598,63
6601,9
6604,4
6607,2
6610,30
6613,12
6616,11
6619,11
6622,1
6625,2
6628,2
6631,NA
6634,1
6637,88
6640,3
6643,19
6646,2
6649,1
6652,1
6655,1
6658,75
6661,1
6664,3
6667,2
6670,29
6673,10
6676,2
6679,3
6682,1
6685,3
6688,2
6691,1
6694,1
6697,9
6700,4
6703,74
6706,1
6709,29
6712,1
6715,11
6718,2
6721,1
6724,21
6727,1
6730,3
6733,2
6736,1
6739,1
6742,44
6745,133
6748,3
6751,10
6754,1
6757,17
6760,2
6763,2
6766,2
6769,1
6772,20
6775,1
6778,7
6781,50
6784,1
6787,1
6790,1
6793,6
6796,2
6799,12
6802,8
6805,2
6808,19
6811,31
6814,512
6817,17
6820,4
6823,2
6826,5
6829,8
6832,1
6835,14
6838,6
6841,3
6844,1
6847,77
6850,7
6853,10
6856,6
6859,5
6862,5
6865,13
6868,3
6871,3
6874,3
6877,4
6880,5
6883,7
6886,1
6889,1
6892,288
6895,3
6898,2
6901,70
6904,1
6907,1
6910,3
6913,2
6916,11
6919,95
6922,1
6925,NA
6928,19
6931,1
6934,1
6937,10
6940,2
6943,7
6946,6
6949,1
6952,32
6955,7
6958,11
6961,2
6964,4
6967,5
6970,3
6973,371
6976,1
6979,1
6982,14
6985,6
6988,10
6991,50
6994,NA
6997,1
7000,71
7003,34
7006,1
7009,1
7012,10
7015,2
7018,8
7021,1
7024,60
7027,2
7030,3
7033,4
7036,1
7039,19
7042,42
7045,8
7048,2
7051,3
7054,NA
7057,13
7060,559
7063,27
7066,3
7069,12
7072,1
7075,1
7078,11
7081,3
7084,5
7087,5
7090,1
7093,3
7096,1
7099,13
7102,1
7105,1
7108,602
7111,7
7114,13
7117,4
7120,1
7123,2
7126,2
7129,4
7132,173
7135,1
7138,7
7141,3
7144,5
7147,2
7150,2
7153,6
7156,3
7159,3
7162,1
7165,3
7168,6
7171,3
7174,4
7177,1
7180,2
7183,7
7186,2
7189,1
7192,9
7195,1
7198,4
7201,1
7204,11
7207,1
7210,6
7213,14
7216,7
7219,24
7222,265
7225,3
7228,11
7231,1
7234,4
7237,12
7240,1
7243,2
7246,3
7249,1
7252,1
7255,2
7258,2
7261,6
7264,261
7267,4
7270,2
7273,4
7276,3
7279,1
7282,1
7285,2
7288,2
7291,7
7294,53
7297,10
7300,10
7303,NA
7306,1
7309,1
7312,5
7315,12
7318,11
7321,142
7324,9
7327,2
7330,3
7333,38
7336,6
7339,5
7342,232
7345,1
7348,3
7351,1
7354,1
7357,10
7360,16
7363,11
7366,1
7369,8
7372,106
7375,2
7378,11
7381,3
7384,1
7387,1
7390,32
7393,3
7396,NA
7399,9
7402,20
7405,1
7408,6
7411,1
7414,3
7417,1
7420,2
7423,3
7426,2
7429,11
7432,1
7435,1
7438,8
7441,1
7444,3
7447,13
7450,375
7453,8
7456,2
7459,11
7462,1
7465,420
7468,2
7471,269
7474,NA
7477,1
7480,1
7483,2
7486,10
7489,13
7492,1
7495,60
7498,4
7501,19
7504,3
7507,2
7510,65
7513,90
7516,6
7519,1
7522,573
7525,2
7528,3
7531,1
7534,16
7537,22
7540,2
7543,7
7546,9
7549,101
7552,8
7555,3
7558,2
7561,1
7564,1
7567,37
7570,18
7573,130
7576,3
7579,24
7582,1
7585,25
7588,3
7591,2
7594,1
7597,5
7600,2
7603,11
7606,3
7609,3
7612,5
7615,NA
7618,3
7621,679
7624,1
7627,5
7630,1
7633,3
7636,11
7639,1
7642,1
7645,1
7648,2
7651,1
7654,5
7657,16
7660,3
7663,18
7666,5
7669,1
7672,1
7675,20
7678,8
7681,39
7684,295
7687,8
7690,1
7693,3
7696,5
7699,107
7702,9
7705,1
7708,4
7711,6
7714,5
7717,2
7720,19
7723,NA
7726,1
7729,7
7732,9
7735,4
7738,2
7741,1
7744,33
7747,2
7750,1
7753,42
7756,1
7759,4
7762,1
7765,1
7768,2
7771,3
7774,5
7777,1
7780,24
7783,7
7786,7
7789,9
7792,1
7795,3
7798,3
7801,NA
7804,7
7807,1
7810,2
7813,NA
7816,1
7819,5
7822,NA
7825,5
7828,35
7831,27
7834,1
7837,1
7840,2
7843,2
7846,1
7849,21
7852,8
7855,9
7858,6
7861,1
7864,28
7867,2
7870,3
7873,3
7876,5
7879,1
7882,18
7885,2
7888,2
7891,1
7894,84
7897,1
7900,17
7903,2
7906,2
7909,1
7912,1
7915,8
7918,2
7921,1
7924,5
7927,2
7930,1
7933,12
7936,1
7939,99
7942,1
7945,1
7948,6
7951,10
7954,1
7957,1
7960,1
7963,3
7966,3
7969,NA
7972,1
7975,1
7978,15
7981,2
7984,117
7987,26
7990,3
7993,2
7996,7
7999,3
8002,1
8005,2
8008,3
8011,6
8014,4
8017,9
8020,8
8023,3
8026,1
8029,4
8032,2
8035,5
8038,3
8041,1
8044,4
8047,1
8050,20
8053,138
8056,6
8059,1
8062,1
8065,NA
8068,2
8071,3
8074,9
8077,1
8080,17
8083,12
8086,2
8089,8
8092,1
8095,282
8098,6
8101,10
8104,1
8107,2
8110,2
8113,3
8116,2
8119,1
8122,6
8125,2
8128,23
8131,1
8134,1
8137,2
8140,1
8143,10
8146,1
8149,4
8152,2
8155,1
8158,8
8161,5
8164,1
8167,117
8170,1
8173,19
8176,11
8179,4
8182,2
8185,4
8188,3
8191,33
8194,1
8197,2
8200,2
8203,2
8206,21
8209,4
8212,1
8215,239
8218,3
8221,10
8224,5
8227,101
8230,3
8233,2
8236,1
8239,4
8242,2
8245,31
8248,47
8251,1
8254,4
8257,26
8260,8
8263,130
8266,2
8269,3
8272,1
8275,1
8278,2
8281,15
8284,21
8287,1
8290,10
8293,12
8296,2
8299,32
8302,2
8305,33
8308,2
8311,1
8314,NA
8317,28
8320,14
8323,19
8326,2
8329,7
8332,37
8335,1
8338,160
8341,2
8344,1
8347,2
8350,1
8353,3
8356,2
8359,1
8362,2
8365,8
8368,NA
8371,1
8374,4
8377,8
8380,4
8383,3
8386,1
8389,4
8392,2
8395,3
8398,3
8401,1
8404,3
8407,1
8410,5
8413,2
8416,1
8419,3
8422,9
8425,2
8428,2
8431,2
8434,5
8437,1
8440,1
8443,142
8446,5
8449,1
8452,5
8455,13
8458,4
8461,2
8464,1
8467,1
8470,1
8473,16
8476,1
8479,17
8482,1
8485,1
8488,2
8491,2
8494,4
8497,1
8500,1
8503,2
8506,709
8509,8
8512,2
8515,2
8518,14
8521,1
8524,9
8527,1
8530,2
8533,4
8536,3
8539,20
8542,117
8545,2
8548,74
8551,266
8554,11
8557,2
8560,1
8563,118
8566,115
8569,4
8572,2
8575,1
8578,3
8581,1
8584,1
8587,1
8590,4
8593,2
8596,2
8599,5
8602,677
8605,1
8608,4
8611,2
8614,1
8617,6
8620,4
8623,2
8626,5
8629,NA
8632,5
8635,9
8638,35
8641,6
8644,35
8647,4
8650,8
8653,4
8656,25
8659,1
8662,48
8665,31
8668,12
8671,2
8674,1
8677,8
8680,3
8683,4
8686,1
8689,4
8692,1
8695,1
8698,15
8701,2
8704,5
8707,442
8710,4
8713,2
8716,1
8719,11
8722,1
8725,30
8728,12
8731,1
8734,1
8737,2
8740,1
8743,27
8746,11
8749,43
8752,6
8755,4
8758,395
8761,NA
8764,7
8767,2
8770,1
8773,6
8776,45
8779,7
8782,1
8785,2
8788,2
8791,1
8794,15
8797,64
8800,2
8803,2
8806,3
8809,3
8812,1
8815,1
8818,3
8821,1
8824,3
8827,1
8830,NA
8833,20
8836,1
8839,13
8842,9
8845,7
8848,3
8851,27
8854,1
8857,40
8860,1
8863,10
8866,1
8869,1
8872,8
8875,40
8878,NA
8881,1
8884,1
8887,1
8890,9
8893,10
8896,1
8899,1
8902,4
8905,1
8908,15
8911,2
8914,35
8917,2
8920,5
8923,40
8926,75
8929,1
8932,1
8935,2
8938,6
8941,NA
8944,132
8947,1
8950,1
8953,7
8956,86
8959,16
8962,4
8965,3
8968,231
8971,3
8974,37
8977,4
8980,250
8983,3
8986,3
8989,8
8992,1
8995,1
8998,2
9001,1
9004,101
9007,2
9010,2
9013,210
9016,2
9019,3
9022,4
9025,1
9028,20
9031,3
9034,1
9037,4
9040,8
9043,12
9046,294
9049,1
9052,1
9055,8
9058,2
9061,10
9064,8
9067,12
9070,1
9073,28
9076,1
9079,3
9082,2
9085,1
9088,10
9091,3
9094,1
9097,6
9100,2
9103,3
9106,5
9109,133
9112,20
9115,1
9118,8
9121,2
9124,NA
9127,5
9130,73
9133,2
9136,5
9139,24
9142,1
9145,4
9148,30
9151,6
9154,3
9157,53
9160,2
9163,2
9166,NA
9169,1
9172,5
9175,8
9178,3
9181,1
9184,3
9187,6
9190,35
9193,3
9196,3
9199,1
9202,9
9205,33
9208,3
9211,5
9214,87
9217,4
9220,1
9223,2
9226,1
9229,4
9232,1
9235,1
9238,12
9241,3
9244,1
9247,42
9250,4
9253,2
9256,561
9259,7
9262,5
9265,1
9268,4
9271,5
9274,16
9277,5
9280,1
9283,19
9286,2
9289,1
9292,42
9295,8
9298,11
9301,3
9304,NA
9307,128
9310,36
9313,2
9316,1
9319,73
9322,13
9325,1
9328,12
9331,2
9334,8
9337,2
9340,43
9343,4
9346,1
9349,5
9352,9
9355,2
9358,7
9361,3
9364,4
9367,1
9370,2
9373,3
9376,9
9379,1
9382,1
9385,7
9388,3
9391,1
9394,3
9397,29
9400,2
9403,3
9406,2
9409,NA
9412,2
9415,1
9418,4
9421,25
9424,1
9427,1
9430,2
9433,127
9436,2
9439,16
9442,1
9445,9
9448,14
9451,1
9454,8
9457,1
9460,9
9463,11
9466,1
9469,48
9472,62
9475,1
9478,32
9481,366
9484,1
9487,12
9490,94
9493,8
9496,19
9499,1
9502,62
9505,1
9508,10
9511,1
9514,7
9517,5
9520,1
9523,4
9526,119
9529,35
9532,1
9535,2
9538,3
9541,1
9544,172
9547,1
9550,1
9553,2
9556,33
9559,1
9562,25
9565,2
9568,22
9571,6
9574,8
9577,1
9580,29
9583,3
9586,2
9589,5
9592,6
9595,1
9598,8
9601,7
9604,621
9607,124
9610,2
9613,3
9616,13
9619,16
9622,2
9625,1
9628,2
9631,18
9634,4
9637,1
9640,5
9643,2
9646,1
9649,12
9652,1
9655,12
9658,6
9661,7
9664,5
9667,5
9670,8
9673,28
9676,NA
9679,1
9682,9
9685,1
9688,782
9691,5
9694,19
9697,4
9700,4
9703,8
9706,3
9709,17
9712,NA
9715,1
9718,51
9721,14
9724,15
9727,1
9730,1
9733,35
9736,1
9739,NA
9742,1
9745,3
9748,2
9751,10
9754,183
9757,1
9760,4
9763,2
9766,237
9769,7
9772,6
9775,5
9778,11
9781,70
9784,3
9787,1
9790,1
9793,2
9796,14
9799,12
9802,1
9805,1
9808,7
9811,7
9814,80
9817,5
9820,8
9823,7
9826,7
9829,1
9832,13
9835,1
9838,4
9841,5
9844,1
9847,12
9850,15
9853,6
9856,758
9859,4
9862,1
9865,47
9868,7
9871,19
9874,1
9877,2
9880,3
9883,2
9886,1
9889,1
9892,1
9895,1
9898,2
9901,2
9904,1
9907,1
9910,1
9913,3
9916,18
9919,1
9922,6
9925,77
9928,12
9931,2
9934,567
9937,8
9940,1
9943,2
9946,1
9949,1
9952,49
9955,2
9958,11
9961,1
9964,248
9967,NA
9970,4
9973,20
9976,11
9979,1
9982,1
9985,3
9988,NA
9991,6
9994,836
9997,22
10000,NA
10003,4
10006,3
10009,1
10012,5
10015,6
10018,11
10021,11
10024,205
10027,12
10030,17
10033,22
10036,NA
10039,3
10042,2
10045,1
10048,158
10051,53
10054,7
10057,42
10060,1
10063,83
10066,3
10069,653
10072,8
10075,NA
10078,2
10081,5
10084,21
10087,1
10090,921
10093,2
10096,30
10099,1
10102,14
10105,2
10108,2
10111,2
10114,1
10117,1
10120,8
10123,106
10126,935
10129,5
10132,368
10135,4
10138,52
10141,10
10144,28
10147,NA
10150,2
10153,8
10156,1
10159,4
10162,NA
10165,4
10168,6
10171,1
10174,3
10177,5
10180,10
10183,8
10186,11
10189,5
10192,1
10195,29
10198,18
10201,1
10204,1
10207,1
10210,1
10213,2
10216,2
10219,236
10222,132
10225,4
10228,2
10231,3
10234,1
10237,2
10240,4
10243,12
10246,6
10249,1
10252,1
10255,1
10258,3
10261,7
10264,1
10267,10
10270,3
10273,7
10276,2
10279,5
10282,12
10285,136
10288,31
10291,14
10294,3
10297,9
10300,8
10303,2
10306,5
10309,40
10312,205
10315,1
10318,12
10321,35
10324,1
10327,28
10330,3
10333,14
10336,2
10339,1
10342,6
10345,6
10348,3
10351,1
10354,1
10357,6
10360,5
10363,3
10366,110
10369,5
10372,1
10375,1
10378,3
10381,5
10384,5
10387,2
10390,29
10393,3
10396,1
10399,5
10402,9
10405,6
10408,10
10411,5
10414,43
10417,1
10420,1
10423,27
10426,10
10429,13
10432,69
10435,4
10438,4
10441,59
10444,1
10447,5
10450,55
10453,4
10456,99
10459,3
10462,2
10465,1
10468,179
10471,2
10474,1
10477,10
10480,1
10483,6
10486,1
10489,5
10492,2
10495,1
10498,834
10501,46
10504,44
10507,1
10510,6
10513,22
10516,1
10519,16
10522,17
10525,5
10528,4
10531,3
10534,4
10537,6
10540,4
10543,2
10546,1
10549,37
10552,10
10555,2
10558,4
10561,2
10564,23
10567,2
10570,1
10573,4
10576,6
10579,4
10582,1
10585,26
10588,11
10591,3
10594,4
10597,5
10600,1
10603,6
10606,1
10609,3
10612,8
10615,3
10618,2
10621,1
10624,9
10627,1
10630,1
10633,2
10636,2
10639,4
10642,21
10645,1
10648,2
10651,2
10654,1
10657,4
10660,1
10663,15
10666,2
10669,1
10672,1
10675,3
10678,167
10681,7
10684,84
10687,58
10690,10
10693,2
10696,53
10699,4
10702,24
10705,6
10708,355
10711,41
10714,1
10717,2
10720,6
10723,4
10726,1
10729,21
10732,4
10735,2
10738,7
10741,3
10744,4
10747,4
10750,6
10753,47
10756,2
10759,8
10762,4
10765,1
10768,3
10771,2
10774,3
10777,2
10780,9
10783,2
10786,25
10789,940
10792,1
10795,5
10798,3
10801,1
10804,4
10807,16
10810,1
10813,276
10816,15
10819,1
10822,4
10825,136
10828,6
10831,1
10834,1
10837,1
10840,2
10843,2
10846,390
10849,17
10852,46
10855,12
10858,499
10861,29
10864,40
10867,14
10870,1
10873,383
10876,2
10879,1
10882,1
10885,1
10888,32
10891,NA
10894,13
10897,2
10900,8
10903,27
10906,NA
10909,4
10912,1
10915,1
10918,7
10921,2
10924,1
10927,4
10930,2
10933,11
10936,1
10939,1
10942,28
10945,1
10948,2
10951,165
10954,4
10957,NA
10960,3
10963,183
10966,2
10969,3
10972,5
10975,1
10978,27
10981,1
10984,1
10987,233
10990,1
10993,4
10996,1
10999,1
11002,1
11005,2
11008,20
11011,1
11014,5
11017,4
11020,10
11023,7
11026,1
11029,1
11032,4
11035,12
11038,8
11041,25
11044,43
11047,2
11050,2
11053,47
11056,NA
11059,1
11062,1
11065,1
11068,3
11071,1
11074,11
11077,20
11080,2
11083,6
11086,NA
11089,4
11092,14
11095,6
11098,138
11101,2
11104,255
11107,1
11110,2
11113,2
11116,1
11119,NA
11122,8
11125,3
11128,4
11131,2
11134,132
11137,1
11140,2
11143,250
11146,30
11149,1
11152,2
11155,1
11158,6
11161,10
11164,29
11167,1
11170,1
11173,8
11176,1
11179,1
11182,2
11185,13
11188,3
11191,9
11194,4
11197,2
11200,1
11203,28
11206,1
11209,3
11212,2
11215,1
11218,2
11221,1
11224,11
11227,1
11230,1
11233,39
11236,7
11239,5
11242,101
11245,26
11248,6
11251,10
11254,1
11257,1
11260,1
11263,16
11266,5
11269,1
11272,1
11275,2
11278,2
11281,2
11284,3
11287,2
11290,10
11293,22
11296,235
11299,23
11302,17
11305,1
11308,2
11311,1
11314,1
11317,4
11320,2
11323,158
11326,1
11329,11
11332,18
11335,1
11338,2
11341,5
11344,5
11347,2
11350,4
11353,6
11356,1
11359,3
11362,4
11365,1
11368,146
11371,3
11374,1
11377,1
11380,2
11383,2
11386,14
11389,1
11392,10
11395,1
11398,3
11401,130
11404,1
11407,1
11410,9
11413,2
11416,5
11419,13
11422,4
11425,1
11428,50
11431,1
11434,131
11437,4
11440,1
11443,26
11446,1
11449,483
11452,6
11455,23
11458,10
11461,1
11464,4
11467,50
11470,13
11473,3
11476,2
11479,23
11482,12
11485,NA
11488,4
11491,109
11494,1
11497,2
11500,7
11503,7
11506,1
11509,16
11512,2
11515,10
11518,144
11521,18
11524,1
11527,4
11530,5
11533,NA
11536,2
11539,39
11542,1
11545,9
11548,2
11551,94
11554,35
11557,1
11560,5
11563,10
11566,1
11569,1
11572,1
11575,12
11578,3
11581,2
11584,11
11587,96
11590,1
11593,3
11596,1
11599,237
11602,65
11605,29
11608,19
11611,2
11614,568
11617,48
11620,1
11623,2
11626,1
11629,1
11632,92
11635,1
11638,3
11641,21
11644,11
11647,12
11650,4
11653,3
11656,13
11659,1
11662,2
11665,NA
11668,11
11671,17
11674,1
11677,2
11680,2
11683,3
11686,6
11689,1
11692,1
11695,14
11698,11
11701,2
11704,15
11707,5
11710,5
11713,18
11716,1
11719,1
11722,1
11725,1
11728,NA
11731,1
11734,5
11737,1
11740,49
11743,2
11746,3
11749,12
11752,1
11755,1
11758,15
11761,1
11764,1
11767,1
11770,6
11773,4
11776,29
11779,3
11782,1
11785,14
11788,10
11791,2
11794,5
11797,5
11800,1
11803,2
11806,65
11809,4
11812,2
11815,13
11818,3
11821,46
11824,32
11827,NA
11830,2
11833,3
11836,1
11839,1
11842,6
11845,2
11848,14
11851,1
11854,12
11857,4
11860,4
11863,3
11866,27
11869,1
11872,2
11875,2
11878,7
11881,1
11884,NA
11887,8
11890,321
11893,2
11896,2
11899,1
11902,5
11905,20
11908,2
11911,2
11914,3
11917,9
11920,1
11923,3
11926,3
11929,NA
11932,1
11935,2
11938,2
11941,145
11944,3
11947,36
11950,1
11953,15
11956,7
11959,8
11962,28
11965,9
11968,2
11971,2
11974,1
11977,2
11980,6
11983,11
11986,17
11989,3
11992,2
11995,15
11998,80
12001,3
12004,1
12007,1
12010,2
12013,99
12016,1
12019,1
12022,9
12025,4
12028,48
12031,1
12034,4
12037,5
12040,45
12043,3
12046,1
12049,53
12052,1
12055,1
12058,2
12061,2
12064,128
12067,2
12070,9
12073,34
12076,2
12079,NA
12082,1
12085,4
12088,7
12091,3
12094,1
12097,1
12100,5
12103,2
12106,5
12109,5
12112,4
12115,6
12118,3
12121,1
12124,1
12127,2
12130,1
12133,42
12136,2
12139,11
12142,168
12145,56
12148,8
12151,1
12154,5
12157,13
12160,2
12163,2
12166,2
12169,NA
12172,8
12175,3
12178,2
12181,1
12184,1
12187,4
12190,5
12193,6
12196,1
12199,1
12202,NA
12205,13
12208,140
12211,NA
12214,8
12217,9
12220,2
12223,2
12226,1
12229,36
12232,4
12235,1
12238,6
12241,10
12244,7
12247,1
12250,1
12253,2
12256,2
12259,15
12262,1
12265,2
12268,6
12271,2
12274,3
12277,1
12280,1
12283,NA
12286,1
12289,3
12292,2
12295,6
12298,7
12301,1
12304,1
12307,9
12310,6
12313,15
12316,17
12319,12
12322,4
12325,2
12328,3
12331,1
12334,21
12337,10
12340,654
12343,4
12346,1
12349,5
12352,2
12355,8
12358,3
12361,1
12364,1
12367,2
12370,7
12373,467
12376,1
12379,41
12382,2
12385,9
12388,2
12391,1
12394,1
12397,1
12400,5
12403,2
12406,3
12409,163
12412,10
12415,8
12418,2
12421,5
12424,1
12427,1
12430,6
12433,2
12436,2
12439,4
12442,9
12445,30
12448,3
12451,15
12454,1
12457,1
12460,1
12463,10
12466,2
12469,1
12472,10
12475,9
12478,6
12481,149
12484,28
12487,1
12490,5
12493,2
12496,1
12499,5
12502,5
12505,60
12508,2
12511,1
12514,1
12517,1
12520,2
12523,91
12526,3
12529,11
12532,4
12535,3
12538,4
12541,21
12544,1
12547,NA
12550,10
12553,6
12556,51
12559,29
12562,NA
12565,14
12568,23
12571,673
12574,24
12577,1
12580,4
12583,2
12586,1
12589,11
12592,2
12595,1
12598,4
12601,1
12604,7
12607,4
12610,3
12613,2
12616,5
12619,1
12622,1
12625,24
12628,19
12631,35
12634,1
12637,17
12640,6
12643,26
12646,9
12649,1
12652,6
12655,1
12658,340
12661,7
12664,1
12667,9
12670,138
12673,2
12676,11
12679,1
12682,1
12685,2
12688,6
12691,1
12694,3
12697,1
12700,25
12703,10
12706,1
12709,1
12712,2
12715,2
12718,16
12721,1
12724,3
12727,2
12730,42
12733,3
12736,274
12739,49
12742,5
12745,1
12748,3
12751,1
12754,331
12757,4
12760,4
12763,36
12766,1
12769,3
12772,2
12775,1
12778,2
12781,2
12784,4
12787,10
12790,1
12793,2
12796,7
12799,17
12802,89
12805,1
12808,6
12811,3
12814,1
12817,14
12820,5
12823,4
12826,1
12829,157
12832,1
12835,3
12838,196
12841,3
12844,1
12847,1
12850,32
12853,31
12856,1
12859,1
12862,14
12865,1
12868,227
12871,1
12874,40
12877,1
12880,2
12883,3
12886,1
12889,3
12892,1
12895,1
12898,367
12901,2
12904,3
12907,1
12910,185
12913,3
12916,1
12919,167
12922,1
12925,8
12928,2
12931,23
12934,7
12937,1
12940,3
12943,2
12946,3
12949,1
12952,6
12955,2
12958,22
12961,1
12964,3
12967,4
12970,1
12973,16
12976,1
12979,1
12982,12
12985,12
12988,4
12991,1
12994,4
12997,12
13000,3
13003,3
13006,6
13009,17
13012,5
13015,4
13018,2
13021,33
13024,17
13027,17
13030,46
13033,55
13036,6
13039,1
13042,2
13045,1
13048,10
13051,2
13054,13
13057,13
13060,2
13063,2
13066,2
13069,4
13072,4
13075,30
13078,4
13081,14
13084,585
13087,1
13090,1
13093,11
13096,6
13099,7
13102,34
13105,3
13108,3
13111,2
13114,3
13117,1
13120,1
13123,4
13126,NA
13129,1
13132,394
13135,2
13138,6
13141,NA
13144,49
13147,46
13150,1
13153,12
13156,3
13159,5
13162,1
13165,10
13168,4
13171,1
13174,1
13177,41
13180,12
13183,3
13186,10
13189,5
13192,29
13195,6
13198,119
13201,1
13204,1
13207,25
13210,2
13213,11
13216,1
13219,8
13222,2
13225,507
13228,3
13231,17
13234,27
13237,13
13240,22
13243,43
13246,6
13249,1
13252,1
13255,1
13258,2
13261,2
13264,7
13267,1
13270,3
13273,2
13276,2
13279,4
13282,5
13285,270
13288,3
13291,2
13294,1
13297,74
13300,1
13303,10
13306,5
13309,12
13312,1
13315,2
13318,3
13321,1
13324,281
13327,1
13330,5
13333,4
13336,23
13339,5
13342,2
13345,22
13348,2
13351,3
13354,9
13357,1
13360,1
13363,7
13366,22
13369,1
13372,10
13375,13
13378,2
13381,1
13384,5
13387,2
13390,2
13393,19
13396,2
13399,1
13402,14
13405,3
13408,6
13411,5
13414,12
13417,2
13420,2
13423,979
13426,5
13429,5
13432,8
13435,5
13438,15
13441,2
13444,1
13447,1
13450,2
13453,2
13456,1
13459,1
13462,5
13465,2
13468,63
13471,2
13474,36
13477,4
13480,1
13483,3
13486,17
13489,4
13492,5
13495,5
13498,4
13501,6
13504,5
13507,1
13510,1
13513,2
13516,37
13519,11
13522,6
13525,16
13528,8
13531,NA
13534,3
13537,34
13540,3
13543,2
13546,1
13549,96
13552,1
13555,4
13558,71
13561,9
13564,1
13567,4
13570,2
13573,4
13576,18
13579,17
13582,4
13585,40
13588,319
13591,1
13594,4
13597,8
13600,1
13603,3
13606,1
13609,5
13612,1
13615,86
13618,6
13621,2
13624,3
13627,18
13630,3
13633,39
13636,1
13639,16
13642,1
13645,28
13648,2
13651,1
13654,67
13657,1
13660,4
13663,2
13666,11
13669,4
13672,1
13675,1
13678,2
13681,3
13684,1
13687,1
13690,1
13693,27
13696,21
13699,8
13702,8
13705,1
13708,10
13711,262
13714,1
13717,1
13720,2
13723,50
13726,145
13729,1
13732,1
13735,1
13738,30
13741,2
13744,3
13747,6
13750,1
13753,26
13756,1
13759,43
13762,1
13765,4
13768,NA
13771,3
13774,3
13777,68
13780,1
13783,6
13786,2
13789,17
13792,NA
13795,12
13798,4
13801,5
13804,5
13807,2
13810,31
13813,3
13816,3
13819,11
13822,1
13825,13
13828,24
13831,46
13834,4
13837,338
13840,3
13843,2
13846,26
13849,128
13852,2
13855,3
13858,20
13861,17
13864,1
13867,13
13870,120
13873,2
13876,1
13879,12
13882,1
13885,2
13888,2
13891,NA
13894,11
13897,4
13900,2
13903,2
13906,3
13909,1
13912,6
13915,1
13918,12
13921,2
13924,3
13927,218
13930,1
13933,3
13936,1
13939,3
13942,16
13945,37
13948,24
13951,5
13954,124
13957,2
13960,1
13963,46
13966,1
13969,3
13972,9
13975,22
13978,2
13981,22
13984,1
13987,137
13990,3
13993,3
13996,5
13999,25
14002,25
14005,1
14008,16
14011,2
14014,8
14017,29
14020,5
14023,19
14026,2
14029,1
14032,2
14035,1
14038,3
14041,1
14044,1
14047,1
14050,16
14053,8
14056,3
14059,4
14062,5
14065,5
14068,2
14071,10
14074,3
14077,1
14080,3
14083,4
14086,1
14089,105
14092,2
14095,NA
14098,4
14101,35
14104,4
14107,1
14110,6
14113,3
14116,1
14119,3
14122,24
14125,1
14128,11
14131,1
14134,1
14137,1
14140,1
14143,28
14146,14
14149,4
14152,2
14155,2
14158,2
14161,NA
14164,3
14167,38
14170,1
14173,3
14176,3
14179,5
14182,1
14185,11
14188,NA
14191,3
14194,3
14197,1
14200,1
14203,2
14206,2
14209,5
14212,345
14215,2
14218,263
14221,122
14224,1
14227,5
14230,2
14233,3
14236,1
14239,1
14242,NA
14245,21
14248,12
14251,1
14254,24
14257,NA
14260,1
14263,26
14266,2
14269,5
14272,1
14275,NA
14278,12
14281,1
14284,27
14287,110
14290,3
14293,8
14296,6
14299,4
14302,1
14305,2
14308,2
14311,22
14314,1
14317,1
14320,10
14323,2
14326,5
14329,1
14332,34
14335,1
14338,16
14341,1
14344,1
14347,17
14350,1
14353,74
14356,2
14359,71
14362,348
14365,1
14368,6
14371,1
14374,4
14377,2
14380,25
14383,39
14386,10
14389,1
14392,4
14395,2
14398,7
14401,3
14404,1
14407,2
14410,6
14413,6
14416,2
14419,4
14422,1
14425,3
14428,4
14431,9
14434,1
14437,2
14440,6
14443,211
14446,2
14449,3
14452,5
14455,1
14458,224
14461,10
14464,1
14467,1
14470,1
14473,2
14476,1
14479,4
14482,1
14485,3
14488,2
14491,10
14494,79
14497,73
14500,5
14503,7
14506,7
14509,3
14512,124
14515,6
14518,84
14521,14
14524,NA
14527,1
14530,1
14533,2
14536,1
14539,7
14542,2
14545,7
14548,16
14551,2
14554,1
14557,14
14560,1
14563,NA
14566,7
14569,1
14572,4
14575,2
14578,2
14581,2
14584,5
14587,1
14590,13
14593,2
14596,3
14599,1
14602,6
14605,6
14608,276
14611,42
14614,NA
14617,4
14620,1
14623,14
14626,17
14629,60
14632,1
14635,2
14638,15
14641,1
14644,37
14647,22
14650,2
14653,4
14656,1
14659,1
14662,1
14665,23
14668,2
14671,1
14674,4
14677,4
14680,9
14683,39
14686,1
14689,4
14692,361
14695,11
14698,4
14701,1
14704,1
14707,8
14710,96
14713,2
14716,5
14719,43
14722,5
14725,1
14728,8
14731,93
14734,1
14737,4
14740,2
14743,11
14746,1
14749,8
14752,2
14755,4
14758,47
14761,1
14764,1
14767,2
14770,540
14773,2
14776,1
14779,16
14782,8
14785,1
14788,978
14791,10
14794,5
14797,1
14800,1
14803,7
14806,2
14809,1
14812,2
14815,34
14818,2
14821,10
14824,80
14827,13
14830,2
14833,3
14836,3
14839,1
14842,5
14845,1
14848,4
14851,3
14854,8
14857,4
14860,1
14863,7
14866,37
14869,8
14872,1
14875,1
14878,3
14881,7
14884,239
14887,1
14890,1
14893,111
14896,1
14899,5
14902,1
14905,6
14908,291
14911,1
14914,5
14917,18
14920,24
14923,22
14926,1
14929,40
14932,10
14935,1
14938,2
14941,NA
14944,1
14947,9
14950,2
14953,3
14956,7
14959,3
14962,4
14965,1
14968,3
14971,3
14974,1
14977,2
14980,2
14983,6
14986,NA
14989,35
14992,1
14995,1
14998,11
15001,42
15004,4
15007,2
15010,3
15013,3
15016,2
15019,1
15022,76
15025,2
15028,2
15031,1
15034,1
15037,1
15040,1
15043,2
15046,NA
15049,8
15052,1
15055,1
15058,7
15061,1
15064,3
15067,5
15070,5
15073,7
15076,1
15079,7
15082,8
15085,3
15088,3
15091,1
15094,1
15097,1
15100,2
15103,14
15106,15
15109,3
15112,2
15115,1
15118,16
15121,2
15124,3
15127,64
15130,5
15133,16
15136,NA
15139,1
15142,41
15145,15
15148,36
15151,5
15154,1
15157,6
15160,273
15163,7
15166,1
15169,9
15172,125
15175,6
15178,364
15181,39
15184,4
15187,1
15190,5
15193,3
15196,2
15199,15
15202,2
15205,1
15208,2
15211,2
15214,4
15217,1
15220,82
15223,8
15226,45
15229,8
15232,17
15235,623
15238,90
15241,5
15244,4
15247,1
15250,1
15253,2
15256,14
15259,95
15262,1
15265,9
15268,4
15271,NA
15274,19
15277,2
15280,2
15283,30
15286,2
15289,1
15292,6
15295,6
15298,20
15301,1
15304,9
15307,1
15310,7
15313,11
15316,1
15319,15
15322,4
15325,1
15328,8
15331,1
15334,43
15337,2
15340,2
15343,NA
15346,3
15349,NA
15352,5
15355,1
15358,2
15361,22
15364,4
15367,4
15370,224
15373,2
15376,219
15379,37
15382,9
15385,12
15388,3
15391,1
15394,1
15397,1
15400,2
15403,NA
15406,139
15409,4
15412,94
15415,5
15418,3
15421,42
15424,20
15427,1
15430,4
15433,28
15436,1
15439,25
15442,18
15445,17
15448,10
15451,3
15454,4
15457,10
15460,1
15463,3
15466,3
15469,59
15472,6
15475,4
15478,3
15481,939
15484,1
15487,146
15490,1
15493,NA
15496,1
15499,3
15502,2
15505,1
15508,NA
15511,2
15514,4
15517,14
15520,4
15523,3
15526,63
15529,60
15532,78
15535,7
15538,2
15541,3
15544,1
15547,6
15550,308
15553,4
15556,1
15559,1
15562,2
15565,1
15568,36
15571,2
15574,85
15577,6
15580,1
15583,67
15586,2
15589,9
15592,5
15595,6
15598,11
15601,1
15604,711
15607,57
15610,9
15613,550
15616,139
15619,1
15622,1
15625,293
15628,2
15631,1
15634,NA
15637,29
15640,4
15643,12
15646,10
15649,3
15652,1
15655,2
15658,2
15661,1
15664,1
15667,1
15670,1
15673,2
15676,33
15679,NA
15682,NA
15685,2
15688,35
15691,2
15694,8
15697,2
15700,4
15703,31
15706,2
15709,8
15712,89
15715,2
15718,16
15721,6
15724,1
15727,4
15730,1
15733,2
15736,9
15739,3
15742,1
15745,3
15748,6
15751,1
15754,3
15757,1
15760,4
15763,2
15766,305
15769,128
15772,2
15775,19
15778,3
15781,221
15784,1
15787,9
15790,3
15793,63
15796,1
15799,16
15802,6
15805,2
15808,27
15811,1
15814,16
15817,54
15820,1
15823,2
15826,1
15829,1
15832,1
15835,2
15838,180
15841,7
15844,8
15847,1
15850,19
15853,4
15856,3
15859,37
15862,4
15865,12
15868,2
15871,239
15874,1
15877,1
15880,3
15883,8
15886,2
15889,5
15892,105
15895,4
15898,2
15901,11
15904,4
15907,2
15910,1
15913,11
15916,1
15919,5
15922,2
15925,1
15928,32
15931,1
15934,1
15937,289
15940,2
15943,8
15946,1
15949,3
15952,16
15955,36
15958,3
15961,2
15964,11
15967,1
15970,34
15973,4
15976,79
15979,4
15982,1
15985,2
15988,7
15991,10
15994,1
15997,NA
16000,2
16003,10
16006,1
16009,125
16012,717
16015,1
16018,28
16021,1
16024,NA
16027,5
16030,1
16033,420
16036,2
16039,4
16042,4
16045,5
16048,3
16051,209
16054,12
16057,1
16060,7
16063,2
16066,2
16069,9
16072,6
16075,6
16078,112
16081,5
16084,1
16087,68
16090,11
16093,38
16096,2
16099,1
16102,10
16105,1
16108,3
16111,2
16114,3
16117,9
16120,1
16123,99
16126,3
16129,1
16132,1
16135,3
16138,12
16141,1
16144,7
16147,14
16150,2
16153,66
16156,2
16159,3
16162,6
16165,7
16168,40
16171,1
16174,1
16177,1
16180,9
16183,4
16186,3
16189,1
16192,9
16195,41
16198,172
16201,5
16204,13
16207,1
16210,2
16213,10
16216,1
16219,1
16222,21
16225,22
16228,4
16231,9
16234,4
16237,1
16240,1
16243,11
16246,11
16249,12
16252,2
16255,1
16258,2
16261,6
16264,3
16267,2
16270,1
16273,171
16276,1
16279,8
16282,5
16285,6
16288,7
16291,1
16294,44
16297,2
16300,2
16303,2
16306,146
16309,1
16312,NA
16315,1
16318,3
16321,2
16324,1
16327,2
16330,1
16333,3
16336,1
16339,45
16342,2
16345,1
16348,2
16351,131
16354,5
16357,85
16360,1
16363,7
16366,90
16369,4
16372,4
16375,11
16378,7
16381,1
16384,1
16387,21
16390,46
16393,2
16396,1
16399,3
16402,1
16405,80
16408,72
16411,2
16414,28
16417,141
16420,2
16423,2
16426,2
16429,4
16432,2
16435,7
16438,3
16441,3
16444,680
16447,5
16450,95
16453,6
16456,1
16459,1
16462,2
16465,7
16468,2
16471,1
16474,8
16477,12
16480,1
16483,2
16486,1
16489,9
16492,6
16495,4
16498,14
16501,9
16504,1
16507,20
16510,73
16513,11
16516,2
16519,1
16522,1
16525,1
16528,10
16531,2
16534,NA
16537,8
16540,4
16543,103
16546,22
16549,13
16552,6
16555,9
16558,4
16561,1
16564,195
16567,1
16570,8
16573,2
16576,2
16579,15
16582,2
16585,42
16588,2
16591,29
16594,1
16597,5
16600,2
16603,134
16606,1
16609,4
16612,1
16615,1
16618,39
16621,18
16624,24
16627,5
16630,3
16633,NA
16636,6
16639,1
16642,2
16645,5
16648,31
16651,2
16654,7
16657,1
16660,2
16663,4
16666,1
16669,5
16672,1
16675,1
16678,8
16681,2
16684,3
16687,6
16690,1
16693,28
16696,7
16699,1
16702,8
16705,52
16708,12
16711,1
16714,75
16717,2
16720,1
16723,2
16726,9
16729,13
16732,13
16735,3
16738,2
16741,2
16744,1
16747,5
16750,4
16753,NA
16756,NA
16759,3
16762,9
16765,8
16768,14
16771,1
16774,4
16777,1
16780,5
16783,3
16786,1
16789,4
16792,1
16795,4
16798,6
16801,905
16804,9
16807,16
16810,3
16813,91
16816,3
16819,4
16822,769
16825,1
16828,2
16831,3
16834,13
16837,1
16840,42
16843,3
16846,27
16849,4
16852,2
16855,20
16858,78
16861,22
16864,1
16867,5
16870,4
16873,8
16876,7
16879,1
16882,1
16885,1
16888,95
16891,1
16894,5
16897,144
16900,1
16903,24
16906,1
16909,3
16912,1
16915,6
16918,2
16921,10
16924,1
16927,77
16930,6
16933,3
16936,5
16939,1
16942,6
16945,13
16948,3
16951,5
16954,NA
16957,40
16960,2
16963,12
16966,1
16969,160
16972,50
16975,3
16978,176
16981,5
16984,1
16987,1
16990,127
16993,14
16996,1
16999,4
17002,8
17005,1
17008,2
17011,NA
17014,24
17017,282
17020,5
17023,6
17026,13
17029,1
17032,1
17035,2
17038,2
17041,22
17044,7
17047,1
17050,1
17053,4
17056,1
17059,3
17062,4
17065,1
17068,239
17071,9
17074,68
17077,17
17080,1
17083,2
17086,1
17089,12
17092,42
17095,3
17098,8
17101,1
17104,3
17107,1
17110,1
17113,6
17116,2
17119,1
17122,1
17125,2
17128,7
17131,5
17134,3
17137,2
17140,1
17143,7
17146,46
17149,1
17152,1
17155,14
17158,4
17161,3
17164,4
17167,2
17170,2
17173,6
17176,542
17179,49
17182,9
17185,1
17188,2
17191,5
17194,1
17197,26
17200,1
17203,6
17206,1
17209,8
17212,1
17215,12
17218,6
17221,19
17224,524
17227,2
17230,3
17233,7
17236,3
17239,4
17242,1
17245,2
17248,2
17251,21
17254,1
17257,10
17260,12
17263,4
17266,29
17269,1
17272,2
17275,2
17278,7
17281,2
17284,15
17287,8
17290,7
17293,8
17296,54
17299,36
17302,1
17305,602
17308,3
17311,1
17314,15
17317,2
17320,6
17323,4
17326,173
17329,1
17332,1
17335,4
17338,6
17341,1
17344,7
17347,1
17350,7
17353,2
17356,9
17359,1
17362,5
17365,93
17368,3
17371,1
17374,7
17377,4
17380,1
17383,67
17386,10
17389,3
17392,1
17395,5
17398,38
17401,NA
17404,5
17407,1
17410,182
17413,116
17416,5
17419,155
17422,4
17425,1
17428,16
17431,77
17434,1
17437,1
17440,2
17443,11
17446,7
17449,20
17452,14
17455,30
17458,6
17461,3
17464,4
17467,4
17470,4
17473,2
17476,1
17479,15
17482,2
17485,17
17488,18
17491,1
17494,1
17497,1
17500,11
17503,8
17506,1
17509,1
17512,NA
17515,2
17518,NA
17521,3
17524,3
17527,949
17530,1
17533,204
17536,1
17539,5
17542,8
17545,3
17548,10
17551,7
17554,3
17557,1
17560,9
17563,7
17566,2
17569,1
17572,90
17575,1
17578,19
17581,6
17584,72
17587,18
17590,4
17593,51
17596,1
17599,8
17602,8
17605,8
17608,6
17611,361
17614,1
17617,1
17620,2
17623,42
17626,3
17629,5
17632,1
17635,11
17638,2
17641,3
17644,11
17647,1
17650,6
17653,10
17656,1
17659,225
17662,2
17665,8
17668,59
17671,3
17674,8
17677,113
17680,19
17683,2
17686,2
17689,1
17692,6
17695,1
17698,39
17701,1
17704,1
17707,1
17710,3
17713,12
17716,6
17719,33
17722,2
17725,3
17728,66
17731,29
17734,3
17737,2
17740,1
17743,18
17746,2
17749,51
17752,2
17755,33
17758,11
17761,NA
17764,16
17767,1
17770,5
17773,23
17776,2
17779,1
17782,1
17785,2
17788,16
17791,55
17794,5
17797,2
17800,2
17803,NA
17806,1
17809,29
17812,1
17815,1
17818,3
17821,1
17824,3
17827,6
17830,1
17833,NA
17836,78
17839,3
17842,1
17845,4
17848,4
17851,9
17854,1
17857,5
17860,276
17863,10
17866,1
17869,1
17872,8
17875,1
17878,NA
17881,2
17884,12
17887,17
17890,1
17893,3
17896,1
17899,1
17902,2
17905,14
17908,4
17911,2
17914,367
17917,2
17920,11
17923,6
17926,1
17929,5
17932,2
17935,1
17938,2
17941,2
17944,20
17947,1
17950,4
17953,2
17956,13
17959,7
17962,4
17965,158
17968,2
17971,3
17974,31
17977,1
17980,2
17983,7
17986,6
17989,48
17992,1
17995,56
17998,7
18001,3
18004,8
18007,5
18010,2
18013,34
18016,3
18019,1
18022,1
18025,2
18028,2
18031,2
18034,7
18037,1
18040,1
18043,6
18046,1
18049,63
18052,6
18055,253
18058,NA
18061,NA
18064,1
18067,5
18070,2
18073,24
18076,1
18079,72
18082,4
18085,6
18088,4
18091,2
18094,4
18097,1
18100,1
18103,31
18106,5
18109,24
18112,2
18115,2
18118,4
18121,1
18124,1
18127,6
18130,2
18133,36
18136,2
18139,1
18142,9
18145,5
18148,7
18151,1
18154,16
18157,1
18160,11
18163,2
18166,2
18169,5
18172,2
18175,5
18178,7
18181,82
18184,3
18187,1
18190,3
18193,2
18196,63
18199,8
18202,1
18205,1
18208,2
18211,27
18214,5
18217,2
18220,1
18223,3
18226,1
18229,1
18232,8
18235,7
18238,110
18241,6
18244,11
18247,4
18250,1
18253,3
18256,2
18259,4
18262,2
18265,10
18268,450
18271,2
18274,5
18277,1
18280,5
18283,7
18286,5
18289,73
18292,2
18295,2
18298,2
18301,29
18304,7
18307,60
18310,1
18313,40
18316,2
18319,1
18322,2
18325,5
18328,28
18331,15
18334,1
18337,2
18340,12
18343,50
18346,38
18349,12
18352,4
18355,1
18358,2
18361,1
18364,17
18367,2
18370,7
18373,2
18376,1
18379,9
18382,1
18385,71
18388,2
18391,1
18394,1
18397,2
18400,3
18403,4
18406,6
18409,35
18412,40
18415,1
18418,4
18421,3
18424,1
18427,9
18430,1
18433,4
18436,19
18439,4
18442,1
18445,2
18448,NA
18451,1
18454,5
18457,18
18460,89
18463,2
18466,14
18469,755
18472,1
18475,1
18478,2
18481,9
18484,205
18487,5
18490,2
18493,114
18496,27
18499,1
18502,32
18505,1
18508,22
18511,125
18514,NA
18517,1
18520,1
18523,2
18526,50
18529,1
18532,164
18535,5
18538,NA
18541,31
18544,3
18547,29
18550,NA
18553,6
18556,1
18559,1
18562,1
18565,3
18568,14
18571,1
18574,45
18577,2
18580,12
18583,4
18586,1
18589,5
18592,13
18595,2
18598,2
18601,9
18604,1
18607,2
18610,613
18613,4
18616,5
18619,1
18622,1
18625,189
18628,11
18631,101
18634,1
18637,2
18640,1
18643,22
18646,2
18649,1
18652,6
18655,4
18658,2
18661,1
18664,16
18667,62
18670,2
18673,54
18676,3
18679,16
18682,20
18685,1
18688,14
18691,2
18694,21
18697,21
18700,3
18703,4
18706,1
18709,7
18712,4
18715,6
18718,2
18721,11
18724,4
18727,10
18730,8
18733,46
18736,14
18739,1
18742,10
18745,16
18748,3
18751,3
18754,1
18757,NA
18760,7
18763,12
18766,1
18769,5
18772,1
18775,37
18778,3
18781,1
18784,96
18787,1
18790,1
18793,540
18796,7
18799,1
18802,2
18805,2
18808,12
18811,7
18814,1
18817,22
18820,3
18823,2
18826,3
18829,1
18832,1
18835,1
18838,3
18841,9
18844,16
18847,6
18850,1
18853,6
18856,1
18859,11
18862,2
18865,1
18868,2
18871,2
18874,233
18877,2
18880,1
18883,26
18886,17
18889,23
18892,1
18895,5
18898,36
18901,70
18904,1
18907,8
18910,3
18913,4
18916,22
18919,1
18922,5
18925,41
18928,6
18931,129
18934,11
18937,4
18940,8
18943,38
18946,1
18949,5
18952,52
18955,4
18958,18
18961,3
18964,3
18967,1
18970,43
18973,22
18976,6
18979,1
18982,1
18985,4
18988,2
18991,65
18994,4
18997,2
19000,30
19003,4
19006,2
19009,1
19012,4
19015,3
19018,2
19021,1
19024,1
19027,1
19030,2
19033,2
19036,3
19039,100
19042,22
19045,50
19048,2
19051,21
19054,4
19057,5
19060,11
19063,3
19066,1
19069,7
19072,2
19075,24
19078,30
19081,2
19084,297
19087,26
19090,1
19093,NA
19096,298
19099,9
19102,2
19105,3
19108,2
19111,13
19114,1
19117,9
19120,2
19123,40
19126,1
19129,9
19132,4
19135,151
19138,7
19141,3
19144,25
19147,1
19150,1
19153,2
19156,1
19159,4
19162,4
19165,2
19168,7
19171,3
19174,49
19177,1
19180,9
19183,74
19186,2
19189,57
19192,4
19195,3
19198,14
19201,1
19204,8
19207,17
19210,4
19213,10
19216,1
19219,3
19222,2
19225,2
19228,2
19231,114
19234,3
19237,NA
19240,1
19243,14
19246,9
19249,1
19252,28
19255,196
19258,2
19261,6
19264,5
19267,2
19270,2
19273,3
19276,334
19279,4
19282,2
19285,1
19288,30
19291,2
19294,3
19297,426
19300,1
19303,2
19306,2
19309,NA
19312,2
19315,10
19318,2
19321,1
19324,1
19327,72
19330,2
19333,7
19336,65
19339,188
19342,1
19345,1
19348,22
19351,30
19354,16
19357,229
19360,9
19363,2
19366,3
19369,5
19372,NA
19375,18
19378,3
19381,1
19384,1
19387,8
19390,2
19393,18
19396,7
19399,5
19402,18
19405,7
19408,175
19411,1
19414,NA
19417,1
19420,7
19423,55
19426,1
19429,115
19432,5
19435,2
19438,32
19441,1
19444,NA
19447,1
19450,1
19453,11
19456,113
19459,4
19462,441
19465,3
19468,2
19471,3
19474,5
19477,6
19480,1
19483,12
19486,1
19489,4
19492,1
19495,1
19498,2
19501,10
19504,16
19507,1
19510,8
19513,2
19516,2
19519,NA
19522,1
19525,6
19528,2
19531,1
19534,5
19537,2
19540,9
19543,54
19546,30
19549,3
19552,10
19555,127
19558,7
19561,10
19564,32
19567,5
19570,1
19573,14
19576,1
19579,1
19582,102
19585,1
19588,6
19591,1
19594,61
19597,14
19600,7
19603,6
19606,5
19609,3
19612,2
19615,5
19618,8
19621,22
19624,149
19627,2
19630,1
19633,50
19636,1
19639,1
19642,2
19645,3
19648,14
19651,1
19654,32
19657,1
19660,1
19663,8
19666,3
19669,7
19672,NA
19675,1
19678,NA
19681,6
19684,1
19687,8
19690,73
19693,10
19696,1
19699,100
19702,2
19705,3
19708,2
19711,1
19714,7
19717,1
19720,1
19723,2
19726,7
19729,3
19732,12
19735,3
19738,3
19741,3
19744,11
19747,1
19750,48
19753,6
19756,1
19759,1
19762,4
19765,30
19768,2
19771,29
19774,11
19777,6
19780,3
19783,3
19786,3
19789,7
19792,2
19795,4
19798,24
19801,139
19804,1
19807,1
19810,1
19813,4
19816,6
19819,4
19822,8
19825,5
19828,2
19831,2
19834,4
19837,5
19840,1
19843,34
19846,27
19849,1
19852,14
19855,36
19858,14
19861,22
19864,60
19867,729
19870,1
19873,7
19876,2
19879,1
19882,13
19885,2
19888,20
19891,45
19894,1
19897,74
19900,17
19903,4
19906,1
19909,3
19912,9
19915,2
19918,4
19921,107
19924,40
19927,1
19930,NA
19933,2
19936,1
19939,4
19942,230
19945,1
19948,2
19951,3
19954,1
19957,16
19960,5
19963,10
19966,9
19969,3
19972,1
19975,5
19978,3
19981,3
19984,5
19987,6
19990,1
19993,23
19996,33
19999,11
20002,NA
20005,19
20008,4
20011,1
20014,25
20017,26
20020,2
20023,114
20026,2
20029,5
20032,16
20035,4
20038,8
20041,1
20044,3
20047,1
20050,NA
20053,204
20056,581
20059,47
20062,30
20065,11
20068,124
20071,119
20074,4
20077,1
20080,2
20083,30
20086,23
20089,20
20092,28
20095,2
20098,8
20101,3
20104,1
20107,5
20110,10
20113,NA
20116,561
20119,3
20122,2
20125,1
20128,8
20131,2
20134,5
20137,13
20140,611
20143,2
20146,1
20149,80
20152,2
20155,1
20158,3
20161,2
20164,3
20167,1
20170,155
20173,8
20176,11
20179,3
20182,9
20185,1
20188,2
20191,138
20194,4
20197,1
20200,8
20203,3
20206,49
20209,1
20212,246
20215,1
20218,NA
20221,1
20224,3
20227,5
20230,2
20233,3
20236,2
20239,11
20242,2
20245,1
20248,30
20251,NA
20254,27
20257,8
20260,4
20263,52
20266,11
20269,503
20272,9
20275,2
20278,6
20281,1
20284,4
20287,1
20290,47
20293,8
20296,2
20299,1
20302,6
20305,1
20308,2
20311,1
20314,4
20317,6
20320,5
20323,55
20326,2
20329,4
20332,6
20335,1
20338,8
20341,6
20344,1
20347,28
20350,3
20353,2
20356,2
20359,3
20362,42
20365,5
20368,64
20371,2
20374,12
20377,13
20380,4
20383,2
20386,15
20389,55
20392,2
20395,1
20398,20
20401,6
20404,1
20407,10
20410,13
20413,NA
20416,3
20419,5
20422,124
20425,50
20428,42
20431,1
20434,1
20437,1
20440,2
20443,3
20446,22
20449,39
20452,12
20455,8
20458,3
20461,107
20464,4
20467,2
20470,1
20473,6
20476,2
20479,13
20482,1
20485,2
20488,6
20491,NA
20494,1
20497,5
20500,38
20503,4
20506,6
20509,11
20512,4
20515,16
20518,2
20521,1
20524,197
20527,4
20530,5
20533,4
20536,30
20539,1
20542,80
20545,2
20548,8
20551,5
20554,1
20557,14
20560,1
20563,6
20566,1
20569,27
20572,1
20575,15
20578,NA
20581,NA
20584,19
20587,1
20590,2
20593,2
20596,129
20599,1
20602,5
20605,68
20608,2
20611,10
20614,1
20617,52
20620,1
20623,4
20626,1
20629,4
20632,5
20635,2
20638,4
20641,2
20644,1
20647,2
20650,5
20653,3
20656,175
20659,1
20662,1
20665,1
20668,331
20671,2
20674,8
20677,1
20680,5
20683,2
20686,5
20689,5
20692,1
20695,30
20698,2
20701,1
20704,1
20707,8
20710,1
20713,84
20716,131
20719,95
20722,5
20725,446
20728,10
20731,66
20734,91
20737,9
20740,11
20743,3
20746,1
20749,4
20752,61
20755,2
20758,3
20761,1
20764,36
20767,1
20770,10
20773,NA
20776,1
20779,44
20782,1
20785,6
20788,3
20791,3
20794,5
20797,4
20800,5
20803,8
20806,7
20809,1
20812,2
20815,11
20818,116
20821,3
20824,1
20827,1
20830,4
20833,430
20836,2
20839,1
20842,5
20845,2
20848,11
20851,1
20854,25
20857,1
20860,1
20863,6
20866,2
20869,1
20872,1
20875,2
20878,12
20881,1
20884,3
20887,25
20890,1
20893,14
20896,1
20899,1
20902,1
20905,3
20908,2
20911,11
20914,15
20917,1
20920,35
20923,2
20926,369
20929,1
20932,5
20935,3
20938,7
20941,1
20944,1
20947,4
20950,1
20953,3
20956,3
20959,1
20962,9
20965,6
20968,11
20971,11
20974,1
20977,1
20980,NA
20983,14
20986,7
20989,3
20992,4
20995,1
20998,2
21001,2
21004,1
21007,1
21010,6
21013,2
21016,3
21019,28
21022,2
21025,1
21028,4
21031,3
21034,4
21037,12
21040,2
21043,7
21046,1
21049,3
21052,NA
21055,1
21058,3
21061,57
21064,56
21067,2
21070,2
21073,2
21076,2
21079,1
21082,6
21085,13
21088,NA
21091,10
21094,11
21097,12
21100,13
21103,3
21106,70
21109,3
21112,2
21115,14
21118,8
21121,1
21124,1
21127,1
21130,9
21133,8
21136,143
21139,1
21142,73
21145,2
21148,8
21151,3
21154,1
21157,5
21160,1
21163,4
21166,1
21169,31
21172,1
21175,3
21178,251
21181,146
21184,13
21187,2
21190,3
21193,2
21196,1
21199,3
21202,1
21205,1
21208,18
21211,9
21214,1
21217,4
21220,2
21223,4
21226,3
21229,1
21232,1
21235,80
21238,11
21241,2
21244,7
21247,96
21250,3
21253,32
21256,1
21259,4
21262,4
21265,2
21268,3
21271,1
21274,23
21277,6
21280,7
21283,2
21286,1
21289,4
21292,1
21295,3
21298,2
21301,1
21304,3
21307,1
21310,5
21313,2
21316,9
21319,1
21322,1
21325,2
21328,4
21331,1
21334,NA
21337,4
21340,1
21343,2
21346,54
21349,8
21352,1
21355,6
21358,2
21361,2
21364,359
21367,2
21370,5
21373,10
21376,2
21379,1
21382,NA
21385,1
21388,540
21391,2
21394,3
21397,36
21400,3
21403,6
21406,5
21409,4
21412,1
21415,45
21418,27
21421,50
21424,11
21427,1
21430,29
21433,NA
21436,1
21439,1
21442,21
21445,3
21448,4
21451,93
21454,NA
21457,1
21460,3
21463,2
21466,NA
21469,1
21472,5
21475,2
21478,3
21481,15
21484,1
21487,13
21490,3
21493,6
21496,10
21499,5
21502,1
21505,9
21508,234
21511,138
21514,NA
21517,1
21520,1
21523,2
21526,10
21529,9
21532,26
21535,3
21538,23
21541,NA
21544,20
21547,2
21550,7
21553,4
21556,22
21559,4
21562,13
21565,7
21568,10
21571,1
21574,1
21577,5
21580,2
21583,3
21586,45
21589,1
21592,1
21595,1
21598,138
21601,2
21604,5
21607,2
21610,3
21613,2
21616,113
21619,3
21622,2
21625,6
21628,10
21631,NA
21634,12
21637,1
21640,4
21643,4
21646,33
21649,1
21652,56
21655,3
21658,18
21661,6
21664,1
21667,4
21670,4
21673,2
21676,3
21679,5
21682,17
21685,1
21688,18
21691,2
21694,4
21697,1
21700,1
21703,8
21706,1
21709,1
21712,2
21715,33
21718,3
21721,1
21724,4
21727,1
21730,3
21733,4
21736,82
21739,245
21742,1
21745,24
21748,2
21751,3
21754,136
21757,28
21760,1
21763,3
21766,2
21769,5
21772,4
21775,1
21778,2
21781,3
21784,3
21787,6
21790,2
21793,7
21796,15
21799,1
21802,9
21805,7
21808,3
21811,214
21814,3
21817,8
21820,9
21823,7
21826,1
21829,40
21832,1
21835,1
21838,2
21841,1
21844,3
21847,8
21850,8
21853,12
21856,11
21859,27
21862,NA
21865,1
21868,3
21871,NA
21874,1
21877,5
21880,4
21883,15
21886,5
21889,4
21892,2
21895,1
21898,11
21901,37
21904,47
21907,2
21910,2
21913,NA
21916,1
21919,4
21922,4
21925,1
21928,800
21931,3
21934,3
21937,1
21940,1
21943,2
21946,1
21949,1
21952,4
21955,2
21958,11
21961,3
21964,4
21967,4
21970,1
21973,7
21976,2
21979,1
21982,1
21985,3
21988,80
21991,3
21994,72
21997,2
22000,1
22003,4
22006,10
22009,13
22012,NA
22015,8
22018,18
22021,2
22024,4
22027,18
22030,1
22033,2
22036,1
22039,3
22042,12
22045,198
22048,3
22051,1
22054,39
22057,1
22060,6
22063,4
22066,189
22069,1
22072,5
22075,2
22078,2
22081,3
22084,5
22087,1
22090,1
22093,8
22096,3
22099,17
22102,686
22105,1
22108,10
22111,118
22114,11
22117,105
22120,1
22123,182
22126,2
22129,1
22132,NA
22135,1
22138,6
22141,2
22144,89
22147,8
22150,5
22153,3
22156,1
22159,1
22162,NA
22165,2
22168,2
22171,5
22174,7
22177,4
22180,5
22183,4
22186,2
22189,17
22192,1
22195,1
22198,3
22201,459
22204,9
22207,2
22210,44
22213,11
22216,2
22219,1
22222,1
22225,2
22228,4
22231,1
22234,117
22237,4
22240,9
22243,NA
22246,3
22249,3
22252,12
22255,1
22258,8
22261,2
22264,5
22267,1
22270,3
22273,8
22276,54
22279,33
22282,4
22285,3
22288,2
22291,3
22294,83
22297,10
22300,1
22303,4
22306,5
22309,1
22312,126
22315,12
22318,12
22321,3
22324,20
