1,2
2,1
3,1
4,1
5,9
6,1
7,1
8,2
9,1
10,1
11,4
12,3
13,1
14,1
15,4
16,1
17,2
18,1
19,2
20,1
21,1
22,1
23,7
24,1
25,3
26,2
27,1
28,1
29,1
30,1
31,1
32,1
33,6
34,1
35,1
36,9
37,1
38,2
39,3
40,6
41,1
42,4
43,1
44,1
45,1
46,1
47,21
48,1
49,289
50,1
51,1
52,2
53,1
54,3
55,2
56,1
57,1
58,5
59,2
60,6
61,3
62,1
63,1
64,5
65,1
66,1
67,1
68,5
69,4
70,4
71,1
72,1
73,1
74,5
75,6
76,7
77,1
78,1
79,1
80,1
81,1
82,3
83,1
84,2
85,9
86,2
87,1
88,1
89,2
90,1
91,1
92,1
93,3
94,1
95,1
96,125
97,8
98,5
99,4
100,1
101,2
102,4
103,2
104,1
105,5
106,1
107,2
108,1
109,1
110,3
111,2
112,8
113,1
114,1
115,1
116,1
117,6
118,1
119,1
120,1
121,1
122,4
123,1
124,8
125,4
126,1
127,2
128,1
129,1
130,3
131,2
132,19
133,524
134,17
135,5
136,4
137,1
138,2
139,1
140,1
141,1
142,1
143,1
144,7
145,2
146,26
147,5
148,1
149,1
150,7
151,1
152,2
153,2
154,1
155,2
156,144
157,1
158,1
159,8
160,1
161,2
162,1
163,2
164,3
165,1
166,3
167,2
168,1
169,5
170,1
171,6
172,1
173,2
174,1
175,1
176,3
177,1
178,2
179,1
180,6
181,1
182,1
183,1
184,1
185,2
186,3
187,12
188,86
189,1
190,1
191,1
192,1
193,4
194,3
195,2
196,1
197,1
198,2
199,2
200,174
201,4
202,1
203,1
204,1
205,5
206,1
207,5
208,4
209,1
210,1
211,2
212,2
213,1
214,6
215,2
216,1
217,1
218,1
219,5
220,1
221,1
222,9
223,1
224,1
225,3
226,18
227,3
228,5
229,10
230,4
231,1
232,3
233,1
234,1
235,1
236,2
237,1
238,5
239,1
240,29
241,1
242,1
243,2
244,1
245,7
246,26
247,1
248,1
249,1
250,5
251,1
252,1
253,10
254,1
255,1
256,5
257,5
258,1
259,1
260,1
261,2
262,1
263,5
264,2
265,1
266,1
267,10
268,19
269,19
270,61
271,6
272,6
273,3
274,2
275,1
276,1
277,6
278,2
279,1
280,2
281,1
282,2
283,7
284,1
285,11
286,12
287,2
288,2
289,1
290,1
291,6
292,3
293,2
294,1
295,1
296,1
297,13
298,4
299,2
300,1
301,2
302,5
303,1
304,1
305,1
306,2
307,1
308,1
309,1
310,3
311,108
312,3
313,2
314,2
315,1
316,2
317,1
318,4
319,5
320,2
321,4
322,6
323,1
324,1
325,22
326,1
327,4
328,1
329,1
330,8
331,5
332,1
333,1
334,8
335,1
336,27
337,2
338,1
339,1
340,3
341,2
342,1
343,1
344,3
345,1
346,1
347,1
348,27
349,17
350,1
351,3
352,1
353,1
354,3
355,2
356,5
357,1
358,1
359,5
360,2
361,7
362,2
363,1
364,1
365,4
366,1
367,2
368,3
369,3
370,1
371,6
372,1
373,3
374,1
375,1
376,2
377,2
378,3
379,1
380,2
381,4
382,3
383,2
384,1
385,1
386,3
387,1
388,6
389,1
390,3
391,1
392,2
393,76
394,1
395,2
396,1
397,11
398,1
399,2
400,1
401,86
402,9
403,1
404,3
405,1
406,5
407,1
408,1
409,1
410,1
411,3
412,1
413,6
414,2
415,48
416,2
417,3
418,3
419,1
420,2
421,1
422,1
423,1
424,1
425,2
426,1
427,1
428,3
429,2
430,6
431,1
432,4
433,5
434,1
435,2
436,3
437,6
438,6
439,2
440,12
441,1
442,5
443,2
444,1
445,4
446,3
447,1
448,1
449,1
450,2
451,1
452,4
453,12
454,2
455,1
456,1
457,1
458,8
459,1
460,15
461,4
462,1
463,1
464,2
465,1
466,1
467,46
468,2
469,1
470,1
471,1
472,1
473,5
474,3
475,10
476,2
477,1
478,1
479,3
480,3
481,2
482,1
483,5
484,15
485,1
486,2
487,1
488,6
489,8
490,2
491,1
492,3
493,1
494,1
495,4
496,1
497,1
498,3
499,1
500,1
501,4
502,95
503,2
504,4
505,1
506,1
507,1
508,1
509,9
510,68
511,2
512,1
513,1
514,1
515,3
516,3
517,4
518,3
519,1
520,1
521,9
522,10
523,5
524,1
525,1
526,8
527,1
528,1
529,1
530,2
531,2
532,1
533,2
534,1
535,2
536,4
537,15
538,1
539,1
540,3
541,3
542,1
543,1
544,4
545,1
546,1
547,1
548,2
549,12
550,1
551,9
552,11
553,1
554,1
555,1
556,6
557,1
558,77
559,2
560,1
561,2
562,2
563,2
564,1
565,2
566,23
567,6
568,2
569,12
570,1
571,1
572,4
573,1
574,126
575,5
576,1
577,8
578,5
579,5
580,2
581,1
582,3
583,13
584,1
585,1
586,5
587,7
588,2
589,1
590,26
591,3
592,11
593,3
594,8
595,2
596,1
597,2
598,2
599,1
600,16
601,1
602,2
603,3
604,1
605,1
606,16
607,2
608,1
609,1
610,2
611,5
612,16
613,3
614,46
615,4
616,15
617,4
618,1
619,1
620,6
621,3
622,1
623,1
624,1
625,5
626,1
627,1
628,3
629,1
630,1
631,1
632,3
633,1
634,1
635,2
636,10
637,2
638,4
639,8
640,1
641,1
642,6
643,1
644,2
645,1
646,1
647,1
648,1
649,2
650,1
651,1
652,3
653,14
654,2
655,3
656,4
657,5
658,1
659,7
660,5
661,2
662,1
663,2
664,1
665,1
666,2
667,1
668,1
669,10
670,2
671,13
672,1
673,1
674,1
675,1
676,1
677,3
678,12
679,3
680,1
681,NA
682,2
683,1
684,4
685,12
686,2
687,1
688,3
689,2
690,4
691,3
692,18
693,1
694,3
695,1
696,1
697,4
698,4
699,1
700,1
701,3
702,11
703,2
704,3
705,11
706,1
707,5
708,1
709,7
710,3
711,12
712,2
713,1
714,1
715,1
716,1
717,28
718,1
719,3
720,2
721,19
722,8
723,1
724,2
725,11
726,3
727,1
728,9
729,1
730,1
731,1
732,1
733,406
734,4
735,10
736,2
737,2
738,33
739,7
740,2
741,1
742,1
743,1
744,1
745,1
746,6
747,35
748,1
749,1
750,1
751,6
752,7
753,1
754,3
755,1
756,5
757,3
758,6
759,1
760,1
761,3
762,1
763,3
764,1
765,2
766,1
767,4
768,2
769,1
770,2
771,1
772,1
773,7
774,7
775,3
776,1
777,4
778,1
779,1
780,1
781,7
782,2
783,28
784,21
785,4
786,5
787,1
788,3
789,2
790,4
791,25
792,2
793,2
794,2
795,5
796,3
797,4
798,1
799,1
800,3
801,2
802,17
803,2
804,4
805,1
806,1
807,2
808,1
809,6
810,2
811,7
812,1
813,1
814,2
815,6
816,1
817,5
818,1
819,4
820,4
821,1
822,1
823,15
824,56
825,1
826,1
827,1
828,1
829,1
830,1
831,2
832,2
833,1
834,2
835,1
836,62
837,19
838,2
839,1
840,1
841,3
842,2
843,2
844,6
845,4
846,1
847,1
848,1
849,2
850,1
851,4
852,2
853,2
854,2
855,2
856,1
857,3
858,3
859,3
860,8
861,3
862,1
863,1
864,9
865,1
866,5
867,1
868,1
869,28
870,134
871,1
872,3
873,2
874,7
875,3
876,19
877,1
878,1
879,1
880,4
881,2
882,1
883,2
884,2
885,1
886,10
887,2
888,11
889,4
890,26
891,8
892,7
893,1
894,3
895,1
896,1
897,3
898,9
899,1
900,1
901,6
902,6
903,15
904,1
905,1
906,1
907,75
908,3
909,250
910,2
911,2
912,2
913,1
914,5
915,4
916,8
917,1
918,3
919,13
920,1
921,1
922,2
923,1
924,1
925,7
926,3
927,2
928,5
929,2
930,1
931,1
932,1
933,378
934,1
935,7
936,4
937,4
938,4
939,3
940,1
941,1
942,1
943,2
944,1
945,2
946,1
947,1
948,4
949,1
950,2
951,1
952,6
953,1
954,8
955,1
956,1
957,2
958,2
959,2
960,2
961,79
962,26
963,1
964,2
965,1
966,3
967,2
968,2
969,2
970,1
971,8
972,1
973,1
974,1
975,102
976,1
977,6
978,2
979,1
980,1
981,2
982,1
983,1
984,3
985,3
986,2
987,1
988,2
989,1
990,3
991,3
992,14
993,1
994,103
995,28
996,1
997,4
998,1
999,5
1000,2
1001,2
1002,1
1003,7
1004,6
1005,4
1006,15
1007,4
1008,4
1009,1
1010,7
1011,3
1012,1
1013,4
1014,1
1015,1
1016,1
1017,1
1018,1
1019,39
1020,4
1021,1
1022,4
1023,3
1024,21
1025,3
1026,11
1027,2
1028,4
1029,2
1030,1
1031,14
1032,1
1033,3
1034,2
1035,5
1036,2
1037,8
1038,1
1039,2
1040,1
1041,2
1042,1
1043,4
1044,1
1045,2
1046,1
1047,5
1048,5
1049,1
1050,32
1051,1
1052,1
1053,1
1054,1
1055,2
1056,NA
1057,1
1058,1
1059,3
1060,1
1061,3
1062,3
1063,1
1064,1
1065,1
1066,1
1067,1
1068,1
1069,2
1070,1
1071,10
1072,3
1073,7
1074,2
1075,1
1076,3
1077,1
1078,1
1079,2
1080,1
1081,6
1082,1
1083,2
1084,7
1085,4
1086,2
1087,1
1088,1
1089,3
1090,2
1091,1
1092,2
1093,2
1094,2
1095,1
1096,6
1097,27
1098,1
1099,1
1100,4
1101,1
1102,38
1103,1
1104,2
1105,4
1106,1
1107,1
1108,1
1109,8
1110,1
1111,2
1112,91
1113,2
1114,1
1115,1
1116,1
1117,1
1118,3
1119,5
1120,3
1121,1
1122,1
1123,2
1124,24
1125,3
1126,58
1127,1
1128,5
1129,3
1130,3
1131,1
1132,2
1133,17
1134,1
1135,11
1136,17
1137,1
1138,6
1139,5
1140,1
1141,1
1142,19
1143,1
1144,1
1145,1
1146,11
1147,12
1148,1
1149,1
1150,8
1151,1
1152,1
1153,3
1154,1
1155,344
1156,1
1157,2
1158,1
1159,1
1160,5
1161,82
1162,3
1163,1
1164,36
1165,3
1166,1
1167,2
1168,6
1169,1
1170,2
1171,3
1172,1
1173,1
1174,3
1175,1
1176,3
1177,1
1178,1
1179,1
1180,4
1181,24
1182,7
1183,10
1184,1
1185,37
1186,8
1187,1
1188,2
1189,6
1190,1
1191,5
1192,2
1193,1
1194,1
1195,3
1196,1
1197,2
1198,2
1199,1
1200,10
1201,12
1202,3
1203,1
1204,64
1205,NA
1206,1
1207,3
1208,4
1209,16
1210,1
1211,4
1212,15
1213,2
1214,3
1215,4
1216,3
1217,2
1218,1
1219,2
1220,7
1221,3
1222,1
1223,3
1224,1
1225,1
1226,1
1227,5
1228,1
1229,3
1230,2
1231,1
1232,3
1233,3
1234,3
1235,1
1236,23
1237,3
1238,1
1239,1
1240,1
1241,1
1242,1
1243,1
1244,15
1245,13
1246,1
1247,1
1248,2
1249,2
1250,1
1251,6
1252,956
1253,2
1254,1
1255,14
1256,12
1257,3
1258,4
1259,1
1260,4
1261,7
1262,2
1263,1
1264,1
1265,2
1266,2
1267,1
1268,2
1269,5
1270,10
1271,4
1272,76
1273,1
1274,3
1275,1
1276,1
1277,6
1278,1
1279,2
1280,8
1281,9
1282,292
1283,29
1284,18
1285,1
1286,2
1287,16
1288,3
1289,2
1290,13
1291,1
1292,3
1293,3
1294,5
1295,1
1296,1
1297,1
1298,1
1299,1
1300,14
1301,1
1302,1
1303,49
1304,3
1305,6
1306,1
1307,8
1308,10
1309,2
1310,13
1311,9
1312,2
1313,7
1314,9
1315,16
1316,3
1317,52
1318,44
1319,2
1320,1
1321,4
1322,1
1323,1
1324,1
1325,21
1326,2
1327,1
1328,2
1329,7
1330,2
1331,1
1332,1
1333,1
1334,709
1335,3
1336,2
1337,1
1338,5
1339,110
1340,1
1341,17
1342,2
1343,8
1344,3
1345,9
1346,3
1347,2
1348,6
1349,6
1350,4
1351,12
1352,1
1353,1
1354,1
1355,3
1356,5
1357,1
1358,1
1359,7
1360,1
1361,2
1362,1
1363,2
1364,1
1365,1
1366,11
1367,25
1368,3
1369,1
1370,39
1371,1
1372,7
1373,1
1374,2
1375,1
1376,3
1377,2
1378,1
1379,1
1380,1
1381,1
1382,2
1383,24
1384,2
1385,11
1386,3
1387,1
1388,5
1389,1
1390,13
1391,3
1392,5
1393,2
1394,1
1395,2
1396,1
1397,5
1398,4
1399,1
1400,1
1401,1
1402,3
1403,3
1404,3
1405,2
1406,4
1407,1
1408,1
1409,1
1410,1
1411,4
1412,382
1413,1
1414,1
1415,2
1416,1
1417,7
1418,7
1419,3
1420,1
1421,1
1422,1
1423,2
1424,1
1425,1
1426,4
1427,2
1428,11
1429,3
1430,1
1431,1
1432,10
1433,6
1434,2
1435,1
1436,2
1437,1
1438,1
1439,3
1440,2
1441,7
1442,2
1443,4
1444,1
1445,1
1446,1
1447,4
1448,4
1449,1
1450,2
1451,7
1452,2
1453,5
1454,3
1455,4
1456,1
1457,2
1458,3
1459,1
1460,3
1461,8
1462,2
1463,1
1464,10
1465,7
1466,7
1467,1
1468,2
1469,1
1470,2
1471,1
1472,1
1473,4
1474,1
1475,3
1476,1
1477,4
1478,1
1479,1
1480,25
1481,30
1482,4
1483,1
1484,1
1485,1
1486,3
1487,2
1488,1
1489,2
1490,10
1491,1
1492,5
1493,2
1494,3
1495,1
1496,5
1497,1
1498,1
1499,3
1500,1
1501,1
1502,1
1503,36
1504,2
1505,4
1506,2
1507,7
1508,1
1509,4
1510,2
1511,5
1512,2
1513,4
1514,1
1515,1
1516,1
1517,2
1518,6
1519,2
1520,2
1521,3
1522,1
1523,1
1524,9
1525,1
1526,1
1527,3
1528,1
1529,1
1530,4
1531,2
1532,1
1533,2
1534,2
1535,1
1536,38
1537,4
1538,3
1539,1
1540,4
1541,1
1542,1
1543,1
1544,3
1545,3
1546,1
1547,1
1548,2
1549,1
1550,1
1551,7
1552,38
1553,1
1554,1
1555,2
1556,11
1557,1
1558,18
1559,16
1560,4
1561,4
1562,1
1563,2
1564,2
1565,1
1566,2
1567,1
1568,3
1569,1
1570,1
1571,6
1572,5
1573,2
1574,2
1575,NA
1576,3
1577,11
1578,1
1579,19
1580,2
1581,112
1582,23
1583,13
1584,1
1585,8
1586,3
1587,3
1588,2
1589,7
1590,2
1591,1
1592,1
1593,1
1594,3
1595,1
1596,1
1597,1
1598,1
1599,1
1600,1
1601,3
1602,4
1603,8
1604,1
1605,1
1606,7
1607,10
1608,10
1609,17
1610,2
1611,3
1612,1
1613,3
1614,16
1615,9
1616,25
1617,1
1618,1
1619,1
1620,2
1621,1
1622,14
1623,4
1624,1
1625,9
1626,2
1627,4
1628,4
1629,16
1630,2
1631,1
1632,4
1633,1
1634,1
1635,17
1636,34
1637,1
1638,1
1639,3
1640,3
1641,1
1642,9
1643,2
1644,1
1645,29
1646,1
1647,2
1648,2
1649,3
1650,2
1651,4
1652,1
1653,1
1654,2
1655,1
1656,1
1657,8
1658,12
1659,17
1660,3
1661,2
1662,3
1663,6
1664,4
1665,2
1666,1
1667,2
1668,2
1669,NA
1670,4
1671,4
1672,2
1673,49
1674,56
1675,2
1676,1
1677,1
1678,2
1679,1
1680,1
1681,1
1682,3
1683,2
1684,1
1685,2
1686,10
1687,1
1688,7
1689,21
1690,1
1691,7
1692,24
1693,2
1694,2
1695,1
1696,6
1697,9
1698,1
1699,10
1700,1
1701,1
1702,1
1703,1
1704,3
1705,3
1706,2
1707,11
1708,2
1709,2
1710,1
1711,7
1712,7
1713,4
1714,1
1715,1
1716,1
1717,8
1718,3
1719,1
1720,14
1721,1
1722,2
1723,1
1724,1
1725,2
1726,1
1727,5
1728,11
1729,1
1730,1
1731,2
1732,1
1733,1
1734,23
1735,2
1736,17
1737,1
1738,20
1739,1
1740,5
1741,2
1742,2
1743,1
1744,4
1745,15
1746,3
1747,1
1748,6
1749,5
1750,1
1751,2
1752,1
1753,2
1754,1
1755,3
1756,1
1757,3
1758,1
1759,5
1760,1
1761,3
1762,11
1763,2
1764,1
1765,5
1766,1
1767,3
1768,1
1769,29
1770,1
1771,6
1772,19
1773,1
1774,202
1775,4
1776,2
1777,1
1778,4
1779,1
1780,2
1781,1
1782,4
1783,6
1784,2
1785,1
1786,2
1787,5
1788,2
1789,4
1790,8
1791,6
1792,24
1793,10
1794,2
1795,61
1796,5
1797,4
1798,7
1799,6
1800,1
1801,1
1802,1
1803,23
1804,2
1805,1
1806,2
1807,2
1808,20
1809,10
1810,29
1811,4
1812,1
1813,1
1814,1
1815,5
1816,1
1817,1
1818,86
1819,2
1820,2
1821,10
1822,2
1823,3
1824,1
1825,5
1826,1
1827,4
1828,1
1829,1
1830,1
1831,1
1832,3
1833,1
1834,1
1835,31
1836,2
1837,2
1838,10
1839,6
1840,1
1841,6
1842,1
1843,1
1844,6
1845,9
1846,5
1847,1
1848,1
1849,1
1850,1
1851,6
1852,1
1853,9
1854,1
1855,2
1856,1
1857,1
1858,3
1859,1
1860,5
1861,7
1862,1
1863,1
1864,5
1865,7
1866,1
1867,3
1868,2
1869,2
1870,1
1871,1
1872,1
1873,4
1874,2
1875,2
1876,1
1877,5
1878,6
1879,9
1880,7
1881,12
1882,6
1883,1
1884,1
1885,8
1886,9
1887,1
1888,27
1889,1
1890,1
1891,2
1892,2
1893,4
1894,1
1895,8
1896,25
1897,1
1898,4
1899,3
1900,1
1901,53
1902,171
1903,1
1904,15
1905,4
1906,2
1907,2
1908,1
1909,2
1910,2
1911,2
1912,2
1913,1
1914,1
1915,5
1916,2
1917,7
1918,2
1919,1
1920,1
1921,1
1922,1
1923,4
1924,14
1925,2
1926,1
1927,3
1928,1
1929,3
1930,2
1931,2
1932,7
1933,4
1934,1
1935,1
1936,3
1937,9
1938,1
1939,1
1940,5
1941,1
1942,4
1943,1
1944,NA
1945,20
1946,3
1947,2
1948,18
1949,2
1950,19
1951,14
1952,1
1953,2
1954,82
1955,13
1956,1
1957,30
1958,2
1959,1
1960,2
1961,3
1962,1
1963,2
1964,3
1965,2
1966,1
1967,2
1968,1
1969,1
1970,3
1971,1
1972,5
1973,14
1974,5
1975,1
1976,1
1977,1
1978,1
1979,6
1980,7
1981,9
1982,1
1983,12
1984,2
1985,1
1986,4
1987,2
1988,3
1989,4
1990,1
1991,2
1992,5
1993,2
1994,2
1995,4
1996,1
1997,2
1998,2
1999,1
2000,9
2001,2
2002,4
2003,1
2004,1
2005,1
2006,1
2007,69
2008,1
2009,8
2010,2
2011,3
2012,3
2013,1
2014,2
2015,1
2016,13
2017,1
2018,1
2019,1
2020,1
2021,4
2022,1
2023,4
2024,1
2025,1
2026,2
2027,1
2028,4
2029,1
2030,1
2031,4
2032,3
2033,1
2034,1
2035,5
2036,4
2037,19
2038,1
2039,18
2040,1
2041,13
2042,9
2043,1
2044,2
2045,2
2046,5
2047,1
2048,3
2049,2
2050,2
2051,1
2052,1
2053,1
2054,8
2055,1
2056,22
2057,2
2058,2
2059,1
2060,3
2061,2
2062,7
2063,15
2064,1
2065,7
2066,1
2067,1
2068,1
2069,25
2070,11
2071,1
2072,1
2073,3
2074,1
2075,1
2076,4
2077,3
2078,1
2079,3
2080,1
2081,1
2082,2
2083,1
2084,2
2085,2
2086,3
2087,8
2088,6
2089,1
2090,7
2091,2
2092,1
2093,4
2094,1
2095,2
2096,16
2097,1
2098,4
2099,7
2100,1
2101,1
2102,1
2103,1
2104,1
2105,2
2106,1
2107,5
2108,2
2109,2
2110,21
2111,3
2112,2
2113,1
2114,2
2115,1
2116,5
2117,1
2118,1
2119,2
2120,4
2121,1
2122,9
2123,2
2124,2
2125,1
2126,2
2127,1
2128,6
2129,2
2130,2
2131,9
2132,5
2133,2
2134,10
2135,1
2136,5
2137,1
2138,1
2139,6
2140,8
2141,5
2142,1
2143,20
2144,2
2145,13
2146,1
2147,8
2148,1
2149,1
2150,2
2151,1
2152,1
2153,1
2154,2
2155,92
2156,9
2157,3
2158,1
2159,3
2160,1
2161,4
2162,2
2163,1
2164,2
2165,2
2166,1
2167,21
2168,2
2169,4
2170,3
2171,1
2172,1
2173,2
2174,1
2175,3
2176,1
2177,6
2178,5
2179,1
2180,1
2181,1
2182,NA
2183,4
2184,4
2185,1
2186,20
2187,1
2188,1
2189,17
2190,1
2191,1
2192,1
2193,1
2194,30
2195,5
2196,20
2197,2
2198,1
2199,1
2200,8
2201,2
2202,4
2203,3
2204,1
2205,2
2206,11
2207,1
2208,3
2209,17
2210,636
2211,2
2212,1
2213,1
2214,2
2215,6
2216,1
2217,2
2218,4
2219,14
2220,1
2221,3
2222,3
2223,3
2224,3
2225,1
2226,1
2227,3
2228,1
2229,13
2230,1
2231,4
2232,1
2233,1
2234,5
2235,2
2236,12
2237,5
2238,17
2239,1
2240,7
2241,1
2242,26
2243,3
2244,3
2245,4
2246,514
2247,1
2248,1
2249,5
2250,1
2251,18
2252,2
2253,14
2254,1
2255,1
2256,2
2257,1
2258,1
2259,2
2260,1
2261,7
2262,15
2263,1
2264,1
2265,1
2266,3
2267,18
2268,4
2269,2
2270,6
2271,9
2272,10
2273,2
2274,1
2275,4
2276,1
2277,2
2278,2
2279,1
2280,5
2281,1
2282,1
2283,3
2284,1
2285,3
2286,459
2287,2
2288,1
2289,1
2290,4
2291,1
2292,3
2293,1
2294,2
2295,8
2296,1
2297,2
2298,1
2299,1
2300,1
2301,2
2302,22
2303,6
2304,1
2305,8
2306,7
2307,3
2308,5
2309,1
2310,1
2311,2
2312,2
2313,1
2314,1
2315,3
2316,5
2317,2
2318,9
2319,2
2320,2
2321,1
2322,3
2323,14
2324,3
2325,1
2326,1
2327,18
2328,3
2329,2
2330,12
2331,4
2332,1
2333,8
2334,1
2335,23
2336,20
2337,5
2338,4
2339,1
2340,1
2341,1
2342,1
2343,2
2344,2
2345,1
2346,5
2347,15
2348,6
2349,4
2350,3
2351,1
2352,1
2353,33
2354,38
2355,2
2356,5
2357,2
2358,1
2359,1
2360,13
2361,2
2362,1
2363,45
2364,3
2365,1
2366,1
2367,23
2368,21
2369,1
2370,1
2371,46
2372,2
2373,3
2374,1
2375,1
2376,8
2377,3
2378,2
2379,1
2380,3
2381,2
2382,1
2383,1
2384,4
2385,3
2386,5
2387,3
2388,7
2389,14
2390,1
2391,6
2392,8
2393,1
2394,1
2395,2
2396,1
2397,1
2398,3
2399,2
2400,2
2401,17
2402,3
2403,1
2404,1
2405,5
2406,11
2407,5
2408,1
2409,1
2410,1
2411,2
2412,1
2413,9
2414,2
2415,1
2416,1
2417,1
2418,3
2419,1
2420,14
2421,1
2422,7
2423,3
2424,2
2425,1
2426,4
2427,14
2428,4
2429,1
2430,3
2431,1
2432,1
2433,4
2434,4
2435,1
2436,18
2437,1
2438,1
2439,30
2440,1
2441,3
2442,2
2443,1
2444,1
2445,1
2446,76
2447,3
2448,5
2449,2
2450,4
2451,1
2452,1
2453,7
2454,3
2455,503
2456,5
2457,2
2458,1
2459,1
2460,1
2461,5
2462,11
2463,1
2464,1
2465,2
2466,2
2467,1
2468,25
2469,23
2470,1
2471,3
2472,1
2473,2
2474,3
2475,4
2476,2
2477,1
2478,8
2479,1
2480,1
2481,1
2482,1
2483,4
2484,1
2485,4
2486,9
2487,2
2488,2
2489,3
2490,5
2491,2
2492,1
2493,8
2494,6
2495,12
2496,4
2497,8
2498,2
2499,4
2500,1
2501,1
2502,3
2503,27
2504,5
2505,2
2506,2
2507,14
2508,1
2509,10
2510,1
2511,2
2512,14
2513,1
2514,2
2515,2
2516,1
2517,3
2518,2
2519,7
2520,1
2521,3
2522,2
2523,1
2524,6
2525,3
2526,1
2527,1
2528,1
2529,13
2530,1
2531,1
2532,65
2533,1
2534,7
2535,1
2536,2
2537,1
2538,4
2539,3
2540,11
2541,13
2542,1
2543,3
2544,4
2545,4
2546,3
2547,5
2548,11
2549,1
2550,3
2551,76
2552,7
2553,2
2554,2
2555,1
2556,1
2557,1
2558,7
2559,1
2560,9
2561,640
2562,1
2563,5
2564,3
2565,13
2566,1
2567,15
2568,2
2569,1
2570,4
2571,1
2572,1
2573,1
2574,2
2575,16
2576,2
2577,1
2578,6
2579,1
2580,1
2581,2
2582,2
2583,2
2584,5
2585,1
2586,8
2587,1
2588,10
2589,1
2590,3
2591,5
2592,2
2593,2
2594,1
2595,4
2596,1
2597,1
2598,1
2599,2
2600,3
2601,27
2602,4
2603,378
2604,1
2605,1
2606,35
2607,6
2608,1
2609,4
2610,1
2611,2
2612,2
2613,5
2614,55
2615,1
2616,5
2617,1
2618,1
2619,1
2620,7
2621,13
2622,4
2623,2
2624,1
2625,1
2626,3
2627,1
2628,2
2629,4
2630,5
2631,1
2632,7
2633,1
2634,3
2635,1
2636,23
2637,6
2638,10
2639,2
2640,5
2641,2
2642,2
2643,22
2644,4
2645,1
2646,3
2647,3
2648,1
2649,3
2650,4
2651,2
2652,11
2653,1
2654,4
2655,1
2656,1
2657,1
2658,2
2659,1
2660,7
2661,4
2662,1
2663,1
2664,9
2665,5
2666,1
2667,1
2668,1
2669,1
2670,6
2671,1
2672,4
2673,1
2674,3
2675,1
2676,1
2677,2
2678,1
2679,2
2680,2
2681,9
2682,1
2683,27
2684,4
2685,1
2686,3
2687,42
2688,14
2689,1
2690,1
2691,1
2692,7
2693,2
2694,12
2695,2
2696,8
2697,1
2698,1
2699,4
2700,3
2701,6
2702,3
2703,1
2704,51
2705,2
2706,4
2707,2
2708,5
2709,1
2710,1
2711,2
2712,3
2713,1
2714,2
2715,2
2716,1
2717,1
2718,1
2719,1
2720,1
2721,3
2722,1
2723,1
2724,11
2725,1
2726,1
2727,1
2728,26
2729,28
2730,1
2731,4
2732,1
2733,3
2734,42
2735,2
2736,457
2737,2
2738,2
2739,1
2740,3
2741,3
2742,4
2743,4
2744,1
2745,2
2746,918
2747,1
2748,3
2749,9
2750,1
2751,1
2752,385
2753,2
2754,1
2755,10
2756,5
2757,1
2758,1
2759,5
2760,1
2761,9
2762,75
2763,23
2764,1
2765,1
2766,5
2767,9
2768,1
2769,22
2770,2
2771,163
2772,3
2773,2
2774,3
2775,2
2776,1
2777,18
2778,6
2779,11
2780,1
2781,1
2782,1
2783,6
2784,4
2785,1
2786,8
2787,14
2788,1
2789,1
2790,6
2791,2
2792,1
2793,1
2794,3
2795,54
2796,4
2797,18
2798,4
2799,1
2800,5
2801,1
2802,2
2803,1
2804,1
2805,5
2806,1
2807,2
2808,1
2809,3
2810,7
2811,4
2812,12
2813,2
2814,1
2815,1
2816,1
2817,3
2818,1
2819,14
2820,1
2821,10
2822,1
2823,1
2824,4
2825,3
2826,17
2827,1
2828,1
2829,4
2830,11
2831,1
2832,4
2833,2
2834,1
2835,132
2836,3
2837,2
2838,2
2839,1
2840,2
2841,1
2842,5
2843,1
2844,2
2845,3
2846,1
2847,5
2848,4
2849,4
2850,8
2851,1
2852,8
2853,6
2854,50
2855,6
2856,1
2857,2
2858,5
2859,1
2860,18
2861,18
2862,1
2863,1
2864,3
2865,2
2866,1
2867,3
2868,5
2869,1
2870,3
2871,1
2872,7
2873,1
2874,1
2875,2
2876,1
2877,1
2878,1
2879,14
2880,24
2881,5
2882,3
2883,10
2884,3
2885,1
2886,8
2887,1
2888,1
2889,3
2890,40
2891,5
2892,1
2893,15
2894,3
2895,5
2896,8
2897,5
2898,12
2899,479
2900,1
2901,31
2902,1
2903,46
2904,2
2905,53
2906,5
2907,1
2908,22
2909,16
2910,2
2911,4
2912,1
2913,3
2914,1
2915,2
2916,NA
2917,2
2918,1
2919,28
2920,14
2921,1
2922,2
2923,1
2924,2
2925,2
2926,1
2927,1
2928,1
2929,2
2930,1
2931,4
2932,10
2933,1
2934,3
2935,41
2936,2
2937,1
2938,2
2939,4
2940,3
2941,1
2942,5
2943,2
2944,3
2945,34
2946,748
2947,4
2948,4
2949,NA
2950,4
2951,1
2952,3
2953,24
2954,1
2955,1
2956,1
2957,1
2958,5
2959,15
2960,1
2961,2
2962,11
2963,6
2964,3
2965,1
2966,2
2967,7
2968,1
2969,35
2970,8
2971,1
2972,9
2973,4
2974,18
2975,2
2976,2
2977,6
2978,3
2979,1
2980,2
2981,2
2982,2
2983,2
2984,55
2985,1
2986,3
2987,5
2988,1
2989,1
2990,1
2991,1
2992,19
2993,4
2994,6
2995,2
2996,5
2997,2
2998,33
2999,1
3000,3
3001,2
3002,2
3003,1
3004,33
3005,6
3006,1
3007,1
3008,3
3009,1
3010,1
3011,10
3012,2
3013,2
3014,NA
3015,28
3016,43
3017,50
3018,3
3019,2
3020,9
3021,1
3022,5
3023,10
3024,1
3025,9
3026,2
3027,2
3028,4
3029,9
3030,1
3031,1
3032,2
3033,1
3034,24
3035,9
3036,3
3037,11
3038,3
3039,1
3040,1
3041,2
3042,1
3043,2
3044,1
3045,22
3046,8
3047,1
3048,1
3049,1
3050,5
3051,4
3052,2
3053,1
3054,5
3055,1
3056,6
3057,8
3058,1
3059,1
3060,2
3061,2
3062,6
3063,7
3064,2
3065,1
3066,1
3067,2
3068,31
3069,1
3070,13
3071,4
3072,1
3073,1
3074,9
3075,1
3076,2
3077,3
3078,3
3079,1
3080,1
3081,10
3082,1
3083,NA
3084,9
3085,2
3086,2
3087,4
3088,1
3089,1
3090,4
3091,1
3092,2
3093,1
3094,2
3095,14
3096,1
3097,9
3098,3
3099,5
3100,1
3101,1
3102,20
3103,1
3104,2
3105,7
3106,6
3107,190
3108,14
3109,2
3110,2
3111,2
3112,1
3113,10
3114,4
3115,1
3116,1
3117,1
3118,2
3119,3
3120,3
3121,1
3122,1
3123,3
3124,1
3125,1
3126,1
3127,215
3128,1
3129,10
3130,9
3131,2
3132,42
3133,4
3134,3
3135,1
3136,7
3137,1
3138,3
3139,8
3140,1
3141,3
3142,1
3143,5
3144,2
3145,1
3146,31
3147,36
3148,NA
3149,1
3150,3
3151,1
3152,2
3153,6
3154,9
3155,2
3156,1
3157,2
3158,16
3159,1
3160,10
3161,3
3162,2
3163,6
3164,133
3165,1
3166,3
3167,1
3168,27
3169,8
3170,2
3171,9
3172,11
3173,3
3174,4
3175,1
3176,2
3177,6
3178,6
3179,1
3180,7
3181,4
3182,1
3183,2
3184,1
3185,1
3186,44
3187,2
3188,1
3189,5
3190,2
3191,11
3192,1
3193,4
3194,1
3195,1
3196,1
3197,11
3198,1
3199,2
3200,1
3201,3
3202,2
3203,5
3204,3
3205,2
3206,2
3207,1
3208,1
3209,7
3210,1
3211,29
3212,5
3213,1
3214,1
3215,8
3216,1
3217,3
3218,2
3219,1
3220,2
3221,NA
3222,1
3223,3
3224,3
3225,16
3226,13
3227,1
3228,2
3229,2
3230,8
3231,1
3232,2
3233,2
3234,288
3235,13
3236,2
3237,1
3238,7
3239,3
3240,2
3241,2
3242,3
3243,14
3244,7
3245,6
3246,18
3247,4
3248,3
3249,1
3250,1
3251,1
3252,1
3253,5
3254,1
3255,3
3256,1
3257,3
3258,2
3259,17
3260,4
3261,64
3262,2
3263,2
3264,18
3265,2
3266,17
3267,3
3268,1
3269,1
3270,11
3271,1
3272,6
3273,3
3274,15
3275,1
3276,4
3277,5
3278,1
3279,32
3280,5
3281,6
3282,18
3283,2
3284,1
3285,2
3286,79
3287,4
3288,4
3289,2
3290,1
3291,1
3292,1
3293,1
3294,9
3295,2
3296,6
3297,5
3298,1
3299,1
3300,2
3301,1
3302,17
3303,7
3304,3
3305,2
3306,2
3307,26
3308,3
3309,2
3310,1
3311,8
3312,1
3313,1
3314,1
3315,23
3316,3
3317,44
3318,1
3319,1
3320,1
3321,106
3322,1
3323,2
3324,8
3325,2
3326,2
3327,3
3328,1
3329,1
3330,3
3331,1
3332,1
3333,1
3334,2
3335,26
3336,144
3337,2
3338,1
3339,1
3340,19
3341,1
3342,3
3343,4
3344,23
3345,14
3346,13
3347,1
3348,8
3349,2
3350,36
3351,9
3352,7
3353,381
3354,3
3355,1
3356,2
3357,5
3358,86
3359,2
3360,6
3361,4
3362,1
3363,1
3364,1
3365,70
3366,2
3367,5
3368,1
3369,12
3370,1
3371,1
3372,3
3373,13
3374,4
3375,4
3376,1
3377,70
3378,1
3379,5
3380,2
3381,1
3382,1
3383,1
3384,2
3385,25
3386,107
3387,4
3388,2
3389,2
3390,17
3391,7
3392,3
3393,2
3394,1
3395,1
3396,16
3397,1
3398,1
3399,3
3400,4
3401,1
3402,2
3403,57
3404,45
3405,1
3406,1
3407,4
3408,4
3409,1
3410,13
3411,2
3412,9
3413,1
3414,5
3415,8
3416,6
3417,2
3418,17
3419,9
3420,3
3421,5
3422,7
3423,2
3424,1
3425,30
3426,2
3427,3
3428,2
3429,1
3430,1
3431,1
3432,1
3433,3
3434,1
3435,4
3436,2
3437,5
3438,1
3439,2
3440,25
3441,16
3442,2
3443,8
3444,1
3445,3
3446,1
3447,1
3448,1
3449,32
3450,1
3451,1
3452,17
3453,5
3454,2
3455,5
3456,4
3457,2
3458,2
3459,2
3460,1
3461,105
3462,4
3463,5
3464,88
3465,2
3466,1
3467,5
3468,1
3469,1
3470,9
3471,1
3472,1
3473,1
3474,1
3475,7
3476,3
3477,10
3478,1
3479,1
3480,3
3481,1
3482,2
3483,10
3484,2
3485,17
3486,25
3487,4
3488,7
3489,1
3490,1
3491,6
3492,1
3493,14
3494,9
3495,2
3496,1
3497,5
3498,62
3499,1
3500,1
3501,2
3502,1
3503,1
3504,432
3505,3
3506,1
3507,1
3508,2
3509,2
3510,2
3511,19
3512,5
3513,8
3514,1
3515,3
3516,1
3517,2
3518,1
3519,6
3520,2
3521,1
3522,1
3523,2
3524,1
3525,6
3526,NA
3527,6
3528,1
3529,2
3530,3
3531,7
3532,3
3533,6
3534,10
3535,6
3536,4
3537,1
3538,7
3539,13
3540,20
3541,7
3542,3
3543,1
3544,2
3545,1
3546,1
3547,2
3548,1
3549,84
3550,14
3551,41
3552,1
3553,5
3554,2
3555,1
3556,5
3557,4
3558,6
3559,1
3560,1
3561,2
3562,1
3563,1
3564,2
3565,1
3566,3
3567,3
3568,2
3569,1
3570,2
3571,1
3572,1
3573,2
3574,4
3575,4
3576,1
3577,19
3578,16
3579,12
3580,3
3581,1
3582,2
3583,1
3584,2
3585,1
3586,2
3587,2
3588,1
3589,6
3590,5
3591,8
3592,1
3593,1
3594,1
3595,3
3596,110
3597,1
3598,1
3599,2
3600,5
3601,1
3602,1
3603,2
3604,8
3605,1
3606,1
3607,2
3608,2
3609,9
3610,2
3611,2
3612,15
3613,2
3614,6
3615,1
3616,18
3617,8
3618,2
3619,1
3620,1
3621,1
3622,9
3623,53
3624,3
3625,2
3626,2
3627,14
3628,7
3629,6
3630,1
3631,117
3632,1
3633,5
3634,1
3635,2
3636,10
3637,1
3638,4
3639,1
3640,2
3641,1
3642,1
3643,1
3644,1
3645,3
3646,4
3647,1
3648,2
3649,2
3650,1
3651,1
3652,4
3653,4
3654,8
3655,1
3656,1
3657,1
3658,3
3659,41
3660,1
3661,2
3662,1
3663,3
3664,1
3665,3
3666,8
3667,1
3668,4
3669,2
3670,3
3671,3
3672,5
3673,10
3674,1
3675,5
3676,1
3677,1
3678,1
3679,1
3680,15
3681,1
3682,1
3683,1
3684,NA
3685,1
3686,3
3687,2
3688,5
3689,1
3690,1
3691,18
3692,1
3693,1
3694,2
3695,29
3696,1
3697,2
3698,3
3699,2
3700,1
3701,58
3702,5
3703,3
3704,1
3705,1
3706,20
3707,3
3708,50
3709,8
3710,1
3711,10
3712,2
3713,8
3714,3
3715,3
3716,2
3717,1
3718,3
3719,5
3720,1
3721,1
3722,3
3723,4
3724,1
3725,1
3726,12
3727,1
3728,5
3729,3
3730,4
3731,4
3732,1
3733,7
3734,8
3735,1
3736,20
3737,1
3738,1
3739,1
3740,1
3741,3
3742,1
3743,24
3744,4
3745,1
3746,4
3747,1
3748,8
3749,1
3750,5
3751,108
3752,19
3753,1
3754,2
3755,1
3756,6
3757,2
3758,1
3759,7
3760,4
3761,3
3762,1
3763,1
3764,18
3765,4
3766,1
3767,1
3768,13
3769,1
3770,16
3771,4
3772,2
3773,1
3774,13
3775,5
3776,1
3777,3
3778,2
3779,7
3780,2
3781,2
3782,2
3783,1
3784,1
3785,3
3786,18
3787,4
3788,1
3789,1
3790,38
3791,5
3792,2
3793,2
3794,1
3795,3
3796,8
3797,2
3798,7
3799,3
3800,1
3801,2
3802,2
3803,7
3804,1
3805,6
3806,11
3807,1
3808,2
3809,1
3810,5
3811,2
3812,10
3813,3
3814,4
3815,1
3816,2
3817,3
3818,14
3819,18
3820,15
3821,29
3822,3
3823,9
3824,1
3825,1
3826,1
3827,2
3828,4
3829,1
3830,1
3831,49
3832,1
3833,4
3834,23
3835,1
3836,4
3837,5
3838,1
3839,2
3840,1
3841,2
3842,4
3843,1
3844,1
3845,1
3846,1
3847,1
3848,8
3849,1
3850,15
3851,1
3852,2
3853,3
3854,5
3855,12
3856,2
3857,46
3858,1
3859,19
3860,54
3861,7
3862,544
3863,2
3864,1
3865,3
3866,1
3867,2
3868,7
3869,2
3870,1
3871,3
3872,1
3873,1
3874,2
3875,30
3876,2
3877,4
3878,1
3879,17
3880,1
3881,1
3882,1
3883,39
3884,2
3885,6
3886,13
3887,1
3888,1
3889,5
3890,8
3891,1
3892,2
3893,4
3894,1
3895,1
3896,1
3897,2
3898,62
3899,13
3900,1
3901,2
3902,2
3903,6
3904,2
3905,20
3906,4
3907,1
3908,3
3909,1
3910,22
3911,NA
3912,2
3913,3
3914,3
3915,1
3916,1
3917,1
3918,6
3919,2
3920,3
3921,3
3922,2
3923,1
3924,1
3925,4
3926,11
3927,1
3928,44
3929,2
3930,1
3931,4
3932,6
3933,1
3934,1
3935,7
3936,3
3937,1
3938,1
3939,3
3940,8
3941,1
3942,1
3943,2
3944,8
3945,7
3946,NA
3947,5
3948,3
3949,5
3950,2
3951,1
3952,6
3953,4
3954,5
3955,2
3956,31
3957,3
3958,2
3959,3
3960,5
3961,127
3962,13
3963,1
3964,2
3965,2
3966,1
3967,4
3968,1
3969,11
3970,8
3971,83
3972,1
3973,1
3974,47
3975,1
3976,3
3977,2
3978,3
3979,1
3980,4
3981,5
3982,2
3983,1
3984,2
3985,1
3986,13
3987,59
3988,2
3989,1
3990,2
3991,3
3992,2
3993,1
3994,17
3995,2
3996,1
3997,5
3998,1
3999,1
4000,4
4001,1
4002,4
4003,2
4004,1
4005,1
4006,1
4007,3
4008,1
4009,9
4010,1
4011,3
4012,1
4013,3
4014,8
4015,4
4016,2
4017,12
4018,1
4019,22
4020,7
4021,1
4022,1
4023,3
4024,5
4025,32
4026,2
4027,1
4028,1
4029,4
4030,4
4031,1
4032,1
4033,1
4034,2
4035,2
4036,3
4037,14
4038,2
4039,2
4040,22
4041,2
4042,4
4043,1
4044,9
4045,2
4046,1
4047,4
4048,1
4049,1
4050,1
4051,18
4052,1
4053,1
4054,4
4055,1
4056,6
4057,6
4058,2
4059,1
4060,1
4061,2
4062,1
4063,30
4064,29
4065,8
4066,7
4067,4
4068,1
4069,2
4070,1
4071,66
4072,2
4073,1
4074,1
4075,2
4076,7
4077,2
4078,11
4079,2
4080,2
4081,5
4082,2
4083,2
4084,1
4085,3
4086,4
4087,1
4088,7
4089,3
4090,1
4091,1
4092,1
4093,27
4094,19
4095,1
4096,1
4097,3
4098,122
4099,7
4100,9
4101,1
4102,3
4103,1
4104,12
4105,2
4106,4
4107,3
4108,1
4109,3
4110,4
4111,2
4112,9
4113,3
4114,3
4115,2
4116,1
4117,3
4118,1
4119,1
4120,1
4121,3
4122,2
4123,19
4124,1
4125,1
4126,169
4127,1
4128,2
4129,4
4130,9
4131,2
4132,3
4133,1
4134,78
4135,15
4136,97
4137,5
4138,1
4139,2
4140,2
4141,3
4142,2
4143,2
4144,1
4145,1
4146,1
4147,2
4148,1
4149,2
4150,1
4151,2
4152,7
4153,2
4154,1
4155,13
4156,21
4157,1
4158,3
4159,9
4160,2
4161,7
4162,3
4163,2
4164,5
4165,1
4166,87
4167,6
4168,1
4169,1
4170,41
4171,1
4172,16
4173,2
4174,1
4175,1
4176,4
4177,3
4178,40
4179,1
4180,2
4181,39
4182,1
4183,4
4184,6
4185,1
4186,4
4187,65
4188,8
4189,25
4190,4
4191,10
4192,1
4193,2
4194,3
4195,1
4196,15
4197,3
4198,16
4199,8
4200,1
4201,34
4202,1
4203,12
4204,3
4205,2
4206,4
4207,2
4208,50
4209,1
4210,1
4211,7
4212,5
4213,2
4214,1
4215,5
4216,26
4217,1
4218,1
4219,16
4220,2
4221,1
4222,1
4223,1
4224,4
4225,1
4226,2
4227,1
4228,1
4229,4
4230,1
4231,1
4232,1
4233,3
4234,1
4235,4
4236,4
4237,1
4238,1
4239,1
4240,2
4241,5
4242,4
4243,1
4244,1
4245,2
4246,3
4247,2
4248,2
4249,6
4250,1
4251,1
4252,1
4253,1
4254,4
4255,23
4256,1
4257,273
4258,2
4259,2
4260,1
4261,4
4262,1
4263,1
4264,1
4265,3
4266,1
4267,1
4268,23
4269,6
4270,6
4271,1
4272,5
4273,8
4274,13
4275,2
4276,1
4277,1
4278,4
4279,1
4280,3
4281,1
4282,2
4283,1
4284,7
4285,1
4286,2
4287,2
4288,1
4289,11
4290,1
4291,1
4292,4
4293,11
4294,1
4295,137
4296,8
4297,1
4298,3
4299,11
4300,1
4301,1
4302,9
4303,6
4304,1
4305,1
4306,2
4307,1
4308,4
4309,3
4310,3
4311,4
4312,1
4313,1
4314,1
4315,6
4316,605
4317,14
4318,2
4319,6
4320,1
4321,1
4322,1
4323,1
4324,2
4325,4
4326,7
4327,11
4328,5
4329,7
4330,7
4331,4
4332,2
4333,1
4334,1
4335,2
4336,25
4337,244
4338,2
4339,11
4340,3
4341,1
4342,3
4343,8
4344,1
4345,2
4346,1
4347,2
4348,3
4349,6
4350,1
4351,19
4352,2
4353,1
4354,8
4355,352
4356,1
4357,48
4358,3
4359,2
4360,299
4361,4
4362,8
4363,3
4364,1
4365,1
4366,2
4367,2
4368,2
4369,5
4370,3
4371,1
4372,1
4373,4
4374,1
4375,5
4376,2
4377,20
4378,1
4379,4
4380,3
4381,1
4382,1
4383,4
4384,1
4385,6
4386,7
4387,34
4388,1
4389,2
4390,2
4391,2
4392,1
4393,1
4394,4
4395,2
4396,1
4397,1
4398,15
4399,3
4400,1
4401,3
4402,1
4403,1
4404,1
4405,9
4406,2
4407,1
4408,4
4409,1
4410,7
4411,14
4412,1
4413,1
4414,12
4415,3
4416,6
4417,1
4418,2
4419,11
4420,3
4421,58
4422,12
4423,NA
4424,1
4425,2
4426,12
4427,1
4428,3
4429,2
4430,2
4431,5
4432,3
4433,1
4434,1
4435,1
4436,2
4437,1
4438,49
4439,1
4440,2
4441,2
4442,6
4443,92
4444,6
4445,4
4446,1
4447,3
4448,7
4449,1
4450,6
4451,12
4452,1
4453,3
4454,26
4455,1
4456,15
4457,4
4458,1
4459,1
4460,1
4461,2
4462,14
4463,18
4464,3
4465,4
4466,5
4467,1
4468,1
4469,1
4470,11
4471,4
4472,137
4473,1
4474,1
4475,9
4476,1
4477,3
4478,3
4479,2
4480,4
4481,1
4482,9
4483,1
4484,1
4485,2
4486,2
4487,19
4488,4
4489,1
4490,69
4491,1
4492,12
4493,2
4494,4
4495,1
4496,6
4497,1
4498,22
4499,3
4500,116
4501,3
4502,2
4503,3
4504,1
4505,3
4506,4
4507,8
4508,12
4509,8
4510,1
4511,4
4512,1
4513,3
4514,6
4515,1
4516,1
4517,2
4518,1
4519,12
4520,2
4521,5
4522,1
4523,2
4524,1
4525,1
4526,1
4527,9
4528,1
4529,9
4530,2
4531,1
4532,8
4533,55
4534,3
4535,6
4536,5
4537,35
4538,1
4539,13
4540,28
4541,2
4542,1
4543,2
4544,1
4545,1
4546,8
4547,15
4548,2
4549,1
4550,1
4551,1
4552,1
4553,1
4554,3
4555,2
4556,1
4557,1
4558,4
4559,1
4560,2
4561,102
4562,123
4563,5
4564,3
4565,3
4566,1
4567,2
4568,1
4569,3
4570,1
4571,1
4572,1
4573,17
4574,19
4575,1
4576,2
4577,120
4578,2
4579,1
4580,1
4581,2
4582,1
4583,4
4584,13
4585,1
4586,3
4587,7
4588,3
4589,1
4590,5
4591,1
4592,100
4593,2
4594,2
4595,6
4596,13
4597,3
4598,144
4599,3
4600,2
4601,1
4602,1
4603,1
4604,6
4605,4
4606,2
4607,9
4608,1
4609,1
4610,1
4611,3
4612,1
4613,1
4614,1
4615,3
4616,27
4617,15
4618,15
4619,2
4620,3
4621,19
4622,2
4623,2
4624,3
4625,3
4626,4
4627,3
4628,5
4629,3
4630,2
4631,1
4632,2
4633,2
4634,4
4635,7
4636,3
4637,1
4638,3
4639,2
4640,1
4641,1
4642,1
4643,1
4644,1
4645,4
4646,14
4647,1
4648,2
4649,2
4650,1
4651,2
4652,1
4653,6
4654,1
4655,1
4656,16
4657,1
4658,3
4659,3
4660,4
4661,2
4662,1
4663,7
4664,1
4665,2
4666,22
4667,6
4668,2
4669,1
4670,1
4671,1
4672,3
4673,4
4674,17
4675,4
4676,1
4677,1
4678,19
4679,1
4680,3
4681,2
4682,1
4683,3
4684,4
4685,2
4686,10
4687,4
4688,3
4689,4
4690,1
4691,3
4692,1
4693,1
4694,1
4695,4
4696,1
4697,5
4698,5
4699,3
4700,3
4701,1
4702,3
4703,1
4704,1
4705,4
4706,1
4707,8
4708,1
4709,2
4710,5
4711,39
4712,13
4713,96
4714,1
4715,1
4716,3
4717,11
4718,2
4719,1
4720,5
4721,3
4722,3
4723,2
4724,4
4725,3
4726,1
4727,1
4728,1
4729,7
4730,8
4731,2
4732,1
4733,1
4734,3
4735,1
4736,18
4737,3
4738,5
4739,1
4740,1
4741,1
4742,1
4743,1
4744,3
4745,6
4746,11
4747,1
4748,3
4749,4
4750,34
4751,4
4752,6
4753,6
4754,1
4755,1
4756,6
4757,1
4758,51
4759,2
4760,1
4761,5
4762,2
4763,1
4764,1
4765,24
4766,2
4767,2
4768,2
4769,6
4770,14
4771,4
4772,3
4773,32
4774,1
4775,4
4776,21
4777,1
4778,6
4779,20
4780,4
4781,7
4782,2
4783,1
4784,1
4785,3
4786,3
4787,2
4788,11
4789,1
4790,1
4791,1
4792,1
4793,3
4794,1
4795,1
4796,10
4797,3
4798,1
4799,7
4800,3
4801,2
4802,4
4803,2
4804,1
4805,2
4806,1
4807,3
4808,1
4809,2
4810,1
4811,27
4812,1
4813,10
4814,2
4815,1
4816,5
4817,1
4818,1
4819,3
4820,3
4821,549
4822,2
4823,12
4824,4
4825,7
4826,1
4827,1
4828,2
4829,1
4830,7
4831,57
4832,1
4833,2
4834,3
4835,2
4836,40
4837,6
4838,4
4839,3
4840,1
4841,1
4842,2
4843,17
4844,2
4845,2
4846,5
4847,1
4848,1
4849,3
4850,1
4851,1
4852,2
4853,2
4854,6
4855,9
4856,5
4857,1
4858,1
4859,1
4860,1
4861,8
4862,3
4863,2
4864,6
4865,22
4866,1
4867,1
4868,3
4869,6
4870,2
4871,16
4872,5
4873,1
4874,2
4875,25
4876,1
4877,4
4878,1
4879,1
4880,1
4881,2
4882,3
4883,12
4884,4
4885,1
4886,3
4887,8
4888,1
4889,1
4890,10
4891,11
4892,1
4893,4
4894,1
4895,5
4896,1
4897,1
4898,4
4899,1
4900,3
4901,1
4902,3
4903,1
4904,3
4905,2
4906,22
4907,2
4908,1
4909,3
4910,2
4911,88
4912,3
4913,20
4914,2
4915,1
4916,1
4917,10
4918,1
4919,57
4920,5
4921,13
4922,3
4923,2
4924,1
4925,5
4926,47
4927,1
4928,2
4929,2
4930,1
4931,1
4932,4
4933,5
4934,1
4935,1
4936,5
4937,3
4938,4
4939,7
4940,16
4941,22
4942,1
4943,3
4944,9
4945,1
4946,1
4947,2
4948,1
4949,1
4950,5
4951,1
4952,1
4953,5
4954,2
4955,5
4956,1
4957,14
4958,2
4959,3
4960,3
4961,3
4962,1
4963,1
4964,5
4965,1
4966,1
4967,3
4968,2
4969,1
4970,2
4971,1
4972,2
4973,2
4974,1
4975,3
4976,4
4977,1
4978,2
4979,2
4980,2
4981,5
4982,10
4983,2
4984,3
4985,1
4986,12
4987,3
4988,1
4989,4
4990,49
4991,1
4992,1
4993,1
4994,1
4995,5
4996,18
4997,1
4998,1
4999,3
5000,1
5001,3
5002,1
5003,3
5004,2
5005,1
5006,11
5007,12
5008,8
5009,15
5010,2
5011,4
5012,1
5013,1
5014,9
5015,3
5016,6
5017,2
5018,7
5019,3
5020,1
5021,6
5022,1
5023,3
5024,8
5025,2
5026,1
5027,1
5028,3
5029,2
5030,3
5031,9
5032,7
5033,2
5034,2
5035,1
5036,2
5037,1
5038,5
5039,1
5040,4
5041,1
5042,7
5043,1
5044,1
5045,5
5046,59
5047,1
5048,2
5049,1
5050,1
5051,21
5052,2
5053,1
5054,1
5055,3
5056,1
5057,2
5058,1
5059,5
5060,1
5061,2
5062,3
5063,1
5064,2
5065,1
5066,3
5067,1
5068,1
5069,2
5070,1
5071,14
5072,1
5073,2
5074,4
5075,8
5076,1
5077,1
5078,3
5079,1
5080,3
5081,4
5082,1
5083,1
5084,7
5085,1
5086,9
5087,5
5088,1
5089,20
5090,110
5091,2
5092,3
5093,3
5094,2
5095,5
5096,3
5097,2
5098,19
5099,1
5100,1
5101,6
5102,2
5103,2
5104,1
5105,1
5106,1
5107,7
5108,2
5109,4
5110,1
5111,3
5112,2
5113,1
5114,9
5115,4
5116,1
5117,1
5118,7
5119,1
5120,1
5121,4
5122,2
5123,2
5124,1
5125,2
5126,6
5127,3
5128,3
5129,2
5130,1
5131,11
5132,27
5133,1
5134,3
5135,1
5136,60
5137,25
5138,1
5139,1
5140,1
5141,26
5142,3
5143,4
5144,4
5145,3
5146,1
5147,14
5148,8
5149,1
5150,6
5151,1
5152,1
5153,130
5154,8
5155,3
5156,1
5157,3
5158,10
5159,2
5160,1
5161,2
5162,4
5163,1
5164,8
5165,1
5166,3
5167,3
5168,1
5169,7
5170,1
5171,4
5172,7
5173,5
5174,2
5175,2
5176,4
5177,1
5178,12
5179,1
5180,1
5181,1
5182,2
5183,1
5184,1
5185,2
5186,12
5187,1
5188,1
5189,57
5190,18
5191,1
5192,6
5193,16
5194,1
5195,1
5196,5
5197,25
5198,17
5199,2
5200,1
5201,1
5202,2
5203,5
5204,2
5205,1
5206,2
5207,1
5208,1
5209,3
5210,23
5211,2
5212,7
5213,8
5214,4
5215,1
5216,7
5217,1
5218,8
5219,1
5220,2
5221,1
5222,2
5223,2
5224,2
5225,14
5226,11
5227,23
5228,1
5229,15
5230,4
5231,26
5232,1
5233,7
5234,4
5235,2
5236,2
5237,5
5238,1
5239,1
5240,47
5241,3
5242,17
5243,16
5244,26
5245,1
5246,1
5247,3
5248,916
5249,1
5250,4
5251,1
5252,6
5253,1
5254,1
5255,2
5256,1
5257,1
5258,2
5259,5
5260,14
5261,5
5262,4
5263,7
5264,15
5265,1
5266,1
5267,1
5268,156
5269,2
5270,2
5271,3
5272,1
5273,1
5274,1
5275,1
5276,3
5277,2
5278,2
5279,1
5280,2
5281,1
5282,6
5283,3
5284,2
5285,5
5286,9
5287,2
5288,1
5289,5
5290,3
5291,2
5292,2
5293,1
5294,1
5295,2
5296,3
5297,2
5298,1
5299,4
5300,28
5301,2
5302,1
5303,5
5304,27
5305,6
5306,1
5307,7
5308,3
5309,3
5310,1
5311,3
5312,4
5313,1
5314,2
5315,1
5316,3
5317,12
5318,2
5319,1
5320,31
5321,1
5322,9
5323,40
5324,1
5325,441
5326,54
5327,2
5328,4
5329,NA
5330,1
5331,1
5332,8
5333,4
5334,1
5335,1
5336,50
5337,717
5338,11
5339,4
5340,2
5341,1
5342,5
5343,1
5344,2
5345,3
5346,16
5347,11
5348,2
5349,4
5350,1
5351,4
5352,3
5353,8
5354,6
5355,1
5356,7
5357,1
5358,1
5359,4
5360,10
5361,NA
5362,1
5363,3
5364,1
5365,18
5366,7
5367,167
5368,8
5369,1
5370,22
5371,24
5372,1
5373,13
5374,12
5375,6
5376,4
5377,1
5378,3
5379,26
5380,3
5381,6
5382,1
5383,1
5384,1
5385,7
5386,2
5387,1
5388,11
5389,7
5390,3
5391,1
5392,2
5393,1
5394,4
5395,4
5396,1
5397,2
5398,2
5399,1
5400,1
5401,1
5402,12
5403,2
5404,1
5405,10
5406,1
5407,15
5408,1
5409,2
5410,7
5411,3
5412,2
5413,3
5414,2
5415,1
5416,2
5417,2
5418,1
5419,1
5420,2
5421,4
5422,1
5423,4
5424,1
5425,6
5426,16
5427,1
5428,3
5429,1
5430,15
5431,2
5432,2
5433,2
5434,2
5435,762
5436,5
5437,4
5438,1
5439,1
5440,164
5441,1
5442,1
5443,7
5444,2
5445,19
5446,1
5447,1
5448,47
5449,1
5450,9
5451,4
5452,2
5453,1
5454,2
5455,3
5456,1
5457,89
5458,14
5459,1
5460,3
5461,5
5462,2
5463,2
5464,60
5465,2
5466,2
5467,1
5468,4
5469,1
5470,21
5471,4
5472,5
5473,1
5474,1
5475,1
5476,873
5477,1
5478,4
5479,2
5480,1
5481,10
5482,2
5483,1
5484,1
5485,4
5486,3
5487,7
5488,2
5489,3
5490,1
5491,1
5492,3
5493,2
5494,2
5495,73
5496,1
5497,1
5498,1
5499,342
5500,6
5501,1
5502,2
5503,15
5504,3
5505,1
5506,1
5507,2
5508,5
5509,2
5510,1
5511,2
5512,19
5513,7
5514,4
5515,1
5516,2
5517,4
5518,1
5519,3
5520,3
5521,6
5522,1
5523,3
5524,1
5525,18
5526,132
5527,648
5528,3
5529,2
5530,1
5531,1
5532,5
5533,3
5534,4
5535,2
5536,2
5537,1
5538,1
5539,3
5540,1
5541,1
5542,4
5543,1
5544,1
5545,1
5546,3
5547,2
5548,1
5549,2
5550,2
5551,38
5552,8
5553,1
5554,4
5555,3
5556,2
5557,10
5558,2
5559,2
5560,26
5561,28
5562,7
5563,2
5564,2
5565,2
5566,1
5567,7
5568,32
5569,3
5570,2
5571,104
5572,1
5573,15
5574,1
5575,1
5576,3
5577,2
5578,1
5579,2
5580,1
5581,117
5582,1
5583,9
5584,5
5585,1
5586,3
5587,2
5588,7
5589,1
5590,1
5591,2
5592,1
5593,1
5594,5
5595,1
5596,1
5597,15
5598,3
5599,4
5600,3
5601,2
5602,1
5603,4
5604,5
5605,3
5606,1
5607,1
5608,2
5609,1
5610,8
5611,4
5612,2
5613,4
5614,12
5615,2
5616,1
5617,1
5618,4
5619,17
5620,1
5621,1
5622,3
5623,8
5624,22
5625,1
5626,2
5627,6
5628,1
5629,1
5630,63
5631,4
5632,3
5633,5
5634,1
5635,107
5636,3
5637,31
5638,1
5639,1
5640,3
5641,6
5642,1
5643,1
5644,8
5645,4
5646,1
5647,6
5648,5
5649,1
5650,2
5651,2
5652,4
5653,15
5654,9
5655,1
5656,1
5657,1
5658,39
5659,2
5660,63
5661,5
5662,5
5663,1
5664,1
5665,8
5666,3
5667,4
5668,3
5669,8
5670,1
5671,1
5672,1
5673,4
5674,1
5675,4
5676,1
5677,1
5678,3
5679,9
5680,1
5681,5
5682,2
5683,2
5684,3
5685,1
5686,48
5687,1
5688,1
5689,24
5690,5
5691,31
5692,8
5693,8
5694,8
5695,4
5696,5
5697,1
5698,6
5699,1
5700,1
5701,1
5702,6
5703,6
5704,1
5705,1
5706,15
5707,2
5708,1
5709,1
5710,10
5711,38
5712,4
5713,2
5714,1
5715,2
5716,3
5717,4
5718,1
5719,2
5720,7
5721,191
5722,7
5723,1
5724,46
5725,43
5726,1
5727,1
5728,2
5729,6
5730,1
5731,47
5732,4
5733,3
5734,3
5735,1
5736,3
5737,3
5738,2
5739,2
5740,7
5741,1
5742,5
5743,12
5744,1
5745,30
5746,4
5747,3
5748,376
5749,1
5750,1
5751,1
5752,2
5753,5
5754,6
5755,2
5756,1
5757,3
5758,3
5759,6
5760,1
5761,12
5762,1
5763,7
5764,1
5765,5
5766,10
5767,1
5768,8
5769,1
5770,1
5771,10
5772,1
5773,2
5774,5
5775,2
5776,1
5777,6
5778,1
5779,1
5780,3
5781,6
5782,6
5783,4
5784,2
5785,4
5786,3
5787,4
5788,2
5789,1
5790,2
5791,1
5792,1
5793,30
5794,3
5795,42
5796,1
5797,1
5798,12
5799,63
5800,10
5801,132
5802,16
5803,4
5804,3
5805,3
5806,10
5807,1
5808,2
5809,1
5810,1
5811,2
5812,2
5813,1
5814,1
5815,3
5816,1
5817,7
5818,1
5819,2
5820,3
5821,1
5822,24
5823,1
5824,1
5825,1
5826,2
5827,1
5828,24
5829,2
5830,1
5831,2
5832,62
5833,2
5834,4
5835,1
5836,14
5837,16
5838,2
5839,3
5840,7
5841,1
5842,1
5843,3
5844,6
5845,2
5846,1
5847,1
5848,1
5849,9
5850,4
5851,4
5852,2
5853,1
5854,1
5855,1
5856,5
5857,4
5858,18
5859,1
5860,13
5861,14
5862,1
5863,11
5864,5
5865,1
5866,1
5867,73
5868,2
5869,4
5870,6
5871,3
5872,1
5873,2
5874,1
5875,1
5876,1
5877,1
5878,324
5879,5
5880,4
5881,2
5882,1
5883,1
5884,4
5885,2
5886,12
5887,1
5888,5
5889,1
5890,7
5891,1
5892,3
5893,1
5894,1
5895,440
5896,8
5897,NA
5898,NA
5899,3
5900,1
5901,1
5902,1
5903,11
5904,1
5905,23
5906,195
5907,4
5908,1
5909,45
5910,5
5911,14
5912,1
5913,28
5914,1
5915,1
5916,1
5917,2
5918,2
5919,1
5920,89
5921,1
5922,1
5923,16
5924,3
5925,1
5926,4
5927,2
5928,1
5929,795
5930,1
5931,11
5932,6
5933,3
5934,2
5935,5
5936,3
5937,4
5938,1
5939,4
5940,3
5941,6
5942,2
5943,4
5944,3
5945,3
5946,1
5947,3
5948,2
5949,5
5950,1
5951,1
5952,1
5953,126
5954,1
5955,4
5956,2
5957,1
5958,20
5959,NA
5960,3
5961,7
5962,20
5963,1
5964,13
5965,8
5966,6
5967,2
5968,47
5969,6
5970,1
5971,13
5972,NA
5973,2
5974,12
5975,4
5976,2
5977,1
5978,4
5979,3
5980,5
5981,1
5982,1
5983,5
5984,1
5985,4
5986,2
5987,1
5988,415
5989,1
5990,3
5991,208
5992,2
5993,1
5994,1
5995,2
5996,1
5997,8
5998,4
5999,2
6000,14
6001,2
6002,3
6003,1
6004,2
6005,5
6006,1
6007,1
6008,1
6009,40
6010,4
6011,3
6012,7
6013,3
6014,3
6015,2
6016,1
6017,7
6018,5
6019,1
6020,5
6021,8
6022,12
6023,1
6024,3
6025,2
6026,2
6027,3
6028,2
6029,66
6030,12
6031,1
6032,2
6033,2
6034,6
6035,2
6036,3
6037,1
6038,21
6039,9
6040,6
6041,5
6042,1
6043,2
6044,1
6045,1
6046,8
6047,1
6048,4
6049,5
6050,5
6051,1
6052,12
6053,10
6054,2
6055,2
6056,1
6057,1
6058,48
6059,4
6060,2
6061,4
6062,5
6063,1
6064,5
6065,3
6066,1
6067,3
6068,5
6069,7
6070,1
6071,61
6072,4
6073,3
6074,2
6075,1
6076,22
6077,2
6078,3
6079,4
6080,1
6081,4
6082,1
6083,1
6084,5
6085,1
6086,22
6087,17
6088,18
6089,7
6090,1
6091,2
6092,1
6093,1
6094,4
6095,3
6096,NA
6097,2
6098,3
6099,72
6100,6
6101,3
6102,10
6103,1
6104,1
6105,10
6106,1
6107,1
6108,7
6109,3
6110,4
6111,5
6112,1
6113,8
6114,3
6115,30
6116,53
6117,1
6118,1
6119,94
6120,6
6121,3
6122,1
6123,10
6124,1
6125,1
6126,1
6127,1
6128,2
6129,1
6130,9
6131,1
6132,2
6133,3
6134,1
6135,13
6136,17
6137,4
6138,2
6139,28
6140,1
6141,37
6142,2
6143,1
6144,2
6145,6
6146,3
6147,1
6148,1
6149,10
6150,1
6151,2
6152,5
6153,27
6154,4
6155,2
6156,12
6157,1
6158,2
6159,16
6160,1
6161,14
6162,2
6163,10
6164,7
6165,11
6166,2
6167,4
6168,3
6169,1
6170,1
6171,1
6172,2
6173,2
6174,1
6175,2
6176,1
6177,2
6178,1
6179,3
6180,1
6181,2
6182,1
6183,1
6184,68
6185,1
6186,2
6187,1
6188,2
6189,NA
6190,1
6191,45
6192,3
6193,2
6194,1
6195,1
6196,50
6197,2
6198,27
6199,4
6200,2
6201,1
6202,5
6203,1
6204,1
6205,1
6206,1
6207,2
6208,5
6209,4
6210,2
6211,12
6212,3
6213,6
6214,2
6215,2
6216,1
6217,3
6218,1
6219,1
6220,1
6221,3
6222,1
6223,1
6224,1
6225,7
6226,1
6227,6
6228,5
6229,1
6230,30
6231,7
6232,1
6233,3
6234,1
6235,32
6236,4
6237,1
6238,1
6239,3
6240,3
6241,1
6242,3
6243,1
6244,3
6245,3
6246,3
6247,6
6248,6
6249,2
6250,2
6251,6
6252,3
6253,5
6254,1
6255,3
6256,2
6257,2
6258,1
6259,1
6260,1
6261,4
6262,5
6263,NA
6264,61
6265,2
6266,2
6267,1
6268,6
6269,1
6270,8
6271,4
6272,1
6273,1
6274,1
6275,6
6276,3
6277,3
6278,1
6279,1
6280,1
6281,176
6282,1
6283,1
6284,10
6285,1
6286,7
6287,8
6288,32
6289,1
6290,35
6291,165
6292,1
6293,3
6294,8
6295,1
6296,4
6297,6
6298,3
6299,35
6300,1
6301,3
6302,1
6303,9
6304,28
6305,8
6306,6
6307,16
6308,9
6309,1
6310,1
6311,3
6312,3
6313,8
6314,3
6315,3
6316,2
6317,2
6318,3
6319,2
6320,1
6321,1
6322,1
6323,1
6324,1
6325,29
6326,4
6327,1
6328,3
6329,2
6330,2
6331,4
6332,107
6333,22
6334,1
6335,1
6336,124
6337,3
6338,123
6339,1
6340,5
6341,1
6342,6
6343,1
6344,3
6345,1
6346,5
6347,2
6348,8
6349,5
6350,3
6351,1
6352,1
6353,1
6354,3
6355,1
6356,4
6357,1
6358,73
6359,1
6360,29
6361,9
6362,11
6363,2
6364,128
6365,11
6366,3
6367,1
6368,2
6369,1
6370,1
6371,1
6372,1
6373,3
6374,1
6375,4
6376,1
6377,6
6378,2
6379,8
6380,1
6381,1
6382,3
6383,2
6384,1
6385,1
6386,2
6387,22
6388,1
6389,3
6390,1
6391,2
6392,9
6393,2
6394,8
6395,1
6396,35
6397,2
6398,1
6399,2
6400,685
6401,2
6402,7
6403,2
6404,5
6405,8
6406,1
6407,1
6408,1
6409,4
6410,2
6411,7
6412,1
6413,1
6414,1
6415,1
6416,1
6417,28
6418,1
6419,3
6420,2
6421,3
6422,3
6423,1
6424,3
6425,98
6426,3
6427,5
6428,1
6429,1
6430,4
6431,6
6432,2
6433,1
6434,2
6435,1
6436,2
6437,1
6438,2
6439,14
6440,1
6441,1
6442,2
6443,1
6444,49
6445,12
6446,1
6447,1
6448,2
6449,13
6450,16
6451,NA
6452,2
6453,12
6454,3
6455,2
6456,5
6457,1
6458,67
6459,3
6460,14
6461,3
6462,8
6463,3
6464,7
6465,3
6466,3
6467,7
6468,4
6469,2
6470,6
6471,10
6472,1
6473,11
6474,1
6475,13
6476,14
6477,2
6478,2
6479,4
6480,2
6481,1
6482,5
6483,1
6484,3
6485,3
6486,3
6487,2
6488,1
6489,1
6490,1
6491,51
6492,1
6493,7
6494,2
6495,2
6496,4
6497,1
6498,8
6499,2
6500,113
6501,16
6502,7
6503,1
6504,4
6505,1
6506,2
6507,11
6508,2
6509,4
6510,1
6511,3
6512,1
6513,4
6514,1
6515,5
6516,1
6517,1
6518,2
6519,3
6520,1
6521,1
6522,51
6523,1
6524,5
6525,1
6526,1
6527,3
6528,1
6529,2
6530,1
6531,1
6532,2
6533,5
6534,3
6535,5
6536,2
6537,1
6538,17
6539,41
6540,1
6541,1
6542,4
6543,5
6544,1
6545,5
6546,20
6547,32
6548,1
6549,12
6550,5
6551,2
6552,2
6553,2
6554,7
6555,2
6556,1
6557,11
6558,8
6559,1
6560,1
6561,7
6562,2
6563,5
6564,2
6565,2
6566,2
6567,1
6568,8
6569,2
6570,3
6571,99
6572,2
6573,1
6574,1
6575,6
6576,6
6577,1
6578,5
6579,2
6580,28
6581,1
6582,1
6583,10
6584,3
6585,11
6586,7
6587,2
6588,1
6589,1
6590,1
6591,25
6592,51
6593,13
6594,3
6595,2
6596,45
6597,1
6598,10
6599,4
6600,2
6601,1
6602,1
6603,2
6604,4
6605,1
6606,2
6607,1
6608,1
6609,7
6610,5
6611,2
6612,15
6613,5
6614,1
6615,8
6616,15
6617,19
6618,1
6619,1
6620,4
6621,5
6622,2
6623,2
6624,5
6625,2
6626,11
6627,2
6628,2
6629,5
6630,10
6631,1
6632,6
6633,3
6634,9
6635,1
6636,8
6637,2
6638,23
6639,391
6640,3
6641,53
6642,4
6643,6
6644,2
6645,1
6646,6
6647,1
6648,2
6649,1
6650,1
6651,1
6652,3
6653,26
6654,1
6655,10
6656,56
6657,1
6658,1
6659,1
6660,1
6661,4
6662,2
6663,8
6664,1
6665,15
6666,1
6667,18
6668,1
6669,2
6670,1
6671,6
6672,29
6673,247
6674,2
6675,1
6676,3
6677,1
6678,2
6679,69
6680,8
6681,2
6682,1
6683,2
6684,6
6685,3
6686,2
6687,15
6688,26
6689,12
6690,9
6691,1
6692,3
6693,1
6694,7
6695,2
6696,24
6697,11
6698,4
6699,790
6700,2
6701,321
6702,2
6703,1
6704,5
6705,8
6706,2
6707,35
6708,17
6709,1
6710,6
6711,12
6712,1
6713,1
6714,1
6715,1
6716,1
6717,7
6718,5
6719,1
6720,5
6721,4
6722,1
6723,3
6724,3
6725,8
6726,2
6727,5
6728,1
6729,1
6730,1
6731,21
6732,3
6733,37
6734,1
6735,2
6736,3
6737,1
6738,5
6739,2
6740,2
6741,6
6742,1
6743,7
6744,1
6745,1
6746,4
6747,5
6748,1
6749,1
6750,1
6751,1
6752,1
6753,2
6754,5
6755,1
6756,2
6757,3
6758,2
6759,3
6760,4
6761,5
6762,21
6763,2
6764,51
6765,2
6766,88
6767,2
6768,NA
6769,1
6770,1
6771,3
6772,1
6773,9
6774,35
6775,7
6776,1
6777,4
6778,2
6779,21
6780,18
6781,2
6782,1
6783,1
6784,1
6785,5
6786,2
6787,1
6788,6
6789,1
6790,1
6791,15
6792,3
6793,18
6794,7
6795,11
6796,NA
6797,9
6798,1
6799,1
6800,8
6801,9
6802,90
6803,1
6804,3
6805,1
6806,1
6807,1
6808,69
6809,3
6810,1
6811,3
6812,1
6813,1
6814,3
6815,4
6816,62
6817,1
6818,1
6819,8
6820,17
6821,8
6822,16
6823,2
6824,1
6825,26
6826,41
6827,1
6828,2
6829,3
6830,3
6831,6
6832,2
6833,16
6834,7
6835,1
6836,4
6837,338
6838,18
6839,1
6840,1
6841,2
6842,36
6843,1
6844,32
6845,5
6846,6
6847,1
6848,1
6849,1
6850,3
6851,2
6852,2
6853,1
6854,1
6855,2
6856,1
6857,3
6858,2
6859,5
6860,1
6861,2
6862,5
6863,1
6864,1
6865,4
6866,1
6867,2
6868,2
6869,2
6870,4
6871,1
6872,11
6873,1
6874,1
6875,2
6876,2
6877,6
6878,1
6879,2
6880,1
6881,5
6882,1
6883,1
6884,3
6885,1
6886,2
6887,1
6888,11
6889,1
6890,9
6891,1
6892,3
6893,5
6894,1
6895,4
6896,3
6897,1
6898,12
6899,1
6900,6
6901,7
6902,1
6903,1
6904,1
6905,3
6906,1
6907,28
6908,5
6909,1
6910,8
6911,12
6912,2
6913,205
6914,2
6915,5
6916,1
6917,1
6918,1
6919,1
6920,3
6921,8
6922,2
6923,2
6924,3
6925,1
6926,1
6927,13
6928,6
6929,2
6930,4
6931,2
6932,1
6933,22
6934,1
6935,2
6936,42
6937,2
6938,4
6939,7
6940,1
6941,1
6942,8
6943,2
6944,7
6945,79
6946,6
6947,1
6948,1
6949,3
6950,5
6951,1
6952,49
6953,1
6954,1
6955,1
6956,5
6957,2
6958,3
6959,1
6960,21
6961,2
6962,3
6963,10
6964,1
6965,16
6966,1
6967,8
6968,2
6969,1
6970,3
6971,13
6972,9
6973,1
6974,11
6975,1
6976,1
6977,3
6978,4
6979,2
6980,5
6981,5
6982,1
6983,59
6984,8
6985,1
6986,73
6987,52
6988,1
6989,1
6990,5
6991,2
6992,2
6993,6
6994,1
6995,5
6996,1
6997,1
6998,3
6999,1
7000,7
7001,1
7002,1
7003,27
7004,1
7005,12
7006,1
7007,3
7008,10
7009,2
7010,1
7011,17
7012,3
7013,4
7014,2
7015,112
7016,2
7017,7
7018,12
7019,4
7020,1
7021,1
7022,1
7023,13
7024,4
7025,1
7026,3
7027,1
7028,12
7029,5
7030,6
7031,1
7032,4
7033,3
7034,342
7035,1
7036,97
7037,9
7038,2
7039,49
7040,2
7041,1
7042,1
7043,3
7044,6
7045,2
7046,3
7047,3
7048,1
7049,3
7050,1
7051,3
7052,4
7053,5
7054,6
7055,2
7056,1
7057,1
7058,2
7059,1
7060,5
7061,2
7062,1
7063,7
7064,2
7065,6
7066,2
7067,11
7068,16
7069,1
7070,1
7071,1
7072,1
7073,2
7074,48
7075,4
7076,2
7077,1
7078,1
7079,1
7080,6
7081,4
7082,6
7083,1
7084,1
7085,3
7086,3
7087,6
7088,5
7089,6
7090,2
7091,1
7092,1
7093,1
7094,2
7095,10
7096,4
7097,2
7098,4
7099,2
7100,1
7101,6
7102,4
7103,5
7104,4
7105,5
7106,2
7107,2
7108,1
7109,1
7110,5
7111,2
7112,1
7113,1
7114,14
7115,1
7116,5
7117,9
7118,1
7119,7
7120,1
7121,1
7122,3
7123,7
7124,9
7125,4
7126,1
7127,2
7128,1
7129,1
7130,1
7131,4
7132,1
7133,3
7134,2
7135,5
7136,19
7137,1
7138,14
7139,1
7140,3
7141,1
7142,17
7143,3
7144,1
7145,4
7146,1
7147,2
7148,19
7149,11
7150,3
7151,9
7152,177
7153,112
7154,1
7155,74
7156,227
7157,9
7158,3
7159,17
7160,1
7161,2
7162,1
7163,8
7164,10
7165,5
7166,10
7167,1
7168,NA
7169,27
7170,1
7171,3
7172,1
7173,5
7174,2
7175,1
7176,1
7177,2
7178,2
7179,3
7180,2
7181,1
7182,3
7183,1
7184,1
7185,4
7186,10
7187,20
7188,34
7189,5
7190,2
7191,15
7192,1
7193,1
7194,5
7195,2
7196,3
7197,22
7198,3
7199,7
7200,3
7201,9
7202,1
7203,2
7204,4
7205,1
7206,2
7207,3
7208,129
7209,1
7210,1
7211,4
7212,1
7213,18
7214,4
7215,4
7216,7
7217,6
7218,2
7219,35
7220,1
7221,1
7222,2
7223,2
7224,1
7225,1
7226,1
7227,1
7228,1
7229,10
7230,40
7231,137
7232,5
7233,11
7234,3
7235,4
7236,2
7237,NA
7238,238
7239,26
7240,1
7241,1
7242,1
7243,5
7244,2
7245,1
7246,16
7247,2
7248,4
7249,1
7250,27
7251,1
7252,1
7253,1
7254,1
7255,1
7256,4
7257,3
7258,1
7259,2
7260,2
7261,2
7262,9
7263,1
7264,3
7265,1
7266,1
7267,2
7268,1
7269,1
7270,5
7271,5
7272,1
7273,1
7274,2
7275,29
7276,1
7277,3
7278,16
7279,2
7280,3
7281,1
7282,3
7283,2
7284,3
7285,2
7286,7
7287,1
7288,5
7289,1
7290,3
7291,3
7292,2
7293,12
7294,4
7295,1
7296,5
7297,3
7298,1
7299,3
7300,5
7301,2
7302,4
7303,1
7304,3
7305,103
7306,5
7307,1
7308,6
7309,1
7310,8
7311,2
7312,7
7313,4
7314,2
7315,1
7316,2
7317,2
7318,3
7319,70
7320,8
7321,4
7322,1
7323,1
7324,2
7325,57
7326,1
7327,4
7328,7
7329,7
7330,3
7331,1
7332,7
7333,5
7334,2
7335,7
7336,2
7337,8
7338,67
7339,1
7340,1
7341,5
7342,36
7343,3
7344,1
7345,1
7346,1
7347,4
7348,2
7349,14
7350,2
7351,2
7352,3
7353,18
7354,1
7355,29
7356,5
7357,NA
7358,33
7359,1
7360,3
7361,59
7362,2
7363,169
7364,1
7365,2
7366,1
7367,1
7368,7
7369,10
7370,2
7371,9
7372,20
7373,1
7374,1
7375,3
7376,3
7377,32
7378,1
7379,1
7380,1
7381,1
7382,1
7383,8
7384,4
7385,1
7386,2
7387,3
7388,1
7389,5
7390,2
7391,1
7392,7
7393,5
7394,1
7395,1
7396,589
7397,24
7398,2
7399,1
7400,1
7401,3
7402,58
7403,3
7404,3
7405,1
7406,4
7407,1
7408,32
7409,1
7410,9
7411,15
7412,1
7413,1
7414,117
7415,1
7416,2
7417,9
7418,6
7419,1
7420,2
7421,8
7422,1
7423,2
7424,1
7425,6
7426,2
7427,33
7428,1
7429,1
7430,274
7431,7
7432,2
7433,1
7434,1
7435,2
7436,12
7437,2
7438,3
7439,5
7440,1
7441,1
7442,1
7443,3
7444,40
7445,3
7446,4
7447,1
7448,5
7449,1
7450,2
7451,12
7452,5
7453,2
7454,2
7455,1
7456,1
7457,6
7458,1
7459,1
7460,2
7461,2
7462,1
7463,1
7464,3
7465,36
7466,63
7467,2
7468,8
7469,5
7470,7
7471,3
7472,2
7473,1
7474,18
7475,2
7476,1
7477,1
7478,5
7479,2
7480,24
7481,2
7482,1
7483,1
7484,5
7485,7
7486,3
7487,1
7488,2
7489,62
7490,6
7491,2
7492,1
7493,4
7494,3
7495,4
7496,1
7497,4
7498,4
7499,1
7500,6
7501,1
7502,2
7503,2
7504,6
7505,7
7506,1
7507,1
7508,1
7509,26
7510,4
7511,2
7512,1
7513,21
7514,1
7515,1
7516,6
7517,2
7518,1
7519,2
7520,2
7521,1
7522,4
7523,9
7524,1
7525,12
7526,2
7527,24
7528,1
7529,1
7530,112
7531,1
7532,1
7533,1
7534,2
7535,1
7536,3
7537,2
7538,1
7539,8
7540,3
7541,3
7542,1
7543,3
7544,6
7545,1
7546,1
7547,1
7548,1
7549,2
7550,13
7551,2
7552,2
7553,1
7554,1
7555,2
7556,2
7557,1
7558,21
7559,5
7560,2
7561,5
7562,15
7563,1
7564,13
7565,2
7566,1
7567,2
7568,2
7569,3
7570,14
7571,4
7572,NA
7573,2
7574,1
7575,4
7576,1
7577,3
7578,988
7579,5
7580,37
7581,1
7582,5
7583,2
7584,2
7585,4
7586,3
7587,1
7588,1
7589,1
7590,2
7591,3
7592,5
7593,2
7594,1
7595,5
7596,1
7597,1
7598,21
7599,25
7600,11
7601,1
7602,1
7603,7
7604,1
7605,4
7606,1
7607,16
7608,12
7609,3
7610,1
7611,2
7612,148
7613,94
7614,NA
7615,2
7616,17
7617,2
7618,1
7619,2
7620,1
7621,10
7622,206
7623,3
7624,13
7625,1
7626,58
7627,1
7628,3
7629,23
7630,70
7631,5
7632,1
7633,1
7634,3
7635,2
7636,5
7637,2
7638,3
7639,3
7640,6
7641,3
7642,690
7643,54
7644,2
7645,4
7646,1
7647,3
7648,1
7649,2
7650,7
7651,27
7652,1
7653,1
7654,27
7655,4
7656,2
7657,34
7658,2
7659,1
7660,1
7661,33
7662,1
7663,3
7664,1
7665,28
7666,7
7667,2
7668,76
7669,6
7670,3
7671,1
7672,1
7673,1
7674,2
7675,7
7676,1
7677,3
7678,2
7679,3
7680,4
7681,2
7682,2
7683,1
7684,2
7685,2
7686,5
7687,2
7688,32
7689,2
7690,48
7691,2
7692,7
7693,2
7694,1
7695,2
7696,3
7697,4
7698,10
7699,4
7700,5
7701,1
7702,1
7703,2
7704,4
7705,2
7706,1
7707,1
7708,1
7709,2
7710,10
7711,15
7712,3
7713,2
7714,1
7715,3
7716,3
7717,8
7718,4
7719,66
7720,2
7721,1
7722,5
7723,1
7724,1
7725,18
7726,3
7727,2
7728,1
7729,3
7730,1
7731,12
7732,1
7733,6
7734,6
7735,4
7736,2
7737,13
7738,1
7739,1
7740,16
7741,1
7742,129
7743,2
7744,11
7745,1
7746,6
7747,2
7748,20
7749,1
7750,4
7751,14
7752,1
7753,10
7754,16
7755,2
7756,16
7757,1
7758,12
7759,1
7760,5
7761,4
7762,2
7763,2
7764,2
7765,3
7766,91
7767,1
7768,237
7769,7
7770,1
7771,4
7772,14
7773,1
7774,1
7775,36
7776,1
7777,7
7778,1
7779,7
7780,1
7781,4
7782,24
7783,5
7784,2
7785,2
7786,15
7787,2
7788,4
7789,3
7790,4
7791,1
7792,1
7793,9
7794,12
7795,42
7796,51
7797,36
7798,2
7799,1
7800,5
7801,2
7802,3
7803,24
7804,10
7805,2
7806,9
7807,3
7808,2
7809,7
7810,3
7811,2
7812,2
7813,3
7814,1
7815,6
7816,1
7817,3
7818,30
7819,1
7820,22
7821,1
7822,1
7823,5
7824,2
7825,1
7826,2
7827,8
7828,5
7829,1
7830,30
7831,9
7832,1
7833,1
7834,1
7835,3
7836,3
7837,1
7838,10
7839,1
7840,3
7841,13
7842,1
7843,1
7844,6
7845,16
7846,1
7847,1
7848,1
7849,2
7850,1
7851,4
7852,24
7853,1
7854,2
7855,1
7856,1
7857,3
7858,11
7859,2
7860,1
7861,4
7862,2
7863,2
7864,3
7865,1
7866,2
7867,7
7868,1
7869,1
7870,14
7871,4
7872,1
7873,2
7874,1
7875,12
7876,1
7877,1
7878,1
7879,4
7880,8
7881,2
7882,3
7883,2
7884,12
7885,1
7886,22
7887,24
7888,1
7889,3
7890,2
7891,1
7892,3
7893,10
7894,2
7895,2
7896,4
7897,1
7898,1
7899,7
7900,1
7901,11
7902,2
7903,4
7904,2
7905,32
7906,4
7907,1
7908,3
7909,1
7910,1
7911,4
7912,1
7913,10
7914,1
7915,2
7916,1
7917,1
7918,4
7919,2
7920,1
7921,195
7922,8
7923,2
7924,4
7925,1
7926,1
7927,NA
7928,13
7929,11
7930,8
7931,1
7932,1
7933,1
7934,6
7935,3
7936,5
7937,204
7938,1
7939,5
7940,498
7941,20
7942,1
7943,2
7944,5
7945,1
7946,3
7947,2
7948,3
7949,1
7950,6
7951,1
7952,1
7953,4
7954,1
7955,1
7956,1
7957,3
7958,246
7959,6
7960,1
7961,2
7962,1
7963,3
7964,2
7965,12
7966,3
7967,7
7968,1
7969,1
7970,9
7971,40
7972,2
7973,2
7974,1
7975,9
7976,19
7977,60
7978,2
7979,2
7980,1
7981,47
7982,2
7983,1
7984,1
7985,20
7986,4
7987,11
7988,1
7989,1
7990,4
7991,5
7992,8
7993,2
7994,1
7995,21
7996,3
7997,6
7998,16
7999,11
8000,11
8001,1
8002,1
8003,1
8004,1
8005,1
8006,5
8007,2
8008,1
8009,7
8010,1
8011,13
8012,1
8013,21
8014,2
8015,5
8016,11
8017,1
8018,12
8019,4
8020,4
8021,6
8022,3
8023,1
8024,2
8025,1
8026,1
8027,4
8028,1
8029,9
8030,1
8031,11
8032,46
8033,1
8034,2
8035,2
8036,4
8037,8
8038,1
8039,2
8040,22
8041,3
8042,2
8043,1
8044,5
8045,1
8046,1
8047,1
8048,2
8049,19
8050,1
8051,1
8052,3
8053,1
8054,4
8055,2
8056,2
8057,2
8058,1
8059,2
8060,42
8061,4
8062,4
8063,4
8064,2
8065,7
8066,2
8067,1
8068,447
8069,4
8070,1
8071,1
8072,1
8073,11
8074,9
8075,1
8076,34
8077,4
8078,7
8079,1
8080,2
8081,1
8082,4
8083,3
8084,1
8085,3
8086,4
8087,1
8088,21
8089,3
8090,2
8091,1
8092,2
8093,1
8094,1
8095,2
8096,1
8097,2
8098,5
8099,2
8100,3
8101,2
8102,2
8103,3
8104,2
8105,4
8106,404
8107,1
8108,59
8109,1
8110,7
8111,2
8112,1
8113,1
8114,1
8115,1
8116,6
8117,6
8118,3
8119,2
8120,1
8121,1
8122,1
8123,48
8124,40
8125,51
8126,107
8127,3
8128,1
8129,1
8130,4
8131,39
8132,2
8133,1
8134,11
8135,1
8136,5
8137,1
8138,7
8139,3
8140,2
8141,2
8142,37
8143,6
8144,2
8145,1
8146,5
8147,4
8148,6
8149,2
8150,1
8151,4
8152,1
8153,26
8154,1
8155,3
8156,NA
8157,8
8158,12
8159,5
8160,5
8161,18
8162,4
8163,2
8164,1
8165,1
8166,1
8167,28
8168,7
8169,1
8170,1
8171,1
8172,1
8173,NA
8174,5
8175,5
8176,1
8177,2
8178,1
8179,318
8180,5
8181,2
8182,4
8183,3
8184,7
8185,7
8186,14
8187,3
8188,6
8189,5
8190,1
8191,1
8192,2
8193,3
8194,1
8195,22
8196,1
8197,1
8198,7
8199,1
8200,2
8201,4
8202,3
8203,95
8204,1
8205,1
8206,6
8207,1
8208,1
8209,20
8210,1
8211,2
8212,1
8213,2
8214,1
8215,1
8216,11
8217,4
8218,2
8219,5
8220,1
8221,1
8222,9
8223,3
8224,1
8225,3
8226,2
8227,1
8228,2
8229,1
8230,17
8231,1
8232,1
8233,17
8234,14
8235,1
8236,5
8237,161
8238,1
8239,1
8240,526
8241,11
8242,1
8243,1
8244,3
8245,8
8246,3
8247,4
8248,1
8249,2
8250,3
8251,21
8252,1
8253,10
8254,25
8255,2
8256,2
8257,1
8258,5
8259,1
8260,4
8261,13
8262,1
8263,2
8264,4
8265,50
8266,1
8267,1
8268,2
8269,1
8270,3
8271,4
8272,5
8273,1
8274,79
8275,1
8276,37
8277,12
8278,3
8279,6
8280,1
8281,61
8282,2
8283,1
8284,42
8285,3
8286,2
8287,4
8288,1
8289,3
8290,1
8291,1
8292,1
8293,4
8294,4
8295,2
8296,1
8297,1
8298,7
8299,7
8300,3
8301,2
8302,2
8303,7
8304,3
8305,2
8306,1
8307,90
8308,1
8309,1
8310,1
8311,3
8312,1
8313,1
8314,4
8315,6
8316,8
8317,2
8318,3
8319,28
8320,18
8321,3
8322,2
8323,7
8324,4
8325,1
8326,1
8327,10
8328,10
8329,1
8330,3
8331,5
8332,1
8333,1
8334,10
8335,5
8336,4
8337,1
8338,3
8339,3
8340,1
8341,3
8342,2
8343,1
8344,1
8345,3
8346,8
8347,3
8348,NA
8349,22
8350,1
8351,1
8352,1
8353,1
8354,1
8355,10
8356,16
8357,6
8358,2
8359,1
8360,1
8361,4
8362,3
8363,2
8364,4
8365,1
8366,1
8367,3
8368,2
8369,1
8370,42
8371,4
8372,6
8373,1
8374,32
8375,1
8376,1
8377,3
8378,4
8379,1
8380,2
8381,1
8382,1
8383,1
8384,3
8385,7
8386,4
8387,2
8388,1
8389,2
8390,4
8391,5
8392,4
8393,8
8394,1
8395,14
8396,8
8397,9
8398,96
8399,1
8400,2
8401,19
8402,1
8403,1
8404,1
8405,23
8406,34
8407,32
8408,1
8409,324
8410,6
8411,3
8412,2
8413,1
8414,2
8415,3
8416,1
8417,1
8418,5
8419,2
8420,42
8421,3
8422,3
8423,3
8424,2
8425,1
8426,2
8427,1
8428,7
8429,1
8430,2
8431,9
8432,NA
8433,3
8434,53
8435,1
8436,8
8437,1
8438,1
8439,7
8440,5
8441,10
8442,8
8443,3
8444,1
8445,1
8446,1
8447,53
8448,1
8449,1
8450,2
8451,1
8452,1
8453,15
8454,2
8455,1
8456,7
8457,3
8458,17
8459,6
8460,4
8461,2
8462,1
8463,3
8464,3
8465,5
8466,1
8467,606
8468,2
8469,4
8470,4
8471,8
8472,2
8473,1
8474,11
8475,2
8476,6
8477,1
8478,1
8479,11
8480,1
8481,1
8482,10
8483,1
8484,7
8485,5
8486,2
8487,4
8488,1
8489,3
8490,1
8491,6
8492,1
8493,3
8494,28
8495,1
8496,3
8497,121
8498,2
8499,3
8500,3
8501,1
8502,7
8503,118
8504,2
8505,5
8506,1
8507,1
8508,2
8509,3
8510,NA
8511,2
8512,96
8513,3
8514,1
8515,32
8516,1
8517,17
8518,11
8519,8
8520,7
8521,25
8522,6
8523,1
8524,11
8525,38
8526,1
8527,1
8528,8
8529,3
8530,1
8531,6
8532,6
8533,3
8534,4
8535,7
8536,60
8537,3
8538,11
8539,18
8540,2
8541,1
8542,2
8543,1
8544,5
8545,57
8546,1
8547,16
8548,3
8549,1
8550,1
8551,159
8552,2
8553,1
8554,3
8555,2
8556,1
8557,1
8558,1
8559,6
8560,1
8561,4
8562,7
8563,2
8564,22
8565,1
8566,20
8567,59
8568,1
8569,1
8570,2
8571,10
8572,4
8573,4
8574,44
8575,2
8576,4
8577,3
8578,2
8579,1
8580,2
8581,1
8582,2
8583,4
8584,1
8585,16
8586,45
8587,2
8588,14
8589,3
8590,1
8591,20
8592,4
8593,4
8594,2
8595,7
8596,1
8597,1
8598,1
8599,1
8600,109
8601,9
8602,31
8603,6
8604,1
8605,6
8606,7
8607,3
8608,3
8609,1
8610,7
8611,4
8612,1
8613,6
8614,1
8615,141
8616,1
8617,3
8618,1
8619,1
8620,3
8621,1
8622,2
8623,1
8624,4
8625,1
8626,7
8627,2
8628,1
8629,3
8630,1
8631,19
8632,1
8633,3
8634,1
8635,11
8636,3
8637,1
8638,1
8639,1
8640,2
8641,28
8642,6
8643,5
8644,7
8645,1
8646,1
8647,3
8648,2
8649,31
8650,8
8651,1
8652,1
8653,3
8654,1
8655,1
8656,1
8657,2
8658,11
8659,1
8660,7
8661,2
8662,2
8663,4
8664,2
8665,2
8666,8
8667,3
8668,1
8669,22
8670,7
8671,3
8672,1
8673,1
8674,2
8675,1
8676,3
8677,4
8678,3
8679,1
8680,1
8681,2
8682,69
8683,6
8684,1
8685,2
8686,8
8687,1
8688,10
8689,1
8690,3
8691,3
8692,16
8693,1
8694,14
8695,58
8696,9
8697,24
8698,1
8699,3
8700,94
8701,2
8702,22
8703,2
8704,4
8705,1
8706,4
8707,2
8708,1
8709,46
8710,1
8711,13
8712,18
8713,20
8714,1
8715,3
8716,3
8717,7
8718,2
8719,3
8720,3
8721,1
8722,1
8723,1
8724,2
8725,1
8726,1
8727,21
8728,2
8729,5
8730,1
8731,1
8732,27
8733,1
8734,6
8735,1
8736,3
8737,1
8738,5
8739,15
8740,4
8741,2
8742,5
8743,13
8744,3
8745,1
8746,40
8747,18
8748,4
8749,2
8750,10
8751,1
8752,2
8753,13
8754,3
8755,5
8756,5
8757,24
8758,5
8759,1
8760,3
8761,4
8762,2
8763,8
8764,2
8765,1
8766,5
8767,1
8768,1
8769,2
8770,1
8771,1
8772,4
8773,1
8774,1
8775,3
8776,4
8777,1
8778,523
8779,2
8780,13
8781,20
8782,1
8783,3
8784,4
8785,1
8786,2
8787,9
8788,2
8789,1
8790,2
8791,1
8792,3
8793,7
8794,7
8795,2
8796,1
8797,3
8798,8
8799,1
8800,2
8801,3
8802,1
8803,1
8804,3
8805,46
8806,1
8807,1
8808,5
8809,1
8810,1
8811,8
8812,132
8813,1
8814,3
8815,1
8816,1
8817,1
8818,4
8819,4
8820,1
8821,1
8822,1
8823,1
8824,7
8825,NA
8826,2
8827,5
8828,1
8829,2
8830,2
8831,5
8832,3
8833,2
8834,8
8835,4
8836,13
8837,10
8838,3
8839,3
8840,2
8841,2
8842,2
8843,780
8844,16
8845,1
8846,5
8847,4
8848,2
8849,1
8850,1
8851,1
8852,4
8853,8
8854,7
8855,1
8856,7
8857,1
8858,1
8859,1
8860,8
8861,4
8862,2
8863,20
8864,1
8865,4
8866,NA
8867,6
8868,24
8869,2
8870,5
8871,5
8872,1
8873,3
8874,4
8875,1
8876,1
8877,1
8878,2
8879,4
8880,1
8881,15
8882,4
8883,1
8884,5
8885,2
8886,2
8887,1
8888,2
8889,2
8890,7
8891,1
8892,1
8893,4
8894,3
8895,12
8896,1
8897,1
8898,1
8899,5
8900,146
8901,6
8902,2
8903,6
8904,3
8905,5
8906,1
8907,3
8908,1
8909,3
8910,4
8911,12
8912,1
8913,1
8914,2
8915,1
8916,8
8917,1
8918,2
8919,1
8920,3
8921,1
8922,13
8923,3
8924,2
8925,1
8926,2
8927,1
8928,15
8929,34
8930,6
8931,1
8932,2
8933,2
8934,1
8935,3
8936,3
8937,17
8938,4
8939,2
8940,2
8941,2
8942,1
8943,3
8944,12
8945,1
8946,9
8947,2
8948,1
8949,6
8950,4
8951,2
8952,4
8953,7
8954,1
8955,7
8956,1
8957,1
8958,167
8959,24
8960,4
8961,8
8962,3
8963,3
8964,1
8965,5
8966,5
8967,3
8968,1
8969,2
8970,1
8971,1
8972,3
8973,1
8974,2
8975,7
8976,3
8977,4
8978,1
8979,683
8980,2
8981,1
8982,4
8983,1
8984,15
8985,7
8986,2
8987,1
8988,1
8989,1
8990,2
8991,1
8992,6
8993,4
8994,1
8995,6
8996,1
8997,1
8998,24
8999,1
9000,4
9001,2
9002,6
9003,5
9004,2
9005,1
9006,59
9007,4
9008,2
9009,2
9010,5
9011,19
9012,2
9013,1
9014,5
9015,1
9016,6
9017,NA
9018,3
9019,1
9020,1
9021,21
9022,1
9023,4
9024,5
9025,3
9026,7
9027,49
9028,4
9029,37
9030,3
9031,15
9032,2
9033,4
9034,1
9035,3
9036,2
9037,2
9038,1
9039,1
9040,3
9041,7
9042,17
9043,10
9044,2
9045,10
9046,29
9047,4
9048,3
9049,4
9050,11
9051,22
9052,4
9053,1
9054,3
9055,6
9056,6
9057,1
9058,1
9059,5
9060,3
9061,2
9062,19
9063,6
9064,12
9065,13
9066,1
9067,1
9068,1
9069,155
9070,2
9071,1
9072,6
9073,1
9074,1
9075,1
9076,3
9077,3
9078,1
9079,1
9080,125
9081,1
9082,66
9083,1
9084,3
9085,8
9086,3
9087,1
9088,2
9089,21
9090,1
9091,22
9092,1
9093,26
9094,1
9095,1
9096,1
9097,1
9098,20
9099,52
9100,2
9101,1
9102,83
9103,4
9104,4
9105,6
9106,1
9107,1
9108,1
9109,1
9110,1
9111,NA
9112,5
9113,1
9114,1
9115,1
9116,1
9117,8
9118,5
9119,30
9120,2
9121,1
9122,2
9123,2
9124,3
9125,9
9126,18
9127,1
9128,5
9129,1
9130,2
9131,2
9132,1
9133,9
9134,19
9135,1
9136,2
9137,44
9138,7
9139,1
9140,17
9141,1
9142,3
9143,7
9144,1
9145,1
9146,3
9147,4
9148,2
9149,1
9150,1
9151,2
9152,1
9153,4
9154,2
9155,2
9156,2
9157,1
9158,1
9159,56
9160,1
9161,14
9162,19
9163,4
9164,1
9165,121
9166,3
9167,1
9168,10
9169,8
9170,2
9171,4
9172,3
9173,2
9174,6
9175,12
9176,1
9177,2
9178,206
9179,1
9180,1
9181,1
9182,4
9183,1
9184,4
9185,7
9186,2
9187,1
9188,10
9189,2
9190,1
9191,1
9192,7
9193,1
9194,2
9195,3
9196,5
9197,1
9198,1
9199,2
9200,1
9201,1
9202,1
9203,2
9204,2
9205,6
9206,9
9207,2
9208,1
9209,4
9210,3
9211,2
9212,1
9213,3
9214,1
9215,2
9216,5
9217,5
9218,10
9219,5
9220,1
9221,8
9222,2
9223,10
9224,16
9225,7
9226,2
9227,3
9228,1
9229,1
9230,1
9231,2
9232,5
9233,7
9234,1
9235,1
9236,3
9237,1
9238,5
9239,67
9240,11
9241,3
9242,2
9243,10
9244,33
9245,4
9246,5
9247,1
9248,2
9249,2
9250,2
9251,4
9252,2
9253,2
9254,1
9255,1
9256,5
9257,1
9258,1
9259,9
9260,2
9261,32
9262,7
9263,102
9264,9
9265,4
9266,5
9267,1
9268,6
9269,1
9270,2
9271,18
9272,1
9273,6
9274,1
9275,1
9276,1
9277,8
9278,3
9279,9
9280,8
9281,1
9282,1
9283,1
9284,5
9285,1
9286,10
9287,5
9288,1
9289,4
9290,4
9291,3
9292,6
9293,1
9294,3
9295,1
9296,1
9297,147
9298,1
9299,1
9300,113
9301,2
9302,6
9303,9
9304,1
9305,1
9306,1
9307,87
9308,2
9309,10
9310,4
9311,4
9312,6
9313,1
9314,195
9315,2
9316,1
9317,2
9318,2
9319,1
9320,105
9321,5
9322,2
9323,10
9324,2
9325,1
9326,39
9327,4
9328,19
9329,3
9330,6
9331,1
9332,14
9333,6
9334,2
9335,37
9336,3
9337,4
9338,1
9339,2
9340,1
9341,7
9342,3
9343,11
9344,1
9345,1
9346,5
9347,237
9348,1
9349,3
9350,2
9351,1
9352,1
9353,2
9354,1
9355,1
9356,1
9357,16
9358,222
9359,1
9360,1
9361,3
9362,3
9363,3
9364,8
9365,2
9366,1
9367,2
9368,1
9369,2
9370,4
9371,10
9372,5
9373,2
9374,1
9375,5
9376,2
9377,6
9378,64
9379,6
9380,1
9381,1
9382,5
9383,1
9384,4
9385,3
9386,7
9387,1
9388,1
9389,9
9390,1
9391,13
9392,2
9393,30
9394,1
9395,34
9396,3
9397,1
9398,3
9399,3
9400,5
9401,4
9402,1
9403,6
9404,1
9405,13
9406,NA
9407,2
9408,5
9409,NA
9410,1
9411,2
9412,4
9413,2
9414,7
9415,1
9416,1
9417,1
9418,2
9419,7
9420,4
9421,5
9422,2
9423,2
9424,1
9425,1
9426,3
9427,4
9428,1
9429,1
9430,4
9431,1
9432,10
9433,1
9434,15
9435,1
9436,159
9437,17
9438,2
9439,4
9440,6
9441,3
9442,1
9443,4
9444,1
9445,2
9446,20
9447,4
9448,3
9449,1
9450,1
9451,1
9452,5
9453,2
9454,1
9455,2
9456,1
9457,6
9458,11
9459,35
9460,2
9461,19
9462,2
9463,13
9464,2
9465,14
9466,1
9467,3
9468,19
9469,2
9470,7
9471,1
9472,93
9473,2
9474,1
9475,3
9476,48
9477,6
9478,1
9479,2
9480,2
9481,1
9482,1
9483,4
9484,1
9485,1
9486,5
9487,3
9488,1
9489,7
9490,12
9491,2
9492,2
9493,4
9494,8
9495,8
9496,5
9497,21
9498,16
9499,7
9500,7
9501,2
9502,1
9503,1
9504,6
9505,1
9506,17
9507,2
9508,14
9509,1
9510,1
9511,2
9512,1
9513,46
9514,2
9515,205
9516,12
9517,3
9518,3
9519,5
9520,1
9521,321
9522,2
9523,3
9524,1
9525,48
9526,1
9527,1
9528,2
9529,1
9530,1
9531,5
9532,2
9533,1
9534,1
9535,16
9536,8
9537,2
9538,5
9539,21
9540,4
9541,1
9542,3
9543,1
9544,1
9545,10
9546,3
9547,1
9548,1
9549,7
9550,1
9551,2
9552,3
9553,2
9554,2
9555,30
9556,25
9557,41
9558,1
9559,1
9560,2
9561,5
9562,2
9563,1
9564,1
9565,2
9566,1
9567,14
9568,1
9569,3
9570,1
9571,1
9572,1
9573,1
9574,2
9575,4
9576,8
9577,1
9578,1
9579,2
9580,6
9581,5
9582,1
9583,3
9584,92
9585,1
9586,3
9587,5
9588,5
9589,2
9590,1
9591,1
9592,11
9593,6
9594,5
9595,6
9596,6
9597,1
9598,1
9599,8
9600,1
9601,1
9602,2
9603,1
9604,3
9605,2
9606,2
9607,1
9608,1
9609,3
9610,2
9611,693
9612,3
9613,6
9614,1
9615,3
9616,2
9617,7
9618,5
9619,1
9620,2
9621,1
9622,1
9623,2
9624,24
9625,1
9626,147
9627,3
9628,3
9629,7
9630,5
9631,4
9632,1
9633,1
9634,8
9635,1
9636,25
9637,5
9638,1
9639,6
9640,173
9641,1
9642,12
9643,3
9644,10
9645,1
9646,34
9647,8
9648,18
9649,3
9650,3
9651,2
9652,4
9653,1
9654,1
9655,1
9656,4
9657,9
9658,4
9659,13
9660,1
9661,2
9662,1
9663,2
9664,5
9665,10
9666,1
9667,2
9668,9
9669,24
9670,13
9671,1
9672,15
9673,1
9674,3
9675,8
9676,2
9677,2
9678,3
9679,2
9680,2
9681,2
9682,1
9683,5
9684,1
9685,7
9686,4
9687,5
9688,2
9689,3
9690,2
9691,1
9692,1
9693,2
9694,4
9695,3
9696,8
9697,2
9698,6
9699,3
9700,2
9701,1
9702,4
9703,75
9704,1
9705,1
9706,1
9707,11
9708,1
9709,1
9710,1
9711,2
9712,1
9713,1
9714,2
9715,7
9716,3
9717,2
9718,1
9719,1
9720,1
9721,6
9722,2
9723,2
9724,10
9725,2
9726,4
9727,1
9728,8
9729,1
9730,3
9731,1
9732,5
9733,3
9734,3
9735,3
9736,18
9737,19
9738,5
9739,9
9740,9
9741,222
9742,5
9743,12
9744,14
9745,15
9746,13
9747,1
9748,24
9749,3
9750,25
9751,1
9752,3
9753,1
9754,21
9755,9
9756,186
9757,1
9758,16
9759,25
9760,1
9761,3
9762,1
9763,2
9764,2
9765,1
9766,21
9767,24
9768,1
9769,1
9770,4
9771,126
9772,1
9773,8
9774,1
9775,1
9776,9
9777,5
9778,1
9779,9
9780,2
9781,NA
9782,1
9783,15
9784,2
9785,19
9786,4
9787,1
9788,3
9789,1
9790,9
9791,2
9792,1
9793,4
9794,1
9795,7
9796,10
9797,3
9798,30
9799,2
9800,6
9801,NA
9802,17
9803,18
9804,10
9805,6
9806,1
9807,1
9808,1
9809,2
9810,2
9811,4
9812,2
9813,10
9814,1
9815,1
9816,1
9817,22
9818,1
9819,2
9820,1
9821,18
9822,4
9823,1
9824,1
9825,1
9826,2
9827,23
9828,2
9829,4
9830,1
9831,1
9832,1
9833,2
9834,4
9835,2
9836,14
9837,3
9838,1
9839,3
9840,3
9841,1
9842,3
9843,5
9844,2
9845,1
9846,1
9847,35
9848,110
9849,2
9850,1
9851,2
9852,8
9853,4
9854,2
9855,1
9856,1
9857,11
9858,1
9859,6
9860,1
9861,9
9862,103
9863,2
9864,5
9865,8
9866,2
9867,1
9868,2
9869,2
9870,2
9871,9
9872,2
9873,1
9874,1
9875,2
9876,1
9877,1
9878,17
9879,2
9880,1
9881,11
9882,2
9883,2
9884,1
9885,3
9886,2
9887,1
9888,1
9889,2
9890,1
9891,13
9892,1
9893,1
9894,1
9895,3
9896,15
9897,12
9898,1
9899,5
9900,6
9901,1
9902,5
9903,9
9904,158
9905,2
9906,NA
9907,5
9908,1
9909,1
9910,5
9911,4
9912,1
9913,1
9914,1
9915,2
9916,3
9917,3
9918,1
9919,3
9920,1
9921,1
9922,8
9923,1
9924,3
9925,2
9926,1
9927,1
9928,8
9929,2
9930,1
9931,6
9932,1
9933,2
9934,1
9935,7
9936,12
9937,11
9938,2
9939,2
9940,1
9941,1
9942,1
9943,1
9944,1
9945,2
9946,1
9947,2
9948,5
9949,3
9950,14
9951,6
9952,4
9953,5
9954,4
9955,1
9956,9
9957,223
9958,4
9959,59
9960,4
9961,14
9962,1
9963,1
9964,6
9965,4
9966,10
9967,4
9968,5
9969,2
9970,3
9971,1
9972,1
9973,2
9974,2
9975,1
9976,2
9977,5
9978,1
9979,1
9980,231
9981,1
9982,2
9983,2
9984,1
9985,4
9986,5
9987,12
9988,2
9989,12
9990,15
9991,2
9992,7
9993,6
9994,5
9995,1
9996,1
9997,2
9998,NA
9999,2
10000,1
