1,3
2,1
3,2
4,1
5,1
6,1
7,2
8,1
9,1
10,1
11,2
12,1
13,1
14,14
15,2
16,1
17,1
18,1
19,2
20,3
21,1
22,1
23,6
24,1
25,3
26,1
27,2
28,1
29,1
30,1
31,4
32,1
33,7
34,1
35,10
36,5
37,1
38,1
39,16
40,1
41,1
42,4
43,2
44,1
45,1
46,5
47,NA
48,1
49,1
50,1
51,2
52,2
53,1
54,1
55,84
56,1
57,1
58,2
59,2
60,2
61,1
62,1
63,716
64,1
65,1
66,5
67,2
68,1
69,3
70,1
71,10
72,3
73,1
74,1
75,18
76,2
77,1
78,1
79,2
80,14
81,1
82,1
83,2
84,1
85,7
86,1
87,2
88,1
89,33
90,2
91,4
92,1
93,5
94,1
95,2
96,1
97,1
98,3
99,6
100,1
101,1
102,3
103,2
104,1
105,1
106,1
107,2
108,1
109,5
110,2
111,2
112,3
113,3
114,1
115,64
116,2
117,1
118,3
119,4
120,1
121,1
122,2
123,4
124,4
125,1
126,1
127,6
128,4
129,1
130,1
131,2
132,1
133,1
134,35
135,2
136,1
137,5
138,1
139,6
140,1
141,1
142,1
143,2
144,11
145,1
146,17
147,6
148,1
149,1
150,2
151,2
152,3
153,33
154,1
155,4
156,1
157,19
158,3
159,4
160,1
161,5
162,1
163,16
164,1
165,1
166,3
167,2
168,2
169,1
170,1
171,2
172,1
173,1
174,1
175,2
176,2
177,1
178,5
179,4
180,1
181,7
182,1
183,4
184,2
185,9
186,1
187,4
188,1
189,7
190,7
191,2
192,1
193,1
194,1
195,2
196,1
197,1
198,1
199,8
200,1
201,3
202,17
203,NA
204,6
205,3
206,1
207,60
208,1
209,1
210,13
211,2
212,2
213,1
214,1
215,4
216,17
217,1
218,1
219,10
220,1
221,1
222,1
223,2
224,1
225,1
226,1
227,2
228,5
229,3
230,1
231,4
232,2
233,1
234,3
235,2
236,1
237,1
238,2
239,NA
240,8
241,17
242,2
243,2
244,1
245,39
246,2
247,42
248,1
249,1
250,2
251,4
252,1
253,1
254,2
255,2
256,355
257,17
258,2
259,2
260,1
261,5
262,1
263,2
264,2
265,1
266,1
267,4
268,1
269,1
270,1
271,6
272,1
273,11
274,1
275,2
276,1
277,3
278,2
279,2
280,4
281,3
282,1
283,34
284,1
285,1
286,1
287,26
288,1
289,5
290,1
291,14
292,2
293,7
294,1
295,6
296,4
297,3
298,2
299,2
300,2
301,3
302,1
303,4
304,2
305,1
306,5
307,2
308,12
309,1
310,1
311,388
312,1
313,1
314,3
315,2
316,1
317,1
318,2
319,4
320,1
321,9
322,3
323,6
324,11
325,1
326,1
327,2
328,1
329,1
330,2
331,4
332,2
333,187
334,1
335,132
336,1
337,5
338,3
339,18
340,1
341,1
342,2
343,20
344,2
345,5
346,1
347,8
348,3
349,1
350,4
351,2
352,1
353,1
354,1
355,2
356,5
357,1
358,3
359,2
360,1
361,1
362,3
363,12
364,2
365,3
366,2
367,6
368,1
369,1
370,6
371,2
372,1
373,1
374,7
375,2
376,1
377,23
378,1
379,2
380,3
381,1
382,4
383,10
384,2
385,1
386,1
387,20
388,2
389,1
390,1
391,2
392,1
393,1
394,5
395,18
396,1
397,3
398,5
399,2
400,1
401,285
402,1
403,2
404,4
405,1
406,1
407,NA
408,4
409,1
410,7
411,2
412,2
413,3
414,1
415,2
416,6
417,15
418,1
419,2
420,1
421,13
422,1
423,4
424,1
425,1
426,1
427,10
428,2
429,1
430,1
431,2
432,3
433,11
434,2
435,2
436,3
437,NA
438,1
439,20
440,1
441,1
442,1
443,22
444,1
445,9
446,1
447,2
448,1
449,5
450,3
451,NA
452,1
453,7
454,2
455,12
456,1
457,25
458,1
459,2
460,1
461,1
462,8
463,8
464,1
465,3
466,2
467,20
468,1
469,1
470,2
471,6
472,1
473,1
474,1
475,2
476,2
477,5
478,6
479,2
480,2
481,1
482,1
483,4
484,3
485,1
486,9
487,2
488,7
489,111
490,1
491,4
492,3
493,1
494,2
495,6
496,2
497,1
498,2
499,300
500,1
501,179
502,1
503,8
504,1
505,1
506,1
507,2
508,2
509,9
510,1
511,2
512,1
513,1
514,5
515,6
516,2
517,1
518,2
519,4
520,4
521,1
522,1
523,4
524,2
525,9
526,3
527,12
528,1
529,1
530,1
531,98
532,2
533,1
534,1
535,20
536,1
537,1
538,1
539,2
540,4
541,1
542,2
543,42
544,2
545,5
546,2
547,4
548,1
549,3
550,4
551,2
552,2
553,17
554,1
555,14
556,3
557,1
558,1
559,6
560,3
561,1
562,1
563,2
564,5
565,3
566,29
567,6
568,1
569,7
570,3
571,2
572,8
573,1
574,1
575,2
576,25
577,1
578,1
579,6
580,1
581,1
582,3
583,2
584,3
585,15
586,2
587,2
588,1
589,1
590,1
591,32
592,3
593,1
594,2
595,4
596,1
597,5
598,1
599,10
600,1
601,1
602,1
603,4
604,1
605,5
606,7
607,54
608,3
609,1
610,1
611,2
612,2
613,1
614,1
615,12
616,1
617,1
618,4
619,22
620,12
621,1
622,3
623,4
624,3
625,9
626,4
627,2
628,1
629,11
630,3
631,2
632,1
633,7
634,10
635,2
636,1
637,7
638,1
639,2
640,2
641,3
642,1
643,2
644,2
645,1
646,1
647,348
648,1
649,5
650,1
651,2
652,3
653,3
654,11
655,10
656,1
657,247
658,3
659,6
660,3
661,1
662,1
663,2
664,2
665,1
666,1
667,2
668,2
669,3
670,23
671,4
672,1
673,9
674,4
675,2
676,1
677,1
678,1
679,2
680,5
681,1
682,2
683,2
684,1
685,3
686,1
687,4
688,2
689,1
690,4
691,4
692,2
693,1
694,1
695,4
696,3
697,1
698,2
699,6
700,1
701,1
702,1
703,2
704,1
705,NA
706,1
707,2
708,3
709,41
710,5
711,2
712,3
713,1
714,1
715,2
716,1
717,15
718,3
719,72
720,1
721,1
722,11
723,32
724,1
725,1
726,1
727,4
728,3
729,593
730,1
731,2
732,1
733,5
734,3
735,4
736,16
737,1
738,1
739,2
740,3
741,1
742,2
743,2
744,1
745,27
746,14
747,18
748,8
749,17
750,1
751,8
752,1
753,1
754,2
755,6
756,2
757,1
758,1
759,4
760,1
761,3
762,2
763,2
764,1
765,1
766,1
767,2
768,1
769,3
770,1
771,2
772,1
773,5
774,2
775,2
776,2
777,1
778,1
779,8
780,1
781,1
782,2
783,94
784,13
785,5
786,1
787,10
788,4
789,3
790,4
791,10
792,1
793,89
794,1
795,4
796,1
797,5
798,1
799,2
800,2
801,1
802,13
803,8
804,3
805,1
806,8
807,2
808,1
809,1
810,1
811,2
812,8
813,3
814,3
815,912
816,1
817,7
818,1
819,170
820,2
821,3
822,1
823,4
824,8
825,83
826,2
827,2
828,2
829,1
830,6
831,2
832,1
833,1
834,1
835,2
836,1
837,1
838,1
839,4
840,2
841,15
842,3
843,2
844,1
845,1
846,1
847,2
848,3
849,1
850,2
851,2
852,2
853,1
854,1
855,4
856,8
857,1
858,80
859,4
860,1
861,9
862,1
863,32
864,1
865,17
866,3
867,84
868,9
869,9
870,1
871,2
872,5
873,1
874,1
875,8
876,1
877,1
878,5
879,2
880,6
881,1
882,1
883,118
884,1
885,1
886,14
887,2
888,2
889,NA
890,1
891,2
892,2
893,NA
894,3
895,6
896,2
897,29
898,1
899,44
900,1
901,5
902,2
903,4
904,3
905,3
906,10
907,4
908,1
909,3
910,1
911,760
912,1
913,3
914,1
915,8
916,5
917,3
918,4
919,2
920,1
921,1
922,1
923,2
924,1
925,1
926,4
927,2
928,2
929,1
930,2
931,88
932,1
933,1
934,1
935,4
936,2
937,1
938,2
939,2
940,2
941,1
942,2
943,2
944,1
945,715
946,1
947,2
948,11
949,5
950,1
951,22
952,4
953,1
954,4
955,20
956,3
957,1
958,1
959,92
960,4
961,1
962,4
963,4
964,2
965,1
966,1
967,2
968,1
969,3
970,1
971,12
972,3
973,1
974,1
975,4
976,1
977,5
978,1
979,4
980,1
981,1
982,4
983,2
984,1
985,5
986,2
987,4
988,5
989,1
990,4
991,2
992,1
993,7
994,21
995,2
996,1
997,1
998,1
999,14
1000,5
1001,1
1002,8
1003,8
1004,3
1005,1
1006,6
1007,2
1008,2
1009,15
1010,1
1011,136
1012,2
1013,21
1014,3
1015,10
1016,81
1017,21
1018,1
1019,6
1020,1
1021,3
1022,1
1023,22
1024,1
1025,1
1026,2
1027,6
1028,2
1029,1
1030,1
1031,2
1032,10
1033,5
1034,5
1035,2
1036,3
1037,7
1038,1
1039,10
1040,3
1041,3
1042,1
1043,6
1044,1
1045,13
1046,2
1047,2
1048,3
1049,1
1050,1
1051,4
1052,2
1053,7
1054,1
1055,2
1056,9
1057,1
1058,1
1059,4
1060,2
1061,7
1062,2
1063,12
1064,1
1065,9
1066,2
1067,6
1068,9
1069,1
1070,15
1071,8
1072,1
1073,5
1074,7
1075,2
1076,1
1077,7
1078,3
1079,2
1080,2
1081,9
1082,1
1083,4
1084,4
1085,9
1086,8
1087,14
1088,1
1089,1
1090,1
1091,34
1092,7
1093,1
1094,7
1095,4
1096,2
1097,7
1098,3
1099,2
1100,1
1101,29
1102,1
1103,2
1104,5
1105,1
1106,7
1107,2
1108,1
1109,1
1110,1
1111,2
1112,2
1113,3
1114,10
1115,16
1116,2
1117,1
1118,3
1119,2
1120,5
1121,1
1122,1
1123,2
1124,2
1125,17
1126,1
1127,22
1128,1
1129,1
1130,2
1131,6
1132,1
1133,3
1134,2
1135,14
1136,5
1137,1
1138,2
1139,16
1140,1
1141,7
1142,1
1143,8
1144,1
1145,1349
1146,1
1147,2
1148,2
1149,1
1150,3
1151,14
1152,3
1153,1
1154,4
1155,2
1156,1
1157,1
1158,2
1159,80
1160,2
1161,1
1162,6
1163,2
1164,11
1165,1
1166,1
1167,4
1168,1
1169,7
1170,2
1171,10
1172,1
1173,3
1174,1
1175,6
1176,2
1177,3
1178,1
1179,2
1180,3
1181,3
1182,1
1183,2
1184,4
1185,1
1186,1
1187,88
1188,2
1189,3
1190,2
1191,2
1192,2
1193,15
1194,1
1195,2
1196,1
1197,9
1198,4
1199,2
1200,13
1201,1
1202,9
1203,88
1204,1
1205,1
1206,1
1207,2
1208,1
1209,1
1210,1
1211,2
1212,3
1213,3
1214,2
1215,440
1216,3
1217,1
1218,1
1219,630
1220,4
1221,1
1222,1
1223,2
1224,2
1225,1
1226,6
1227,4
1228,8
1229,3
1230,5
1231,6
1232,10
1233,1
1234,3
1235,2
1236,1
1237,1
1238,2
1239,2
1240,1
1241,3
1242,11
1243,2
1244,6
1245,1
1246,4
1247,8
1248,1
1249,11
1250,1
1251,12
1252,3
1253,1
1254,1
1255,4
1256,1
1257,3
1258,1
1259,2
1260,1
1261,67
1262,2
1263,10
1264,1
1265,5
1266,4
1267,2
1268,8
1269,3
1270,2
1271,20
1272,1
1273,1
1274,25
1275,6
1276,1
1277,341
1278,2
1279,12
1280,11
1281,7
1282,7
1283,26
1284,1
1285,3
1286,1
1287,72
1288,1
1289,1
1290,2
1291,26
1292,1
1293,1
1294,4
1295,2
1296,1
1297,3
1298,1
1299,4
1300,5
1301,33
1302,3
1303,4
1304,1
1305,1
1306,5
1307,6
1308,7
1309,1
1310,4
1311,2
1312,2
1313,181
1314,1
1315,2
1316,1
1317,3
1318,10
1319,2
1320,6
1321,1
1322,3
1323,190
1324,1
1325,11
1326,1
1327,2
1328,1
1329,1
1330,1
1331,2
1332,1
1333,17
1334,2
1335,32
1336,4
1337,57
1338,4
1339,4
1340,3
1341,3
1342,1
1343,144
1344,2
1345,5
1346,10
1347,2
1348,1
1349,119
1350,1
1351,44
1352,1
1353,5
1354,7
1355,4
1356,4
1357,1
1358,1
1359,2
1360,1
1361,3
1362,4
1363,2
1364,2
1365,3
1366,1
1367,4
1368,6
1369,1
1370,1
1371,6
1372,6
1373,1
1374,5
1375,4
1376,1
1377,7
1378,2
1379,2
1380,1
1381,1
1382,2
1383,8
1384,1
1385,3
1386,1
1387,2
1388,34
1389,263
1390,1
1391,2
1392,1
1393,3
1394,3
1395,4
1396,1
1397,1
1398,2
1399,24
1400,5
1401,3
1402,2
1403,2
1404,1
1405,3
1406,1
1407,24
1408,5
1409,1
1410,1
1411,60
1412,1
1413,1
1414,6
1415,2
1416,13
1417,1
1418,1
1419,8
1420,2
1421,1
1422,2
1423,2
1424,4
1425,1
1426,5
1427,24
1428,1
1429,1
1430,5
1431,4
1432,3
1433,5
1434,2
1435,4
1436,21
1437,3
1438,1
1439,6
1440,1
1441,145
1442,2
1443,4
1444,13
1445,1
1446,2
1447,2
1448,10
1449,1
1450,4
1451,4
1452,6
1453,3
1454,7
1455,32
1456,1
1457,17
1458,5
1459,12
1460,6
1461,1
1462,1
1463,2
1464,1
1465,1
1466,5
1467,2
1468,4
1469,3
1470,2
1471,4
1472,1
1473,1
1474,1
1475,4
1476,2
1477,17
1478,1
1479,82
1480,6
1481,5
1482,1
1483,8
1484,1
1485,5
1486,2
1487,4
1488,3
1489,5
1490,1
1491,12
1492,4
1493,1
1494,1
1495,8
1496,2
1497,3
1498,1
1499,2
1500,96
1501,1
1502,2
1503,4
1504,3
1505,1
1506,2
1507,80
1508,1
1509,1
1510,2
1511,2
1512,1
1513,1
1514,1
1515,4
1516,1
1517,3
1518,1
1519,2
1520,1
1521,3
1522,2
1523,40
1524,1
1525,1
1526,17
1527,36
1528,2
1529,1
1530,2
1531,6
1532,4
1533,1
1534,2
1535,2
1536,1
1537,1
1538,4
1539,2
1540,1
1541,3
1542,6
1543,12
1544,1
1545,1
1546,1
1547,6
1548,2
1549,1
1550,5
1551,2
1552,1
1553,9
1554,9
1555,262
1556,1
1557,1
1558,1
1559,14
1560,1
1561,15
1562,1
1563,2
1564,1
1565,95
1566,2
1567,4
1568,20
1569,3
1570,1
1571,6
1572,2
1573,7
1574,1
1575,18
1576,7
1577,1
1578,1
1579,4
1580,2
1581,3
1582,3
1583,1330
1584,2
1585,1
1586,1
1587,2
1588,1
1589,71
1590,1
1591,2
1592,1
1593,3
1594,1
1595,2
1596,4
1597,1101
1598,2
1599,6
1600,5
1601,1
1602,1
1603,2
1604,25
1605,1
1606,2
1607,6
1608,2
1609,5
1610,6
1611,24
1612,1
1613,1
1614,2
1615,6
1616,1
1617,7
1618,1
1619,4
1620,2
1621,1
1622,1
1623,2
1624,1
1625,1
1626,4
1627,2
1628,1
1629,11
1630,4
1631,2
1632,2
1633,187
1634,1
1635,4
1636,2
1637,1
1638,4
1639,4
1640,14
1641,15
1642,20
1643,2
1644,1
1645,9
1646,1
1647,6
1648,3
1649,9
1650,1
1651,2
1652,2
1653,3
1654,1
1655,2
1656,9
1657,5
1658,2
1659,8
1660,1
1661,1
1662,6
1663,4
1664,2
1665,1
1666,1
1667,18
1668,5
1669,1
1670,3
1671,2
1672,2
1673,1
1674,12
1675,2
1676,2
1677,1
1678,1
1679,4
1680,2
1681,1
1682,1
1683,2
1684,3
1685,1
1686,3
1687,66
1688,1
1689,3
1690,1
1691,6
1692,8
1693,1
1694,1
1695,2
1696,1
1697,7
1698,1
1699,2
1700,12
1701,1
1702,7
1703,54
1704,2
1705,15
1706,1
1707,2
1708,2
1709,1
1710,5
1711,20
1712,1
1713,3
1714,3
1715,4
1716,1
1717,3
1718,2
1719,2
1720,1
1721,1
1722,2
1723,2
1724,63
1725,63
1726,1
1727,158
1728,1
1729,1
1730,3
1731,42
1732,2
1733,3
1734,4
1735,6
1736,4
1737,1
1738,2
1739,4
1740,1
1741,13
1742,6
1743,2
1744,14
1745,5
1746,1
1747,16
1748,2
1749,19
1750,1
1751,98
1752,3
1753,1
1754,1
1755,4
1756,1
1757,1
1758,1
1759,2
1760,1
1761,757
1762,2
1763,2
1764,1
1765,37
1766,1
1767,32
1768,2
1769,1
1770,2
1771,4
1772,1
1773,1
1774,2
1775,2
1776,5
1777,1
1778,1
1779,2
1780,1
1781,15
1782,1
1783,2
1784,1
1785,3
1786,5
1787,2
1788,2
1789,1
1790,1
1791,180
1792,1
1793,3
1794,2
1795,2
1796,2
1797,1
1798,4
1799,2
1800,3
1801,9
1802,3
1803,6
1804,1
1805,1
1806,2
1807,28
1808,6
1809,1
1810,2
1811,12
1812,1
1813,1
1814,5
1815,252
1816,1
1817,1
1818,8
1819,118
1820,1
1821,1
1822,1
1823,10
1824,4
1825,1
1826,3
1827,2
1828,1
1829,3
1830,1
1831,10
1832,1
1833,5
1834,1
1835,50
1836,1
1837,3
1838,6
1839,2
1840,10
1841,1
1842,1
1843,36
1844,2
1845,3
1846,1
1847,4
1848,2
1849,3
1850,1
1851,10
1852,1
1853,67
1854,1
1855,2
1856,15
1857,1161
1858,3
1859,10
1860,3
1861,3
1862,4
1863,6
1864,7
1865,21
1866,3
1867,2
1868,1
1869,5
1870,1
1871,2
1872,6
1873,3
1874,1
1875,16
1876,2
1877,1
1878,2
1879,154
1880,4
1881,1
1882,1
1883,8
1884,12
1885,3
1886,1
1887,4
1888,1
1889,69
1890,1
1891,2
1892,4
1893,1
1894,1
1895,4
1896,1
1897,421
1898,2
1899,2
1900,1
1901,15
1902,2
1903,2
1904,1
1905,5
1906,4
1907,10
1908,1
1909,3
1910,1
1911,2
1912,5
1913,1
1914,2
1915,4
1916,2
1917,15
1918,15
1919,2
1920,3
1921,1
1922,2
1923,14
1924,1
1925,1
1926,1
1927,2
1928,4
1929,11
1930,1
1931,8
1932,1
1933,11
1934,1
1935,2
1936,37
1937,3
1938,6
1939,2
1940,1
1941,1
1942,1
1943,4
1944,3
1945,NA
1946,2
1947,10
1948,47
1949,5
1950,7
1951,8
1952,2
1953,9
1954,7
1955,2
1956,1
1957,7
1958,2
1959,12
1960,1
1961,3
1962,1
1963,6
1964,3
1965,1
1966,3
1967,1194
1968,1
1969,1
1970,2
1971,2
1972,5
1973,1
1974,20
1975,2
1976,5
1977,1
1978,1
1979,4
1980,2
1981,307
1982,3
1983,2
1984,1
1985,1
1986,1
1987,6
1988,1
1989,1
1990,2
1991,28
1992,1
1993,1
1994,5
1995,8
1996,2
1997,39
1998,2
1999,390
2000,6
2001,3
2002,1
2003,2
2004,1
2005,7
2006,1
2007,20
2008,1
2009,17
2010,34
2011,8
2012,8
2013,3
2014,4
2015,4
2016,2
2017,1
2018,1
2019,6
2020,5
2021,3
2022,5
2023,4
2024,1
2025,1
2026,1
2027,224
2028,8
2029,1
2030,1
2031,10
2032,3
2033,11
2034,1
2035,874
2036,1
2037,1
2038,9
2039,18
2040,4
2041,1
2042,9
2043,2
2044,9
2045,17
2046,1
2047,28
2048,5
2049,NA
2050,3
2051,222
2052,1
2053,3
2054,1
2055,4
2056,1
2057,1
2058,1
2059,2
2060,4
2061,873
2062,2
2063,8
2064,5
2065,3
2066,4
2067,4
2068,1
2069,1461
2070,4
2071,2
2072,1
2073,1
2074,2
2075,2
2076,1
2077,5
2078,2
2079,4
2080,1
2081,1
2082,3
2083,26
2084,1
2085,5
2086,8
2087,4
2088,1
2089,1
2090,8
2091,6
2092,1
2093,215
2094,2
2095,24
2096,6
2097,1
2098,1
2099,4
2100,9
2101,1
2102,6
2103,12
2104,3
2105,1
2106,4
2107,150
2108,1
2109,1
2110,1
2111,2
2112,4
2113,3
2114,2
2115,12
2116,31
2117,1
2118,1
2119,14
2120,1
2121,1
2122,1
2123,2
2124,1
2125,1
2126,3
2127,2
2128,5
2129,1
2130,4
2131,2
2132,4
2133,3
2134,1
2135,4
2136,11
2137,5
2138,1
2139,6
2140,1
2141,1
2142,6
2143,4
2144,1
2145,1
2146,1
2147,2
2148,13
2149,3
2150,6
2151,18
2152,5
2153,3
2154,1
2155,20
2156,8
2157,1
2158,1
2159,2
2160,10
2161,39
2162,1
2163,18
2164,1
2165,35
2166,2
2167,2
2168,4
2169,1
2170,2
2171,22
2172,1
2173,5
2174,1
2175,2
2176,6
2177,3
2178,7
2179,6
2180,2
2181,55
2182,2
2183,2
2184,4
2185,1
2186,1
2187,16
2188,2
2189,1
2190,16
2191,10
2192,2
2193,1
2194,1
2195,2
2196,1
2197,1
2198,1
2199,12
2200,1
2201,11
2202,1
2203,8
2204,2
2205,5
2206,8
2207,6
2208,1
2209,1
2210,1
2211,2
2212,1
2213,1
2214,40
2215,2
2216,2
2217,17
2218,3
2219,6
2220,3
2221,1
2222,1
2223,4
2224,1
2225,3
2226,3
2227,4
2228,2
2229,5
2230,3
2231,4
2232,1
2233,1
2234,1
2235,2
2236,3
2237,107
2238,1
2239,2
2240,1
2241,11
2242,1
2243,6
2244,6
2245,NA
2246,4
2247,92
2248,1
2249,11
2250,1
2251,22
2252,2
2253,3
2254,1
2255,2
2256,2
2257,1
2258,3
2259,12
2260,2
2261,7
2262,2
2263,4
2264,3
2265,1
2266,3
2267,26
2268,1
2269,7
2270,7
2271,2
2272,3
2273,1
2274,9
2275,748
2276,1
2277,1
2278,11
2279,6
2280,2
2281,1
2282,5
2283,2
2284,1
2285,1
2286,18
2287,2
2288,1
2289,1
2290,2
2291,78
2292,3
2293,9
2294,8
2295,32
2296,1
2297,29
2298,1
2299,2
2300,1
2301,1
2302,2
2303,6
2304,1
2305,7
2306,1
2307,2
2308,6
2309,1
2310,1
2311,48
2312,1
2313,3
2314,2
2315,262
2316,1
2317,1
2318,1
2319,66
2320,2
2321,83
2322,2
2323,2
2324,4
2325,3
2326,2
2327,2
2328,1
2329,1
2330,1
2331,2
2332,6
2333,1
2334,5
2335,12
2336,2
2337,5
2338,1
2339,2
2340,1
2341,15
2342,1
2343,4
2344,1
2345,13
2346,2
2347,6
2348,2
2349,13
2350,3
2351,2
2352,1
2353,1
2354,2
2355,18
2356,1
2357,195
2358,2
2359,4
2360,4
2361,1
2362,22
2363,4
2364,7
2365,1
2366,2
2367,620
2368,3
2369,5
2370,2
2371,8
2372,3
2373,5
2374,1
2375,2
2376,4
2377,1
2378,37
2379,2
2380,2
2381,1
2382,1
2383,4
2384,1
2385,3
2386,2
2387,2
2388,2
2389,49
2390,2
2391,8
2392,1
2393,3
2394,2
2395,700
2396,8
2397,1
2398,1
2399,2
2400,1
2401,5
2402,1
2403,2
2404,8
2405,31
2406,2
2407,1234
2408,2
2409,5
2410,12
2411,34
2412,4
2413,1
2414,1
2415,4
2416,4
2417,1
2418,1
2419,4
2420,1
2421,7
2422,4
2423,138
2424,13
2425,117
2426,1
2427,8
2428,7
2429,1
2430,24
2431,10
2432,1
2433,111
2434,22
2435,12
2436,2
2437,17
2438,9
2439,14
2440,1
2441,1
2442,1
2443,2
2444,1
2445,15
2446,3
2447,40
2448,3
2449,1
2450,1
2451,4
2452,1
2453,1
2454,1
2455,2
2456,5
2457,1
2458,4
2459,2
2460,1
2461,1
2462,1
2463,2
2464,3
2465,3
2466,2
2467,10
2468,1
2469,1
2470,1
2471,4
2472,1
2473,13
2474,17
2475,2
2476,1
2477,113
2478,5
2479,2
2480,1
2481,9
2482,3
2483,2
2484,5
2485,1
2486,2
2487,NA
2488,2
2489,3
2490,2
2491,70
2492,1
2493,1
2494,1
2495,86
2496,2
2497,45
2498,7
2499,12
2500,5
2501,1
2502,1
2503,4
2504,16
2505,1
2506,1
2507,NA
2508,1
2509,3
2510,1
2511,2
2512,3
2513,5
2514,1
2515,16
2516,5
2517,11
2518,2
2519,20
2520,1
2521,3
2522,2
2523,2
2524,2
2525,99
2526,1
2527,8
2528,1
2529,125
2530,2
2531,2
2532,3
2533,3
2534,12
2535,14
2536,1
2537,7
2538,1
2539,6
2540,7
2541,3
2542,2
2543,8
2544,2
2545,1
2546,1
2547,4
2548,1
2549,1
2550,14
2551,2
2552,4
2553,7
2554,10
2555,2
2556,1
2557,17
2558,10
2559,2
2560,5
2561,1
2562,10
2563,8
2564,1
2565,1
2566,2
2567,18
2568,2
2569,1
2570,1
2571,154
2572,4
2573,9
2574,1
2575,14
2576,1
2577,3
2578,1
2579,2
2580,1
2581,3
2582,1
2583,24
2584,7
2585,1
2586,14
2587,2
2588,2
2589,1
2590,5
2591,2
2592,5
2593,1
2594,4
2595,6
2596,2
2597,1
2598,25
2599,4
2600,2
2601,1
2602,7
2603,2
2604,2
2605,1
2606,1
2607,12
2608,1
2609,29
2610,7
2611,38
2612,4
2613,1
2614,1
2615,4
2616,1
2617,3
2618,2
2619,4
2620,8
2621,5
2622,3
2623,116
2624,1
2625,1
2626,2
2627,14
2628,1
2629,1
2630,2
2631,8
2632,2
2633,3
2634,1
2635,2
2636,6
2637,1
2638,1
2639,8
2640,1
2641,7
2642,2
2643,4
2644,1
2645,5
2646,3
2647,4
2648,1
2649,1
2650,1
2651,2
2652,1
2653,11
2654,4
2655,2
2656,1
2657,1
2658,1
2659,2
2660,10
2661,1
2662,1
2663,426
2664,2
2665,69
2666,1
2667,4
2668,1
2669,3
2670,4
2671,4
2672,4
2673,1
2674,3
2675,22
2676,2
2677,3
2678,1
2679,14
2680,2
2681,1
2682,143
2683,14
2684,2
2685,3
2686,1
2687,2
2688,8
2689,NA
2690,2
2691,86
2692,3
2693,3
2694,5
2695,2
2696,29
2697,11
2698,2
2699,NA
2700,1
2701,3
2702,1
2703,2
2704,1
2705,1
2706,5
2707,2
2708,4
2709,9
2710,1
2711,232
2712,2
2713,1
2714,1
2715,6
2716,1
2717,3
2718,2
2719,10
2720,2
2721,1
2722,1
2723,4
2724,2
2725,13
2726,3
2727,8
2728,4
2729,11
2730,1
2731,2
2732,8
2733,9
2734,5
2735,2
2736,1
2737,3
2738,1
2739,2
2740,9
2741,25
2742,23
2743,2
2744,5
2745,3
2746,1
2747,2
2748,8
2749,3
2750,4
2751,6
2752,1
2753,3
2754,7
2755,2
2756,2
2757,63
2758,2
2759,14
2760,1
2761,1
2762,86
2763,28
2764,3
2765,3
2766,1
2767,4
2768,1
2769,3
2770,1
2771,2
2772,1
2773,1
2774,1
2775,8
2776,2
2777,5
2778,1
2779,4
2780,3
2781,1
2782,1
2783,2
2784,1
2785,1
2786,3
2787,6
2788,4
2789,7
2790,1
2791,2
2792,1
2793,1
2794,1
2795,6
2796,3
2797,7
2798,1
2799,824
2800,1
2801,1
2802,12
2803,6
2804,2
2805,3
2806,1
2807,8
2808,3
2809,1
2810,10
2811,36
2812,1
2813,7
2814,1
2815,4
2816,1
2817,61
2818,3
2819,128
2820,1
2821,1
2822,1
2823,2
2824,1
2825,1
2826,2
2827,8
2828,3
2829,7
2830,2
2831,8
2832,2
2833,1
2834,1
2835,6
2836,6
2837,1
2838,1
2839,2
2840,2
2841,45
2842,8
2843,2
2844,12
2845,3
2846,1
2847,4
2848,1
2849,3
2850,6
2851,14
2852,9
2853,1
2854,2
2855,2
2856,1
2857,1
2858,14
2859,4
2860,1
2861,7
2862,1
2863,NA
2864,6
2865,1
2866,1
2867,2
2868,1
2869,1
2870,1
2871,2
2872,2
2873,15
2874,3
2875,6
2876,2
2877,1
2878,2
2879,6
2880,36
2881,53
2882,2
2883,6
2884,4
2885,3
2886,6
2887,6
2888,1
2889,5
2890,4
2891,10
2892,1
2893,5
2894,11
2895,14
2896,18
2897,1
2898,12
2899,2
2900,1
2901,1
2902,9
2903,32
2904,4
2905,1
2906,2
2907,154
2908,22
2909,1
2910,1
2911,12
2912,3
2913,1
2914,2
2915,58
2916,33
2917,97
2918,3
2919,158
2920,1
2921,3
2922,6
2923,2
2924,3
2925,1
2926,1
2927,2
2928,3
2929,3
2930,11
2931,62
2932,46
2933,1
2934,1
2935,4
2936,2
2937,1
2938,2
2939,34
2940,13254
2941,3
2942,1
2943,54
2944,1
2945,5
2946,1
2947,2
2948,1
2949,3
2950,1
2951,24
2952,1
2953,1
2954,6
2955,2
2956,8
2957,3
2958,2
2959,2
2960,18
2961,3
2962,7
2963,2
2964,7
2965,5
2966,4
2967,2
2968,1
2969,1
2970,1
2971,4
2972,1
2973,5
2974,7
2975,16
2976,3
2977,13
2978,2
2979,10
2980,1
2981,5
2982,1
2983,24
2984,7
2985,7
2986,1
2987,18
2988,1
2989,5
2990,4
2991,6
2992,1
2993,1
2994,1
2995,4
2996,1
2997,9
2998,3
2999,8
3000,3
3001,623
3002,2
3003,2
3004,2
3005,3
3006,2
3007,2
3008,1
3009,1
3010,5
3011,6
3012,1
3013,3
3014,4
3015,2
3016,2
3017,7
3018,2
3019,2
3020,7
3021,5
3022,1
3023,848
3024,2
3025,7
3026,1
3027,36
3028,4
3029,1
3030,16
3031,10
3032,5
3033,3
3034,4
3035,4
3036,48
3037,1
3038,1
3039,4
3040,1
3041,1
3042,3
3043,2
3044,1
3045,NA
3046,4
3047,8
3048,6
3049,7
3050,3
3051,2
3052,1
3053,1
3054,7
3055,2
3056,3
3057,187
3058,1
3059,NA
3060,5
3061,17
3062,6
3063,2
3064,1
3065,3
3066,1
3067,224
3068,4
3069,1
3070,1
3071,2
3072,2
3073,21
3074,2
3075,2
3076,2
3077,65
3078,4
3079,8
3080,1
3081,1
3082,1
3083,12
3084,6
3085,5
3086,2
3087,2
3088,2
3089,1
3090,1
3091,54
3092,16
3093,1
3094,2
3095,2
3096,1
3097,1
3098,2
3099,2
3100,1
3101,9
3102,2
3103,6
3104,1
3105,59
3106,1
3107,4
3108,1
3109,1
3110,1
3111,6
3112,1
3113,17
3114,6
3115,2
3116,9
3117,51
3118,1
3119,2
3120,12
3121,7
3122,1
3123,16
3124,13
3125,31
3126,1
3127,584
3128,1
3129,7
3130,7
3131,2
3132,4
3133,1
3134,7
3135,4
3136,31
3137,1
3138,2
3139,2
3140,2
3141,1
3142,1
3143,12
3144,1
3145,17
3146,1
3147,2
3148,3
3149,99
3150,12
3151,4
3152,1
3153,31
3154,1
3155,98
3156,1
3157,1
3158,3
3159,4
3160,10
3161,3
3162,6
3163,NA
3164,1
3165,1
3166,3
3167,2
3168,5
3169,1
3170,111
3171,2
3172,2
3173,17
3174,1
3175,100
3176,1
3177,1
3178,2
3179,NA
3180,1
3181,1
3182,40
3183,482
3184,2
3185,1
3186,1
3187,12
3188,1
3189,1
3190,7
3191,2
3192,3
3193,13
3194,3
3195,32
3196,1
3197,1
3198,1
3199,8
3200,1
3201,1
3202,1
3203,2
3204,2
3205,3
3206,6
3207,294
3208,1
3209,3
3210,15
3211,2
3212,1
3213,1
3214,2
3215,2
3216,1
3217,5
3218,3
3219,2
3220,1
3221,51
3222,2
3223,36
3224,2
3225,3
3226,4
3227,2
3228,1
3229,5
3230,1
3231,84
3232,1
3233,1
3234,4
3235,2
3236,1
3237,3
3238,6
3239,4
3240,16
3241,5
3242,1
3243,38
3244,3
3245,1
3246,3
3247,12
3248,2
3249,25
3250,2
3251,26
3252,1
3253,17
3254,1
3255,6
3256,1
3257,17
3258,1
3259,20
3260,3
3261,NA
3262,2
3263,10
3264,5
3265,3
3266,1
3267,26
3268,1
3269,1
3270,2
3271,26
3272,141
3273,1
3274,1
3275,4
3276,1
3277,1
3278,1
3279,4
3280,1
3281,5
3282,3
3283,576
3284,2
3285,9
3286,5
3287,4
3288,2
3289,3
3290,3
3291,12
3292,4
3293,1
3294,1
3295,2
3296,2
3297,47
3298,3
3299,4
3300,1
3301,3
3302,1
3303,2
3304,1
3305,1
3306,2
3307,2
3308,10
3309,105
3310,4
3311,54
3312,7
3313,1
3314,2
3315,1028
3316,1
3317,1
3318,3
3319,32
3320,4
3321,1
3322,2
3323,2
3324,6
3325,3
3326,1
3327,2
3328,1
3329,1
3330,2
3331,10
3332,3
3333,1
3334,4
3335,12
3336,2
3337,3
3338,1
3339,8
3340,2
3341,1
3342,1
3343,12
3344,1
3345,1
3346,35
3347,2
3348,3
3349,1
3350,3
3351,8
3352,14
3353,1
3354,1
3355,20
3356,3
3357,23
3358,8
3359,2
3360,6
3361,11
3362,3
3363,22
3364,1
3365,1
3366,5
3367,14
3368,6
3369,5
3370,1
3371,284
3372,2
3373,97
3374,2
3375,40
3376,2
3377,5
3378,3
3379,44
3380,2
3381,1
3382,1
3383,280
3384,2
3385,9
3386,1
3387,2
3388,12
3389,1
3390,1
3391,2
3392,22
3393,1
3394,1
3395,2
3396,3
3397,3
3398,1
3399,10
3400,2
3401,5
3402,5
3403,6
3404,1
3405,1
3406,20
3407,6
3408,8
3409,NA
3410,1
3411,152
3412,3
3413,5
3414,3
3415,2
3416,1
3417,3
3418,21
3419,16
3420,4
3421,1
3422,1
3423,2
3424,7
3425,3
3426,6
3427,2
3428,1
3429,1
3430,1
3431,4
3432,1
3433,1
3434,2
3435,2
3436,1
3437,11
3438,13
3439,2
3440,1
3441,3
3442,3
3443,4
3444,1
3445,1
3446,2
3447,8
3448,1
3449,1
3450,1
3451,2
3452,5
3453,13
3454,3
3455,4
3456,1
3457,13
3458,1
3459,14
3460,1
3461,5
3462,1
3463,4
3464,4
3465,3
3466,4
3467,62
3468,9
3469,1
3470,4
3471,2
3472,2
3473,7
3474,10
3475,28
3476,5
3477,11
3478,3
3479,2
3480,1
3481,1
3482,3
3483,4
3484,1
3485,25
3486,1
3487,2
3488,2
3489,23
3490,2
3491,2
3492,1
3493,13
3494,1
3495,2
3496,3
3497,1
3498,22
3499,2
3500,4
3501,7
3502,1
3503,14
3504,2
3505,5
3506,2
3507,6
3508,1
3509,1
3510,2
3511,2
3512,2
3513,1
3514,1
3515,14
3516,2
3517,9
3518,1
3519,2
3520,3
3521,1
3522,1
3523,52
3524,1
3525,1
3526,1
3527,4
3528,1
3529,9
3530,2
3531,2
3532,8
3533,1
3534,2
3535,2
3536,1
3537,181
3538,1
3539,4
3540,43
3541,1
3542,1
3543,2
3544,2
3545,17
3546,1
3547,24
3548,3
3549,23
3550,1
3551,8
3552,1
3553,1
3554,1
3555,2
3556,3
3557,7
3558,2
3559,4
3560,2
3561,853
3562,3
3563,2
3564,3
3565,1
3566,6
3567,2
3568,2
3569,7
3570,1
3571,6
3572,4
3573,83
3574,1
3575,6
3576,1
3577,3
3578,18
3579,728
3580,1
3581,3
3582,3
3583,6
3584,1
3585,NA
3586,10
3587,2
3588,1
3589,7
3590,1
3591,4
3592,3
3593,1
3594,4
3595,10
3596,1
3597,9
3598,9
3599,6
3600,7
3601,3
3602,19
3603,22
3604,1
3605,3
3606,1
3607,6
3608,2
3609,1
3610,2
3611,8
3612,2
3613,185
3614,4
3615,16
3616,8
3617,1
3618,1
3619,2
3620,1
3621,9
3622,2
3623,2
3624,5
3625,15
3626,8
3627,26
3628,1
3629,3
3630,1
3631,4
3632,11
3633,125
3634,5
3635,6
3636,1
3637,1
3638,3
3639,34
3640,2
3641,7
3642,1
3643,6
3644,2
3645,1
3646,2
3647,4
3648,1
3649,1
3650,9
3651,4
3652,1
3653,1
3654,3
3655,2
3656,2
3657,1
3658,1
3659,2
3660,2
3661,1
3662,6
3663,92
3664,1
3665,1
3666,13
3667,2
3668,4
3669,1
3670,1
3671,2
3672,1
3673,3
3674,1
3675,38
3676,1
3677,13
3678,2
3679,2
3680,10
3681,9
3682,1
3683,28
3684,1
3685,5
3686,2
3687,4
3688,3
3689,3
3690,1
3691,4
3692,6
3693,1
3694,5
3695,2
3696,1
3697,NA
3698,1
3699,72
3700,2
3701,NA
3702,1
3703,6
3704,1
3705,41
3706,1
3707,2
3708,1
3709,1
3710,5
3711,30
3712,4
3713,1
3714,6
3715,8
3716,6
3717,11
3718,9
3719,8
3720,1
3721,3
3722,1
3723,2
3724,3
3725,NA
3726,1
3727,34
3728,7
3729,1
3730,1
3731,28
3732,4
3733,1
3734,1
3735,6
3736,1
3737,1
3738,6
3739,2
3740,1
3741,1
3742,7
3743,32
3744,2
3745,1
3746,3
3747,14
3748,2
3749,249
3750,1
3751,2
3752,2
3753,1
3754,72
3755,6
3756,2
3757,3
3758,1
3759,4
3760,6
3761,5
3762,10
3763,6
3764,8
3765,3
3766,1
3767,12
3768,1
3769,21
3770,6
3771,4
3772,2
3773,1
3774,1
3775,2
3776,2
3777,3
3778,2
3779,44
3780,4
3781,1
3782,4
3783,4
3784,3
3785,1
3786,7
3787,4
3788,1
3789,17
3790,2
3791,2
3792,3
3793,1
3794,1
3795,764
3796,2
3797,1
3798,3
3799,106
3800,1
3801,73
3802,1
3803,4
3804,1
3805,1
3806,1
3807,14
3808,1
3809,9
3810,1
3811,32
3812,1
3813,1
3814,2
3815,28
3816,3
3817,1
3818,1
3819,42
3820,3
3821,1
3822,1
3823,2
3824,2
3825,1
3826,1
3827,4
3828,2
3829,3
3830,5
3831,2
3832,5
3833,11
3834,2
3835,6
3836,7
3837,1
3838,3
3839,2
3840,354
3841,1
3842,2
3843,2
3844,1
3845,1
3846,1
3847,60
3848,1
3849,1
3850,4
3851,46
3852,3
3853,13
3854,1
3855,16
3856,1
3857,1
3858,5
3859,48
3860,1
3861,17
3862,6
3863,16
3864,2
3865,167
3866,2
3867,2
3868,4
3869,1
3870,1
3871,4
3872,1
3873,53
3874,1
3875,34
3876,2
3877,1
3878,1
3879,4
3880,1
3881,3
3882,1
3883,14
3884,6
3885,1
3886,2
3887,2
3888,2
3889,1
3890,3
3891,8
3892,1
3893,3
3894,2
3895,14
3896,1
3897,7
3898,6
3899,2
3900,3
3901,69
3902,2
3903,10
3904,5
3905,1
3906,116
3907,2
3908,2
3909,3
3910,16
3911,10
3912,1
3913,1
3914,1
3915,4
3916,2
3917,1427
3918,22
3919,1140
3920,3
3921,1
3922,2
3923,6
3924,4
3925,1
3926,1
3927,2
3928,2
3929,5
3930,3
3931,2
3932,1
3933,3
3934,1
3935,2
3936,9
3937,1
3938,1
3939,4
3940,3
3941,45
3942,1
3943,2
3944,1
3945,1
3946,2
3947,6
3948,1
3949,1
3950,23
3951,2
3952,5
3953,3
3954,17
3955,2
3956,2
3957,5
3958,1
3959,26
3960,1
3961,13
3962,4
3963,2
3964,2
3965,19
3966,3
3967,4
3968,5
3969,69
3970,2
3971,10
3972,4
3973,17
3974,8
3975,18
3976,6
3977,1
3978,1
3979,2
3980,1
3981,33
3982,1
3983,44
3984,1
3985,99
3986,7
3987,30
3988,3
3989,1
3990,13
3991,8
3992,1
3993,1
3994,9
3995,2
3996,12
3997,47
3998,6
3999,4
4000,1
4001,3
4002,1
4003,10
4004,3
4005,3
4006,1
4007,2
4008,37
4009,29
4010,1
4011,26
4012,1
4013,1
4014,1
4015,8
4016,8
4017,7
4018,2
4019,2
4020,2
4021,17
4022,7
4023,2
4024,18
4025,1
4026,1
4027,4
4028,6
4029,3
4030,1
4031,6
4032,2
4033,9
4034,1
4035,4
4036,1
4037,5
4038,2
4039,2
4040,5
4041,1
4042,7
4043,8
4044,1
4045,5
4046,1
4047,6
4048,1
4049,1
4050,2
4051,2
4052,1
4053,27
4054,2
4055,10
4056,5
4057,1
4058,1
4059,4
4060,1
4061,755
4062,3
4063,2
4064,7
4065,5
4066,3
4067,8
4068,4
4069,1
4070,3
4071,2
4072,4
4073,3
4074,2
4075,6
4076,30
4077,1
4078,1
4079,6
4080,4
4081,11
4082,1
4083,2
4084,2
4085,1
4086,2
4087,120
4088,2
4089,3
4090,6
4091,6
4092,1
4093,1
4094,1
4095,10
4096,17
4097,1
4098,1
4099,138
4100,2
4101,1
4102,3
4103,6
4104,1
4105,11
4106,2
4107,10
4108,2
4109,1
4110,1
4111,12
4112,4
4113,5
4114,2
4115,2
4116,2
4117,5
4118,11
4119,2
4120,7
4121,17
4122,3
4123,4
4124,1
4125,1
4126,6
4127,4
4128,2
4129,11
4130,1
4131,10
4132,1
4133,9
4134,6
4135,2
4136,1
4137,21
4138,1
4139,300
4140,1
4141,5
4142,1
4143,2
4144,6
4145,1
4146,1
4147,2
4148,1
4149,3
4150,28
4151,20
4152,10
4153,1
4154,14
4155,2
4156,683
4157,1
4158,8
4159,2
4160,2
4161,49
4162,5
4163,10
4164,1
4165,1
4166,4
4167,4
4168,3
4169,1
4170,1
4171,2
4172,4
4173,NA
4174,4
4175,2
4176,1
4177,1
4178,13
4179,4
4180,16
4181,1
4182,2
4183,22
4184,10
4185,1
4186,8
4187,32
4188,1
4189,3
4190,2
4191,2
4192,2
4193,3
4194,2
4195,56
4196,1
4197,1
4198,1
4199,4
4200,3
4201,53
4202,1
4203,2
4204,1
4205,29
4206,8
4207,2
4208,2
4209,1
4210,1
4211,134
4212,1
4213,9
4214,2
4215,2
4216,3
4217,1
4218,4
4219,4
4220,1
4221,1
4222,4
4223,4
4224,4
4225,1
4226,1
4227,10
4228,1
4229,7
4230,2
4231,10
4232,2
4233,3
4234,2
4235,10
4236,3
4237,79
4238,3
4239,2
4240,1
4241,5
4242,1
4243,30
4244,1
4245,33
4246,1
4247,6
4248,1
4249,NA
4250,2
4251,6
4252,2
4253,13
4254,1
4255,4
4256,1
4257,1
4258,2
4259,2
4260,2
4261,1
4262,1
4263,8
4264,1
4265,9
4266,3
4267,10
4268,1
4269,23
4270,4
4271,4
4272,3
4273,171
4274,1
4275,2
4276,2
4277,1
4278,2
4279,2
4280,4
4281,9
4282,5
4283,2
4284,2
4285,1
4286,6
4287,4
4288,1
4289,17
4290,2
4291,4
4292,2
4293,3
4294,2
4295,10
4296,1
4297,5
4298,2
4299,58
4300,1
4301,1
4302,7
4303,36
4304,4
4305,25
4306,1
4307,12
4308,10
4309,13
4310,23
4311,2
4312,1
4313,1
4314,1
4315,2
4316,2
4317,1
4318,2
4319,154
4320,1
4321,11
4322,3
4323,4
4324,2
4325,3
4326,3
4327,18
4328,1
4329,1
4330,2
4331,4
4332,100
4333,1
4334,10
4335,4
4336,2
4337,5
4338,3
4339,4
4340,1
4341,1
4342,1
4343,148
4344,3
4345,1
4346,2
4347,8
4348,3
4349,51
4350,2
4351,2
4352,7
4353,1
4354,1
4355,2
4356,5
4357,3
4358,2
4359,14
4360,2
4361,1
4362,2
4363,2
4364,9
4365,13
4366,6
4367,170
4368,1
4369,15
4370,53
4371,2
4372,1
4373,1
4374,1
4375,8
4376,1
4377,3
4378,7
4379,22
4380,1
4381,3
4382,1
4383,80
4384,4
4385,1
4386,1
4387,18
4388,2
4389,1
4390,2
4391,12
4392,2
4393,3
4394,2
4395,6
4396,2
4397,9
4398,3
4399,174
4400,2
4401,3
4402,1
4403,2
4404,1
4405,1
4406,1
4407,2
4408,5
4409,3
4410,2
4411,2
4412,1
4413,5
4414,4
4415,2
4416,1
4417,5
4418,1
4419,2
4420,9
4421,3
4422,2
4423,2
4424,1
4425,5
4426,15
4427,4
4428,12
4429,3
4430,1
4431,10
4432,1
4433,1
4434,1
4435,2
4436,7
4437,3
4438,1
4439,2
4440,3
4441,13
4442,1
4443,10
4444,18
4445,141
4446,2
4447,2
4448,3
4449,41
4450,1
4451,16
4452,21
4453,3
4454,1
4455,2
4456,7
4457,1
4458,2
4459,2
4460,2
4461,1
4462,3
4463,2
4464,1
4465,1
4466,30
4467,8
4468,3
4469,3
4470,1
4471,4
4472,1
4473,1
4474,1
4475,64
4476,1
4477,1
4478,1
4479,4
4480,8
4481,1
4482,5
4483,2
4484,3
4485,1
4486,1
4487,2
4488,4
4489,17
4490,1
4491,2
4492,7
4493,387
4494,1
4495,4
4496,2
4497,3
4498,2
4499,4
4500,1
4501,1
4502,3
4503,6
4504,1
4505,3
4506,1
4507,266
4508,1
4509,1
4510,2
4511,72
4512,1
4513,13
4514,1
4515,2
4516,1
4517,5
4518,4
4519,4
4520,3
4521,3
4522,1
4523,4
4524,10
4525,1
4526,5
4527,2
4528,4
4529,1
4530,4
4531,2
4532,1
4533,1
4534,3
4535,44
4536,2
4537,1
4538,14
4539,20
4540,1
4541,1
4542,5
4543,2
4544,2
4545,3
4546,2
4547,10
4548,1
4549,5
4550,4
4551,2
4552,1
4553,1
4554,4
4555,14
4556,2
4557,3
4558,1
4559,14
4560,1
4561,69
4562,2
4563,30
4564,2
4565,271
4566,1
4567,14
4568,2
4569,1
4570,40
4571,4
4572,8
4573,1
4574,11
4575,4
4576,1
4577,1
4578,1
4579,4
4580,1
4581,29
4582,1
4583,2
4584,2
4585,13
4586,17
4587,6
4588,1
4589,3
4590,4
4591,6
4592,1
4593,63
4594,1
4595,4
4596,14
4597,3
4598,2
4599,22
4600,1
4601,3
4602,1
4603,4
4604,3
4605,1
4606,2
4607,10
4608,1
4609,NA
4610,1
4611,2
4612,3
4613,7
4614,1
4615,42
4616,1
4617,17
4618,34
4619,18
4620,11
4621,1
4622,2
4623,14
4624,3
4625,1
4626,1
4627,240
4628,3
4629,3
4630,3
4631,4
4632,21
4633,1
4634,10
4635,10
4636,1
4637,3
4638,3
4639,2
4640,3
4641,1
4642,4
4643,2
4644,5
4645,133
4646,2
4647,2
4648,2
4649,3
4650,15
4651,68
4652,1
4653,1
4654,1
4655,58
4656,8
4657,3
4658,2
4659,4
4660,1
4661,9
4662,1
4663,2
4664,1
4665,387
4666,2
4667,12
4668,1
4669,57
4670,1
4671,4
4672,1
4673,75
4674,2
4675,2
4676,1
4677,1
4678,3
4679,2
4680,1
4681,1
4682,1
4683,2
4684,1
4685,13
4686,1
4687,4
4688,29
4689,3
4690,3
4691,2
4692,1
4693,11
4694,2
4695,8
4696,1
4697,1
4698,1
4699,22
4700,4
4701,1
4702,1
4703,4
4704,11
4705,3
4706,1
4707,4
4708,1
4709,1
4710,2
4711,2
4712,22
4713,5
4714,1
4715,6
4716,3
4717,3
4718,1
4719,18
4720,4
4721,1
4722,24
4723,2
4724,4
4725,1
4726,5
4727,34
4728,1
4729,171
4730,1
4731,14
4732,1
4733,3
4734,5
4735,2
4736,1
4737,1
4738,1
4739,24
4740,3
4741,3
4742,1
4743,8
4744,3
4745,7
4746,2
4747,10
4748,18
4749,1
4750,1
4751,6
4752,2
4753,3
4754,18
4755,8
4756,1
4757,1
4758,4
4759,2
4760,1
4761,1
4762,1
4763,4
4764,2
4765,3
4766,4
4767,2
4768,4
4769,3
4770,1
4771,NA
4772,6
4773,1
4774,3
4775,104
4776,7
4777,59
4778,3
4779,2
4780,1
4781,7
4782,1
4783,36
4784,2
4785,3
4786,1
4787,4
4788,2
4789,21
4790,1
4791,2
4792,1
4793,7
4794,1
4795,14
4796,2
4797,1
4798,4
4799,252
4800,1
4801,1
4802,2
4803,2
4804,2
4805,1
4806,1
4807,4
4808,12
4809,1
4810,5
4811,2
4812,2
4813,1
4814,5
4815,8
4816,5
4817,3
4818,1
4819,18
4820,4
4821,97
4822,2
4823,2
4824,1
4825,1
4826,4
4827,568
4828,2
4829,1
4830,2
4831,2
4832,3
4833,3
4834,4
4835,34
4836,4
4837,1
4838,3
4839,6
4840,4
4841,1
4842,3
4843,2
4844,6
4845,5
4846,1
4847,6
4848,1
4849,9
4850,3
4851,6
4852,17
4853,11
4854,57
4855,300
4856,14
4857,5
4858,1
4859,40
4860,10
4861,1
4862,3
4863,2
4864,1
4865,1265
4866,1
4867,2
4868,1
4869,3
4870,3
4871,18
4872,1
4873,179
4874,4
4875,62
4876,3
4877,NA
4878,2
4879,4
4880,1
4881,1
4882,3
4883,52
4884,1
4885,1
4886,3
4887,2
4888,2
4889,5
4890,2
4891,4
4892,1
4893,1
4894,1
4895,10
4896,3
4897,113
4898,9
4899,18
4900,5
4901,33
4902,1
4903,2
4904,4
4905,1
4906,1
4907,18
4908,5
4909,7
4910,2
4911,60
4912,1
4913,1
4914,1
4915,4
4916,2
4917,1
4918,4
4919,6
4920,2
4921,5
4922,4
4923,2
4924,1
4925,11
4926,5
4927,4
4928,3
4929,1
4930,2
4931,4
4932,36
4933,1
4934,12
4935,8
4936,2
4937,13
4938,2
4939,2
4940,1
4941,1
4942,2
4943,22
4944,1
4945,1
4946,1
4947,2
4948,1
4949,1
4950,1
4951,2
4952,1
4953,5
4954,3
4955,4
4956,2
4957,7
4958,5
4959,4
4960,17
4961,5
4962,2
4963,10
4964,4
4965,3
4966,1
4967,2
4968,2
4969,137
4970,3
4971,20
4972,6
4973,3
4974,1
4975,2
4976,3
4977,7
4978,1
4979,2
4980,1
4981,1
4982,1
4983,32
4984,1
4985,5
4986,4
4987,8
4988,11
4989,3
4990,2
4991,48
4992,41
4993,1
4994,3
4995,186
4996,5
4997,49
4998,3
4999,2
5000,4
5001,1
5002,1
5003,106
5004,2
5005,1
5006,2
5007,2
5008,5
5009,1
5010,1
5011,24
5012,3
5013,37
5014,1
5015,4
5016,1
5017,7
5018,1
5019,20
5020,7
5021,1
5022,1
5023,12
5024,9
5025,131
5026,1
5027,20
5028,3
5029,1
5030,2
5031,8
5032,1
5033,1
5034,2
5035,2
5036,1
5037,3
5038,6
5039,16
5040,14
5041,NA
5042,1
5043,4
5044,1
5045,141
5046,1
5047,10
5048,2
5049,11
5050,3
5051,2
5052,2
5053,1
5054,6
5055,4
5056,4
5057,5
5058,1
5059,2
5060,4
5061,1
5062,1
5063,8
5064,12
5065,1
5066,1
5067,6
5068,4
5069,1
5070,2
5071,2
5072,1
5073,1
5074,2
5075,2
5076,109
5077,21
5078,2
5079,68
5080,4
5081,13
5082,7
5083,24
5084,1
5085,17
5086,1
5087,172
5088,6
5089,1
5090,3
5091,6
5092,1
5093,1
5094,3
5095,446
5096,3
5097,3
5098,4
5099,2
5100,2
5101,5
5102,6
5103,20
5104,1
5105,1
5106,3
5107,4
5108,3
5109,1
5110,1
5111,2
5112,1
5113,3
5114,2
5115,4
5116,19
5117,1
5118,3
5119,8
5120,2
5121,13
5122,1
5123,10
5124,3
5125,27
5126,2
5127,2
5128,1
5129,5
5130,1
5131,10
5132,30
5133,9
5134,2
5135,34
5136,14
5137,3
5138,1
5139,2
5140,13
5141,1
5142,2
5143,2
5144,7
5145,19
5146,1
5147,28
5148,5
5149,13
5150,1
5151,28
5152,1
5153,1
5154,2
5155,4
5156,1
5157,1
5158,1
5159,14
5160,1
5161,1
5162,2
5163,2
5164,12
5165,1
5166,1
5167,6
5168,5
5169,1
5170,1
5171,6
5172,2
5173,5
5174,1
5175,4
5176,2
5177,3
5178,2
5179,10
5180,1
5181,3
5182,2
5183,2
5184,3
5185,7
5186,2
5187,2
5188,1
5189,1
5190,1
5191,4
5192,4
5193,3
5194,4
5195,10
5196,6
5197,1
5198,1
5199,58
5200,1
5201,11
5202,5
5203,2
5204,1
5205,7
5206,3
5207,40
5208,6
5209,1
5210,3
5211,2
5212,1
5213,1
5214,4
5215,6
5216,1
5217,1073
5218,2
5219,2
5220,2
5221,1
5222,2
5223,24
5224,3
5225,5
5226,2
5227,2
5228,8
5229,1
5230,4
5231,6
5232,1
5233,29
5234,1
5235,2
5236,1
5237,3
5238,1
5239,2
5240,5
5241,25
5242,11
5243,NA
5244,4
5245,3
5246,12
5247,32
5248,2
5249,1
5250,3
5251,2
5252,1
5253,1
5254,1
5255,166
5256,1
5257,5
5258,2
5259,4
5260,15
5261,3
5262,1
5263,2
5264,2
5265,1
5266,1
5267,238
5268,2
5269,7
5270,2
5271,2
5272,2
5273,27
5274,7
5275,6
5276,1
5277,3
5278,13
5279,32
5280,2
5281,1
5282,1
5283,8
5284,1
5285,17
5286,5
5287,8
5288,1
5289,1
5290,1
5291,4
5292,1
5293,141
5294,2
5295,2
5296,10
5297,1
5298,6
5299,18
5300,20
5301,23
5302,3
5303,2
5304,1
5305,1273
5306,1
5307,4
5308,12
5309,37
5310,8
5311,4
5312,3
5313,1
5314,19
5315,8
5316,3
5317,1
5318,1
5319,2
5320,2
5321,1
5322,1
5323,6
5324,6
5325,1
5326,1
5327,48
5328,12
5329,5
5330,6
5331,4
5332,1
5333,3
5334,3
5335,8
5336,1
5337,11
5338,2
5339,20
5340,4
5341,7
5342,1
5343,16
5344,4
5345,1
5346,2
5347,12
5348,11
5349,9
5350,5
5351,6
5352,1
5353,3
5354,1
5355,14
5356,2
5357,1
5358,1
5359,2
5360,2
5361,17
5362,1
5363,8
5364,7
5365,1
5366,1
5367,16
5368,7
5369,807
5370,2
5371,2
5372,5
5373,9
5374,4
5375,38
5376,7
5377,5
5378,1
5379,8
5380,2
5381,1
5382,2
5383,8
5384,16
5385,1
5386,1
5387,2
5388,1
5389,3
5390,1
5391,108
5392,6
5393,3
5394,1
5395,4
5396,3
5397,75
5398,9
5399,100
5400,45
5401,1
5402,6
5403,2
5404,2
5405,1
5406,2
5407,22
5408,1
5409,7
5410,113
5411,2
5412,1
5413,1
5414,3
5415,90
5416,1
5417,1
5418,5
5419,4
5420,1
5421,5
5422,2
5423,744
5424,1
5425,NA
5426,2
5427,12
5428,2
5429,3
5430,2
5431,4
5432,3
5433,1
5434,1
5435,6
5436,4
5437,3
5438,1
5439,2
5440,1
5441,NA
5442,1
5443,6
5444,3
5445,11
5446,1
5447,2
5448,5
5449,1
5450,1
5451,6
5452,2
5453,1
5454,4
5455,4
5456,1
5457,1
5458,1
5459,4
5460,1
5461,1
5462,1
5463,18
5464,3
5465,5
5466,3
5467,80
5468,1
5469,1
5470,49
5471,10
5472,2
5473,1
5474,3
5475,2
5476,1
5477,1
5478,4
5479,2
5480,2
5481,245
5482,2
5483,6
5484,2
5485,7
5486,2
5487,4
5488,2
5489,1
5490,1
5491,4
5492,4
5493,141
5494,4
5495,684
5496,1
5497,1
5498,1
5499,2
5500,1
5501,1
5502,1
5503,NA
5504,1
5505,5
5506,4
5507,2
5508,1
5509,3
5510,1
5511,2
5512,2
5513,21
5514,3
5515,2
5516,4
5517,43
5518,2
5519,2
5520,1
5521,3
5522,6
5523,2
5524,3
5525,7
5526,1
5527,30
5528,3
5529,1
5530,2
5531,8
5532,2
5533,7
5534,1
5535,12
5536,4
5537,83
5538,1
5539,14
5540,2
5541,5
5542,3
5543,164
5544,8
5545,219
5546,3
5547,2
5548,1
5549,1
5550,5
5551,2
5552,1
5553,1
5554,5
5555,12
5556,1
5557,3
5558,115
5559,8
5560,1
5561,5
5562,13
5563,2
5564,1
5565,1
5566,1
5567,36
5568,2
5569,225
5570,2
5571,4
5572,1
5573,3
5574,1
5575,6
5576,1
5577,3
5578,2
5579,2
5580,2
5581,473
5582,2
5583,6
5584,6
5585,1
5586,6
5587,6
5588,4
5589,3
5590,2
5591,8
5592,96
5593,1
5594,1
5595,4
5596,1
5597,3
5598,1
5599,48
5600,3
5601,333
5602,4
5603,16
5604,1
5605,5
5606,1
5607,4
5608,4
5609,57
5610,6
5611,84
5612,1
5613,35
5614,8
5615,16
5616,1
5617,3
5618,2
5619,50
5620,1
5621,1
5622,11
5623,22
5624,8
5625,1
5626,1
5627,2
5628,3
5629,177
5630,1
5631,2
5632,2
5633,19
5634,1
5635,2
5636,2
5637,5
5638,2
5639,4
5640,3
5641,1
5642,1
5643,8
5644,1
5645,1
5646,4
5647,2
5648,1
5649,3
5650,1
5651,2
5652,4
5653,1
5654,1
5655,22
5656,3
5657,283
5658,1
5659,6
5660,2
5661,1
5662,3
5663,6
5664,2
5665,1
5666,11
5667,8
5668,3
5669,NA
5670,1
5671,2
5672,7
5673,5
5674,1
5675,2
5676,2
5677,1
5678,3
5679,582
5680,1
5681,461
5682,1
5683,2
5684,1
5685,1
5686,4
5687,6
5688,4
5689,1
5690,27
5691,8
5692,1
5693,1
5694,2
5695,2
5696,1
5697,1
5698,1
5699,2
5700,2
5701,3
5702,6
5703,6
5704,3
5705,1
5706,1
5707,4
5708,1
5709,3
5710,17
5711,2
5712,2
5713,1
5714,2
5715,2
5716,2
5717,9
5718,11
5719,28
5720,26
5721,33
5722,1
5723,60
5724,2
5725,1
5726,1
5727,2
5728,2
5729,1
5730,3
5731,8
5732,3
5733,3
5734,19
5735,2
5736,17
5737,15
5738,1
5739,6
5740,3
5741,1
5742,3
5743,522
5744,3
5745,9
5746,10
5747,2
5748,4
5749,1
5750,1
5751,18
5752,2
5753,3
5754,2
5755,8
5756,4
5757,1
5758,1
5759,62
5760,1
5761,1
5762,1
5763,4
5764,2
5765,1
5766,2
5767,144
5768,2
5769,9
5770,6
5771,10
5772,1
5773,3
5774,7
5775,4
5776,1
5777,5
5778,4
5779,10
5780,4
5781,5
5782,1
5783,2
5784,8
5785,23
5786,2
5787,18
5788,3
5789,159
5790,2
5791,2
5792,2
5793,15
5794,5
5795,4
5796,1
5797,1
5798,1
5799,4
5800,7
5801,81
5802,2
5803,2
5804,1
5805,19
5806,3
5807,22
5808,1
5809,47
5810,1
5811,4
5812,1
5813,1
5814,3
5815,2
5816,2
5817,1
5818,3
5819,4
5820,1
5821,89
5822,2
5823,2
5824,1
5825,29
5826,7
5827,6
5828,15
5829,1
5830,2
5831,2
5832,1
5833,5
5834,1
5835,44
5836,1
5837,1
5838,5
5839,4
5840,2
5841,61
5842,1
5843,6
5844,7
5845,5
5846,1
5847,10
5848,1
5849,1
5850,34
5851,8
5852,2
5853,1
5854,5
5855,4
5856,2
5857,NA
5858,1
5859,2
5860,8
5861,11
5862,7
5863,68
5864,1
5865,1
5866,2
5867,2
5868,1
5869,1
5870,2
5871,4
5872,1
5873,37
5874,10
5875,12
5876,3
5877,59
5878,1
5879,14
5880,12
5881,1
5882,4
5883,14
5884,1
5885,13
5886,1
5887,2
5888,2
5889,7
5890,14
5891,6
5892,1
5893,5
5894,10
5895,4
5896,7
5897,29
5898,1
5899,10
5900,1
5901,1
5902,1
5903,68
5904,3
5905,65
5906,1
5907,2
5908,6
5909,15
5910,4
5911,6
5912,4
5913,NA
5914,2
5915,6
5916,5
5917,9
5918,2
5919,16
5920,1
5921,9
5922,2
5923,2
5924,5
5925,17
5926,7
5927,4
5928,1
5929,7
5930,2
5931,12
5932,18
5933,1
5934,1
5935,2
5936,4
5937,1
5938,1
5939,14
5940,2
5941,13
5942,2
5943,4
5944,2
5945,1
5946,1
5947,420
5948,2
5949,1
5950,2
5951,10
5952,2
5953,1
5954,5
5955,2
5956,5
5957,13
5958,2
5959,16
5960,1
5961,7
5962,2
5963,NA
5964,1
5965,3
5966,7
5967,2
5968,1
5969,5
5970,4
5971,16
5972,5
5973,1
5974,6
5975,12
5976,2
5977,3
5978,1
5979,10
5980,4
5981,23
5982,76
5983,30
5984,1
5985,1
5986,2
5987,14
5988,1
5989,1
5990,1
5991,4
5992,7
5993,1
5994,1
5995,12
5996,1
5997,5
5998,4
5999,20
6000,80
6001,1
6002,2
6003,4
6004,1
6005,5
6006,1
6007,4
6008,2
6009,3
6010,1
6011,4
6012,5
6013,3
6014,27
6015,284
6016,1
6017,1
6018,7
6019,12
6020,2
6021,1
6022,2
6023,2
6024,1
6025,5
6026,4
6027,2
6028,1
6029,23
6030,8
6031,40
6032,3
6033,1
6034,69
6035,4
6036,4
6037,61
6038,3
6039,10
6040,1
6041,1
6042,8
6043,2
6044,1
6045,1
6046,2
6047,12
6048,9
6049,1
6050,1
6051,192
6052,2
6053,3
6054,6
6055,4
6056,4
6057,1
6058,3
6059,6
6060,3
6061,35
6062,2
6063,2
6064,2
6065,5
6066,1
6067,12
6068,1
6069,157
6070,1
6071,10
6072,1
6073,43
6074,2
6075,2
6076,1
6077,39
6078,9
6079,2
6080,1
6081,5
6082,1
6083,2
6084,1
6085,9
6086,3
6087,10
6088,7
6089,1
6090,8
6091,16
6092,8
6093,1
6094,3
6095,4
6096,2
6097,5
6098,8
6099,4
6100,1
6101,1
6102,1
6103,34
6104,71
6105,NA
6106,2
6107,16
6108,2
6109,1
6110,2
6111,38
6112,6
6113,3
6114,4
6115,4
6116,5
6117,573
6118,8
6119,8
6120,3
6121,71
6122,7
6123,6
6124,9
6125,3
6126,1
6127,4
6128,2
6129,3
6130,20
6131,6
6132,2
6133,1
6134,1
6135,2
6136,24
6137,1
6138,6
6139,6
6140,3
6141,5
6142,3
6143,6
6144,4
6145,37
6146,1
6147,4
6148,1
6149,31
6150,6
6151,4
6152,3
6153,1
6154,1
6155,6
6156,2
6157,3
6158,1
6159,28
6160,1
6161,19
6162,4
6163,2
6164,1
6165,1
6166,1
6167,4
6168,1
6169,5
6170,23
6171,8
6172,3
6173,7
6174,2
6175,2
6176,1
6177,1
6178,1
6179,18
6180,1
6181,99
6182,43
6183,4
6184,6
6185,15
6186,1
6187,14
6188,3
6189,3
6190,1
6191,18
6192,18
6193,1
6194,2
6195,2
6196,10
6197,1
6198,4
6199,2
6200,7
6201,1
6202,4
6203,8
6204,1
6205,11
6206,1
6207,2
6208,5
6209,1
6210,5
6211,6
6212,1
6213,5
6214,9
6215,2
6216,1
6217,1
6218,3
6219,16
6220,2
6221,5
6222,1
6223,2
6224,1
6225,1
6226,3
6227,2
6228,1
6229,33
6230,6
6231,NA
6232,1
6233,1
6234,3
6235,4
6236,13
6237,3
6238,1
6239,22
6240,5
6241,1
6242,1
6243,2
6244,2
6245,1
6246,3
6247,2
6248,1
6249,1
6250,5
6251,8
6252,1
6253,29
6254,1
6255,14
6256,2
6257,5
6258,5
6259,2
6260,2
6261,1
6262,3
6263,6
6264,2
6265,3
6266,3
6267,4
6268,49
6269,1
6270,1
6271,4
6272,1
6273,3
6274,1
6275,2
6276,6
6277,15
6278,1
6279,476
6280,1
6281,3
6282,1
6283,2
6284,10
6285,1
6286,12
6287,66
6288,10
6289,149
6290,1
6291,10
6292,1
6293,9
6294,1
6295,170
6296,1
6297,17
6298,4
6299,72
6300,2
6301,21
6302,1
6303,8
6304,1
6305,1
6306,2
6307,2
6308,2
6309,1
6310,1
6311,388
6312,4
6313,7
6314,1
6315,12
6316,2
6317,23
6318,2
6319,2
6320,3
6321,1
6322,2
6323,26
6324,2
6325,3
6326,1
6327,704
6328,5
6329,1
6330,1
6331,2
6332,2
6333,1
6334,1
6335,2
6336,1
6337,1
6338,9
6339,4
6340,2
6341,17
6342,2
6343,26
6344,2
6345,3
6346,1
6347,2
6348,1
6349,13
6350,2
6351,2
6352,1
6353,7
6354,4
6355,24
6356,1
6357,49
6358,1
6359,28
6360,6
6361,3
6362,1
6363,10
6364,2
6365,1
6366,3
6367,6
6368,2
6369,3
6370,1
6371,6
6372,2
6373,1
6374,2
6375,10
6376,2
6377,5
6378,8
6379,18
6380,3
6381,1
6382,8
6383,2
6384,6
6385,1
6386,1
6387,4
6388,1
6389,1
6390,4
6391,8
6392,1
6393,1
6394,9
6395,32
6396,9
6397,1
6398,2
6399,2
6400,19
6401,47
6402,2
6403,4
6404,1
6405,9
6406,3
6407,4
6408,3
6409,5
6410,1
6411,16
6412,1
6413,1
6414,4
6415,2
6416,20
6417,5
6418,1
6419,4
6420,1
6421,1
6422,1
6423,4
6424,6
6425,1
6426,3
6427,2
6428,1
6429,5
6430,4
6431,6
6432,1
6433,1
6434,2
6435,4
6436,6
6437,5
6438,3
6439,6
6440,4
6441,25
6442,3
6443,2
6444,15
6445,1
6446,4
6447,NA
6448,2
6449,217
6450,1
6451,2
6452,1
6453,1
6454,2
6455,16
6456,4
6457,31
6458,16
6459,6
6460,2
6461,3
6462,14
6463,6
6464,1
6465,1
6466,1
6467,128
6468,8
6469,3
6470,3
6471,8
6472,3
6473,9
6474,3
6475,2
6476,1
6477,5
6478,1
6479,4
6480,2
6481,3
6482,5
6483,38
6484,1
6485,3
6486,4
6487,2
6488,3
6489,7
6490,1
6491,2
6492,1
6493,3
6494,5
6495,10
6496,2
6497,1
6498,2
6499,24
6500,1
6501,1
6502,4
6503,2
6504,4
6505,1
6506,4
6507,12
6508,2
6509,1
6510,1
6511,8
6512,11
6513,1
6514,3
6515,20
6516,2
6517,5
6518,1
6519,2
6520,2
6521,1
6522,1
6523,10
6524,1
6525,1
6526,9
6527,6
6528,1
6529,3
6530,2
6531,2
6532,1
6533,7
6534,1
6535,2
6536,3
6537,3
6538,5
6539,10
6540,2
6541,1
6542,1
6543,4
6544,2
6545,3
6546,2
6547,40
6548,3
6549,1
6550,2
6551,2
6552,2
6553,37
6554,4
6555,NA
6556,3
6557,1
6558,1
6559,2
6560,1
6561,1
6562,1
6563,18
6564,1
6565,3
6566,3
6567,2
6568,1
6569,49
6570,8
6571,8
6572,2
6573,1
6574,1
6575,4
6576,1
6577,49
6578,1
6579,14
6580,3
6581,9
6582,1
6583,4
6584,4
6585,19
6586,2
6587,6
6588,15
6589,1
6590,1
6591,6
6592,4
6593,3
6594,1
6595,14
6596,1
6597,1
6598,24
6599,6
6600,1
6601,7
6602,2
6603,10
6604,3
6605,1
6606,1
6607,4
6608,1
6609,9
6610,1
6611,12
6612,3
6613,1
6614,18
6615,2
6616,1
6617,1
6618,7
6619,2
6620,4
6621,5
6622,6
6623,2
6624,4
6625,7
6626,5
6627,10
6628,2
6629,3
6630,1
6631,4
6632,4
6633,1
6634,2
6635,6
6636,2
6637,431
6638,4
6639,12
6640,3
6641,1
6642,3
6643,4
6644,2
6645,21
6646,1
6647,4
6648,1
6649,15
6650,3
6651,4
6652,3
6653,11
6654,1
6655,2
6656,1
6657,1
6658,2
6659,2
6660,64
6661,1
6662,1
6663,2
6664,10
6665,3
6666,1
6667,2
6668,1
6669,3
6670,1
6671,2
6672,2
6673,1
6674,1
6675,8
6676,2
6677,1
6678,1
6679,4
6680,7
6681,3
6682,10
6683,4
6684,2
6685,3
6686,1
6687,2
6688,4
6689,7
6690,7
6691,12
6692,1
6693,7
6694,12
6695,2
6696,6
6697,1
6698,1
6699,14
6700,4
6701,5
6702,10
6703,32
6704,1
6705,1
6706,18
6707,2
6708,3
6709,3
6710,1
6711,772
6712,2
6713,33
6714,1
6715,2
6716,2
6717,1
6718,1
6719,8
6720,1
6721,5
6722,1
6723,48
6724,3
6725,7
6726,6
6727,4
6728,21
6729,5
6730,18
6731,6
6732,3
6733,1
6734,1
6735,4
6736,2
6737,1
6738,2
6739,2
6740,2
6741,33
6742,1
6743,48
6744,1
6745,1
6746,2
6747,2
6748,5
6749,25
6750,2
6751,12
6752,1
6753,1
6754,4
6755,4
6756,2
6757,19
6758,2
6759,4
6760,1
6761,1
6762,1
6763,40
6764,3
6765,NA
6766,1
6767,122
6768,2
6769,1
6770,4
6771,8
6772,43
6773,5
6774,3
6775,2
6776,21
6777,3
6778,2
6779,20
6780,8
6781,1
6782,14
6783,148
6784,1
6785,23
6786,1
6787,NA
6788,2
6789,3
6790,8
6791,2
6792,1
6793,3
6794,7
6795,6
6796,1
6797,7
6798,3
6799,2
6800,1
6801,3
6802,5
6803,12
6804,1
6805,21
6806,3
6807,4
6808,11
6809,7
6810,1
6811,2
6812,4
6813,11
6814,5
6815,2
6816,2
6817,13
6818,4
6819,16
6820,1
6821,1
6822,1
6823,2
6824,1
6825,11
6826,1
6827,4
6828,27
6829,1
6830,5
6831,10
6832,2
6833,1
6834,3
6835,82
6836,1
6837,7
6838,5
6839,2
6840,1
6841,1
6842,2
6843,2
6844,3
6845,3
6846,3
6847,30
6848,4
6849,779
6850,9
6851,10
6852,2
6853,13
6854,2
6855,24
6856,2
6857,1
6858,4
6859,2
6860,6
6861,1
6862,1
6863,10
6864,3
6865,1
6866,2
6867,2
6868,1
6869,1
6870,1
6871,2
6872,1
6873,5
6874,5
6875,2
6876,3
6877,1
6878,10
6879,NA
6880,4
6881,1
6882,1
6883,2
6884,3
6885,1
6886,1
6887,18
6888,1
6889,3
6890,1
6891,2
6892,3
6893,5
6894,1
6895,8
6896,2
6897,3
6898,3
6899,2
6900,3
6901,3
6902,1
6903,58
6904,21
6905,1
6906,19
6907,4
6908,1
6909,1
6910,2
6911,30
6912,2
6913,7
6914,3
6915,110
6916,3
6917,1
6918,1
6919,6
6920,59
6921,1
6922,3
6923,36
6924,2
6925,3
6926,1
6927,4
6928,1
6929,3
6930,7
6931,8
6932,1
6933,7
6934,1
6935,6
6936,4
6937,1
6938,1
6939,4
6940,2
6941,1
6942,8
6943,2
6944,3
6945,7
6946,4
6947,8
6948,6
6949,3
6950,4
6951,2
6952,1
6953,1
6954,1
6955,4
6956,2
6957,1
6958,1
6959,26
6960,1
6961,3
6962,2
6963,2
6964,1
6965,1
6966,47
6967,2
6968,21
6969,1
6970,1
6971,28
6972,1
6973,89
6974,2
6975,2
6976,1
6977,5
6978,6
6979,6
6980,1
6981,89
6982,1
6983,4
6984,1
6985,1
6986,1
6987,2
6988,4
6989,97
6990,1
6991,36
6992,1
6993,11
6994,5
6995,2
6996,3
6997,61
6998,4
6999,NA
7000,1
7001,31
7002,3
7003,2
7004,3
7005,19
7006,29
7007,2
7008,1
7009,1
7010,3
7011,8
7012,2
7013,17
7014,3
7015,2
7016,1
7017,1
7018,1
7019,62
7020,5
7021,73
7022,28
7023,2
7024,1
7025,7
7026,1
7027,1316
7028,2
7029,5
7030,1
7031,8
7032,7
7033,1
7034,1
7035,4
7036,1
7037,3
7038,13
7039,2
7040,2
7041,1
7042,3
7043,4
7044,2
7045,1
7046,3
7047,10
7048,2
7049,3
7050,1
7051,4
7052,2
7053,3
7054,3
7055,8
7056,5
7057,1
7058,2
7059,2
7060,1
7061,1
7062,1
7063,2
7064,1
7065,5
7066,2
7067,6
7068,1
7069,1
7070,3
7071,158
7072,6
7073,1
7074,1
7075,2
7076,2
7077,1
7078,4
7079,2
7080,4
7081,49
7082,4
7083,6
7084,2
7085,1
7086,13
7087,2
7088,1
7089,25
7090,1
7091,28
7092,5
7093,1
7094,7
7095,8
7096,8
7097,67
7098,9
7099,8
7100,2
7101,13
7102,9
7103,4
7104,3
7105,3
7106,1
7107,854
7108,1
7109,9
7110,1
7111,84
7112,7
7113,1
7114,2
7115,30
7116,1
7117,1
7118,11
7119,28
7120,3
7121,1
7122,15
7123,2
7124,1
7125,1
7126,4
7127,4
7128,2
7129,9
7130,1
7131,32
7132,1
7133,9
7134,1
7135,16
7136,7
7137,1
7138,1
7139,366
7140,1
7141,5
7142,8
7143,2
7144,2
7145,3
7146,2
7147,12
7148,6
7149,1
7150,3
7151,4
7152,1
7153,55
7154,1
7155,4
7156,1
7157,3
7158,4
7159,46
7160,10
7161,9
7162,4
7163,4
7164,2
7165,3
7166,11
7167,4
7168,7
7169,1
7170,5
7171,2
7172,6
7173,17
7174,1
7175,2
7176,1
7177,17
7178,2
7179,2
7180,1
7181,1
7182,2
7183,44
7184,4
7185,1
7186,4
7187,12
7188,25
7189,1
7190,2
7191,4
7192,10
7193,15
7194,5
7195,2
7196,3
7197,415
7198,2
7199,6
7200,1
7201,3
7202,2
7203,4
7204,3
7205,1
7206,1
7207,48
7208,5
7209,101
7210,31
7211,2
7212,1
7213,3
7214,15
7215,4
7216,2
7217,7
7218,1
7219,2
7220,12
7221,69
7222,6
7223,2
7224,1
7225,1
7226,19
7227,4
7228,24
7229,1
7230,2
7231,16
7232,1
7233,23
7234,2
7235,4
7236,4
7237,1
7238,7
7239,2
7240,5
7241,43
7242,2
7243,20
7244,2
7245,3
7246,1
7247,4
7248,3
7249,1
7250,11
7251,22
7252,7
7253,3
7254,6
7255,4
7256,2
7257,3
7258,1
7259,24
7260,2
7261,33
7262,1
7263,2
7264,1
7265,7
7266,2
7267,2
7268,2
7269,1
7270,1
7271,2
7272,33
7273,1
7274,4
7275,88
7276,1
7277,1
7278,1
7279,2
7280,1
7281,3
7282,1
7283,18
7284,2
7285,9
7286,2
7287,2
7288,4
7289,1
7290,8
7291,18
7292,1
7293,5
7294,3
7295,2
7296,3
7297,1
7298,1
7299,14
7300,5
7301,7
7302,1
7303,152
7304,4
7305,1
7306,1
7307,2
7308,1
7309,75
7310,6
7311,10
7312,4
7313,3
7314,3
7315,10
7316,12
7317,1
7318,22
7319,66
7320,6
7321,1
7322,1
7323,80
7324,1
7325,3
7326,2
7327,2
7328,1
7329,39
7330,2
7331,12
7332,3
7333,21
7334,3
7335,110
7336,1
7337,283
7338,1
7339,2
7340,7
7341,1
7342,1
7343,2
7344,1
7345,13
7346,886
7347,4
7348,3
7349,1
7350,2
7351,1080
7352,2
7353,1
7354,2
7355,10
7356,1
7357,3
7358,1
7359,32
7360,2
7361,1
7362,7
7363,6
7364,1
7365,3
7366,3
7367,2
7368,11
7369,3
7370,9
7371,2
7372,1
7373,3
7374,1
7375,2
7376,4
7377,117
7378,4
7379,4
7380,2
7381,9
7382,1
7383,2
7384,5
7385,7
7386,NA
7387,2
7388,1
7389,5
7390,1
7391,40
7392,1
7393,3
7394,1
7395,28
7396,1
7397,9
7398,1
7399,492
7400,2
7401,11
7402,1
7403,2
7404,2
7405,83
7406,3
7407,NA
7408,1
7409,3
7410,1
7411,2
7412,3
7413,3
7414,1
7415,8
7416,11
7417,9
7418,1
7419,506
7420,3
7421,1
7422,4
7423,16
7424,2
7425,5
7426,3
7427,8
7428,22
7429,1
7430,7
7431,2
7432,2
7433,15
7434,1
7435,4
7436,1
7437,51
7438,25
7439,4
7440,1
7441,1
7442,28
7443,4
7444,1
7445,1
7446,33
7447,10
7448,2
7449,51
7450,5
7451,8
7452,1
7453,1
7454,16
7455,2
7456,6
7457,1
7458,1
7459,NA
7460,3
7461,13
7462,31
7463,10
7464,1
7465,1
7466,2
7467,20
7468,1
7469,3
7470,1
7471,14
7472,52
7473,NA
7474,2
7475,6
7476,1
7477,1
7478,5
7479,16
7480,1
7481,9
7482,4
7483,4
7484,3
7485,299
7486,1
7487,52
7488,11
7489,1
7490,1
7491,2
7492,3
7493,1
7494,2
7495,12
7496,19
7497,3
7498,1
7499,14
7500,4
7501,21
7502,2
7503,2
7504,1
7505,47
7506,1
7507,6
7508,3
7509,3
7510,6
7511,4
7512,1
7513,49
7514,11
7515,178
7516,2
7517,1
7518,17
7519,4
7520,1
7521,9
7522,18
7523,14
7524,1
7525,1
7526,1
7527,NA
7528,1
7529,1
7530,5
7531,2
7532,1
7533,95
7534,4
7535,2
7536,1
7537,1
7538,3
7539,10
7540,2
7541,39
7542,3
7543,22
7544,1
7545,7
7546,1
7547,2
7548,11
7549,5
7550,5
7551,6
7552,1
7553,19
7554,1
7555,24
7556,2
7557,11
7558,2
7559,2
7560,19
7561,1
7562,2
7563,6
7564,2
7565,1
7566,1
7567,8
7568,1
7569,1
7570,4
7571,10
7572,3
7573,7
7574,2
7575,46
7576,7
7577,1
7578,3
7579,38
7580,73
7581,1
7582,2
7583,18
7584,1
7585,29
7586,2
7587,4
7588,1
7589,91
7590,3
7591,4
7592,3
7593,45
7594,1
7595,76
7596,2
7597,275
7598,1
7599,6
7600,2
7601,25
7602,3
7603,4
7604,7
7605,1
7606,1
7607,2
7608,2
7609,13
7610,11
7611,2
7612,22
7613,1
7614,6
7615,NA
7616,2
7617,1
7618,1
7619,2
7620,1
7621,39
7622,1
7623,4
7624,3
7625,3
7626,2
7627,826
7628,1
7629,7
7630,8
7631,6
7632,1
7633,531
7634,11
7635,8
7636,5
7637,3
7638,3
7639,4
7640,1
7641,3
7642,11
7643,24
7644,1
7645,1
7646,1
7647,4
7648,2
7649,1
7650,1
7651,6
7652,4
7653,1
7654,1
7655,10
7656,2
7657,1
7658,4
7659,2
7660,10
7661,1
7662,11
7663,136
7664,2
7665,1
7666,1
7667,20
7668,1
7669,95
7670,3
7671,2
7672,1
7673,1
7674,5
7675,4
7676,6
7677,3
7678,5
7679,2
7680,4
7681,19
7682,3
7683,NA
7684,1
7685,1
7686,4
7687,NA
7688,1
7689,1
7690,3
7691,16
7692,7
7693,1
7694,1
7695,2
7696,33
7697,1
7698,1
7699,6
7700,1
7701,7
7702,3
7703,18
7704,2
7705,1
7706,1
7707,2
7708,5
7709,5
7710,4
7711,2
7712,1
7713,1
7714,40
7715,12
7716,2
7717,55
7718,1
7719,12
7720,16
7721,5
7722,1
7723,6
7724,1
7725,5
7726,5
7727,420
7728,2
7729,3
7730,3
7731,36
7732,1
7733,3
7734,1
7735,6
7736,2
7737,1
7738,2
7739,4
7740,1
7741,1
7742,4
7743,6
7744,1
7745,11
7746,1
7747,8
7748,3
7749,9
7750,1
7751,2
7752,1
7753,1
7754,8
7755,2
7756,3
7757,1
7758,4
7759,8
7760,22
7761,1
7762,2
7763,8
7764,4
7765,1
7766,5
7767,2
7768,2
7769,3
7770,1
7771,6
7772,1
7773,7
7774,2
7775,6
7776,1
7777,3
7778,2
7779,64
7780,2
7781,57
7782,7
7783,22
7784,4
7785,3
7786,1
7787,36
7788,1
7789,1
7790,1
7791,4
7792,10
7793,147
7794,2
7795,4
7796,5
7797,1
7798,1
7799,8
7800,3
7801,3
7802,3
7803,2
7804,27
7805,1
7806,11
7807,2
7808,1
7809,1
7810,22
7811,2
7812,2
7813,3
7814,1
7815,4
7816,1
7817,383
7818,1
7819,6
7820,3
7821,1
7822,1
7823,28
7824,7
7825,1
7826,1
7827,2
7828,2
7829,3
7830,3
7831,10
7832,3
7833,57
7834,1
7835,2
7836,1
7837,91
7838,2
7839,4
7840,3
7841,3
7842,2
7843,8
7844,1
7845,3
7846,2
7847,326
7848,6
7849,3
7850,6
7851,2
7852,1
7853,1
7854,1
7855,2
7856,1
7857,153
7858,188
7859,NA
7860,1
7861,3
7862,6
7863,4
7864,1
7865,19
7866,1
7867,12
7868,3
7869,1
7870,5
7871,2
7872,4
7873,29
7874,8
7875,8
7876,2
7877,1
7878,1
7879,2
7880,6
7881,1
7882,30
7883,2
7884,1
7885,5
7886,2
7887,24
7888,4
7889,1
7890,2
7891,28
7892,10
7893,1
7894,1
7895,4
7896,4
7897,1
7898,6
7899,2
7900,6
7901,5
7902,1
7903,2
7904,1
7905,11
7906,1
7907,10
7908,1
7909,7
7910,17
7911,14
7912,5
7913,7
7914,1
7915,2
7916,1
7917,1
7918,3
7919,2
7920,1
7921,1
7922,8
7923,4
7924,5
7925,5
7926,3
7927,24
7928,2
7929,1
7930,3
7931,2
7932,352
7933,1
7934,2
7935,6
7936,1
7937,3
7938,1
7939,2
7940,1
7941,1
7942,1
7943,12
7944,1
7945,19
7946,1
7947,2
7948,8
7949,1
7950,4
7951,38
7952,3
7953,1
7954,2
7955,8
7956,3
7957,7
7958,14
7959,2
7960,3
7961,1
7962,1
7963,6
7964,2
7965,97
7966,1
7967,4
7968,12
7969,5
7970,1
7971,30
7972,2
7973,1
7974,2
7975,80
7976,2
7977,5
7978,2
7979,40
7980,1
7981,3
7982,3
7983,8
7984,1
7985,1
7986,4
7987,14
7988,1
7989,5
7990,1
7991,2
7992,4
7993,15
7994,2
7995,36
7996,2
7997,7
7998,2
7999,12
8000,2
8001,3
8002,16
8003,24
8004,3
8005,1
8006,15
8007,4
8008,4
8009,1
8010,5
8011,10
8012,2
8013,17
8014,1
8015,2
8016,2
8017,1
8018,3
8019,2
8020,1
8021,5
8022,3
8023,2
8024,5
8025,19
8026,4
8027,2
8028,3
8029,1
8030,1
8031,12
8032,2
8033,27
8034,18
8035,14
8036,1
8037,3
8038,1
8039,30
8040,8
8041,9
8042,2
8043,8
8044,5
8045,1
8046,1
8047,10
8048,2
8049,5
8050,1
8051,4
8052,1
8053,1
8054,3
8055,2
8056,3
8057,1
8058,3
8059,20
8060,1
8061,1
8062,1
8063,22
8064,7
8065,1
8066,8
8067,326
8068,1
8069,5
8070,5
8071,4
8072,3
8073,5
8074,5
8075,4
8076,1
8077,23
8078,1
8079,2
8080,2
8081,1
8082,1
8083,8
8084,1
8085,1
8086,1
8087,2
8088,8
8089,3
8090,1
8091,6
8092,1
8093,7
8094,8
8095,824
8096,1
8097,1
8098,1
8099,NA
8100,3
8101,1
8102,13
8103,6
8104,1
8105,3
8106,2
8107,26
8108,9
8109,3
8110,2
8111,2
8112,5
8113,3
8114,1
8115,24
8116,3
8117,5
8118,2
8119,4
8120,2
8121,23
8122,3
8123,4
8124,3
8125,1
8126,1
8127,4
8128,1
8129,3
8130,1
8131,2
8132,2
8133,25
8134,5
8135,12
8136,1
8137,1
8138,1
8139,22
8140,1
8141,1
8142,2
8143,4
8144,10
8145,41
8146,4
8147,2
8148,1
8149,1
8150,2
8151,12
8152,1
8153,5
8154,15
8155,32
8156,1
8157,25
8158,3
8159,2
8160,1
8161,13
8162,2
8163,38
8164,4
8165,3
8166,1
8167,2
8168,54
8169,321
8170,5
8171,154
8172,1
8173,1
8174,1
8175,4
8176,8
8177,1
8178,2
8179,2
8180,51
8181,1
8182,20
8183,26
8184,4
8185,3
8186,1
8187,462
8188,1
8189,1
8190,1
8191,2
8192,4
8193,3
8194,2
8195,476
8196,1
8197,5
8198,4
8199,10
8200,22
8201,1
8202,4
8203,4
8204,1
8205,3
8206,9
8207,6
8208,5
8209,3
8210,15
8211,10
8212,1
8213,7
8214,1
8215,4
8216,1
8217,1
8218,1
8219,40
8220,4
8221,1
8222,4
8223,2
8224,3
8225,1
8226,1
8227,16
8228,1
8229,1
8230,1
8231,2
8232,1
8233,1
8234,2
8235,2
8236,6
8237,31
8238,2
8239,52
8240,1
8241,3
8242,3
8243,30
8244,2
8245,1
8246,2
8247,2
8248,1
8249,3
8250,3
8251,6
8252,3
8253,19
8254,7
8255,4
8256,2
8257,1
8258,3
8259,4
8260,11
8261,3
8262,3
8263,2
8264,8
8265,1
8266,1
8267,4
8268,2
8269,1
8270,4
8271,10
8272,5
8273,1
8274,2
8275,14
8276,1
8277,461
8278,5
8279,2
8280,1
8281,9
8282,1
8283,2
8284,2
8285,1
8286,9
8287,6
8288,6
8289,49
8290,1
8291,20
8292,6
8293,19
8294,4
8295,16
8296,12
8297,7
8298,23
8299,14
8300,4
8301,5
8302,1
8303,8
8304,3
8305,9
8306,4
8307,2
8308,2
8309,3
8310,1
8311,28
8312,1
8313,1
8314,4
8315,8
8316,1
8317,3
8318,1
8319,22
8320,1
8321,31
8322,8
8323,74
8324,1
8325,13
8326,3
8327,8
8328,1
8329,1
8330,7
8331,30
8332,1
8333,1
8334,2
8335,130
8336,3
8337,5
8338,6
8339,18
8340,2
8341,15
8342,2
8343,16
8344,2
8345,1
8346,5
8347,4
8348,1
8349,1
8350,4
8351,2
8352,3
8353,7
8354,44
8355,12
8356,1
8357,3
8358,5
8359,2
8360,1
8361,7
8362,1
8363,74
8364,2
8365,11
8366,4
8367,4
8368,17
8369,9
8370,47
8371,2
8372,2
8373,1
8374,3
8375,2
8376,1
8377,1
8378,1
8379,2
8380,1
8381,3
8382,3
8383,12
8384,16
8385,5
8386,1
8387,204
8388,3
8389,7
8390,2
8391,6
8392,2
8393,5
8394,1
8395,6
8396,2
8397,3
8398,16
8399,2
8400,2
8401,1
8402,13
8403,62
8404,5
8405,219
8406,6
8407,2
8408,6
8409,1
8410,2
8411,4
8412,2
8413,1
8414,6
8415,2
8416,2
8417,1
8418,2
8419,2
8420,5
8421,7
8422,1
8423,52
8424,1
8425,9
8426,78
8427,4
8428,3
8429,23
8430,6
8431,2
8432,2
8433,1
8434,15
8435,6
8436,1
8437,1
8438,2
8439,2
8440,3
8441,15
8442,7
8443,10
8444,8
8445,1
8446,3
8447,4
8448,1
8449,1
8450,6
8451,2
8452,2
8453,1
8454,18
8455,180
8456,1
8457,399
8458,3
8459,2
8460,4
8461,3
8462,12
8463,2
8464,9
8465,1
8466,1
8467,566
8468,10
8469,23
8470,5
8471,24
8472,1
8473,3
8474,47
8475,2
8476,1
8477,1
8478,2
8479,688
8480,5
8481,1
8482,2
8483,4
8484,22
8485,1
8486,1
8487,4
8488,2
8489,1
8490,28
8491,6
8492,4
8493,1
8494,2
8495,14
8496,5
8497,1
8498,3
8499,18
8500,2
8501,9
8502,1
8503,2
8504,9
8505,5
8506,60
8507,2
8508,4
8509,17
8510,1
8511,6
8512,1
8513,61
8514,1
8515,2
8516,1
8517,19
8518,3
8519,4
8520,1
8521,1
8522,12
8523,106
8524,1
8525,3
8526,4
8527,4
8528,2
8529,13
8530,5
8531,2
8532,1
8533,1
8534,1
8535,6
8536,2
8537,39
8538,4
8539,2
8540,1
8541,1
8542,3
8543,2
8544,1
8545,3
8546,1
8547,4
8548,8
8549,49
8550,2
8551,10
8552,2
8553,39
8554,2
8555,2
8556,1
8557,19
8558,4
8559,4
8560,1
8561,7
8562,2
8563,24
8564,3
8565,1
8566,1
8567,8
8568,1
8569,1
8570,1
8571,6
8572,73
8573,555
8574,2
8575,16
8576,2
8577,1
8578,1
8579,10
8580,7
8581,3
8582,5
8583,2
8584,2
8585,9
8586,3
8587,4
8588,1
8589,79
8590,4
8591,46
8592,1
8593,7
8594,3
8595,2
8596,1
8597,3
8598,1
8599,6
8600,3
8601,3
8602,3
8603,466
8604,2
8605,7
8606,1
8607,4
8608,1
8609,1
8610,5178
8611,4
8612,2
8613,3
8614,1
8615,12
8616,4
8617,1
8618,2
8619,2
8620,2
8621,NA
8622,5
8623,2
8624,2
8625,1
8626,2
8627,2
8628,1
8629,1
8630,1
8631,2
8632,4
8633,1
8634,1
8635,18
8636,1
8637,5
8638,74
8639,2
8640,24
8641,37
8642,1
8643,2
8644,4
8645,39
8646,4
8647,2
8648,1
8649,13
8650,1
8651,22
8652,2
8653,15
8654,2
8655,538
8656,9
8657,1
8658,2
8659,2
8660,9
8661,5
8662,9
8663,10
8664,1
8665,17
8666,3
8667,2
8668,4
8669,3
8670,4
8671,NA
8672,1
8673,5
8674,1
8675,4
8676,2
8677,5
8678,6
8679,4
8680,1
8681,11
8682,4
8683,20
8684,1
8685,5
8686,2
8687,306
8688,1
8689,1
8690,1
8691,18
8692,1
8693,3
8694,1
8695,4
8696,1
8697,3
8698,1
8699,4
8700,12
8701,1
8702,2
8703,14
8704,3
8705,1
8706,1
8707,4
8708,1
8709,5
8710,1
8711,2
8712,2
8713,9
8714,2
8715,50
8716,10
8717,5
8718,1
8719,2
8720,6
8721,1
8722,1
8723,2
8724,1
8725,1
8726,3
8727,6
8728,2
8729,13
8730,2
8731,4
8732,8
8733,1
8734,1
8735,2
8736,9
8737,7
8738,2
8739,6
8740,2
8741,1
8742,1
8743,314
8744,5
8745,1
8746,4
8747,2
8748,13
8749,1
8750,1
8751,4
8752,2
8753,1
8754,8
8755,36
8756,3
8757,1
8758,5
8759,200
8760,2
8761,1
8762,3
8763,16
8764,4
8765,1
8766,1
8767,2
8768,1
8769,35
8770,4
8771,2
8772,1
8773,23
8774,2
8775,14
8776,1
8777,1
8778,2
8779,4
8780,2
8781,287
8782,2
8783,990
8784,1
8785,5
8786,2
8787,8
8788,3
8789,61
8790,1
8791,18
8792,2
8793,1
8794,1
8795,10
8796,1
8797,19
8798,1
8799,2
8800,4
8801,7
8802,22
8803,50
8804,1
8805,1
8806,2
8807,10
8808,6
8809,1
8810,7
8811,6
8812,13
8813,29
8814,35
8815,202
8816,2
8817,3
8818,8
8819,28
8820,1
8821,3
8822,1
8823,92
8824,4
8825,13
8826,2
8827,2
8828,1
8829,5
8830,2
8831,1296
8832,6
8833,3
8834,2
8835,2
8836,7
8837,3
8838,2
8839,NA
8840,2
8841,3
8842,1
8843,2
8844,2
8845,1
8846,1
8847,4
8848,3
8849,51
8850,1
8851,2
8852,11
8853,15
8854,3
8855,2
8856,2
8857,23
8858,7
8859,2
8860,6
8861,1
8862,1
8863,NA
8864,3
8865,31
8866,1
8867,6
8868,4
8869,3
8870,3
8871,24
8872,6
8873,3
8874,1
8875,14
8876,9
8877,1
8878,1
8879,4
8880,2
8881,5
8882,2
8883,14
8884,1
8885,3
8886,5
8887,6
8888,1
8889,329
8890,1
8891,164
8892,1
8893,1
8894,4
8895,298
8896,1
8897,9
8898,3
8899,8
8900,1
8901,3
8902,3
8903,2
8904,1
8905,7
8906,3
8907,42
8908,3
8909,5
8910,1
8911,2
8912,2
8913,3
8914,1
8915,4
8916,14
8917,1
8918,1
8919,134
8920,26
8921,3
8922,8
8923,8
8924,2
8925,3
8926,4
8927,2
8928,1
8929,3
8930,1
8931,2
8932,1
8933,3
8934,3
8935,2
8936,1
8937,15
8938,17
8939,2
8940,1
8941,1
8942,1
8943,2
8944,6
8945,9
8946,2
8947,2
8948,1
8949,5
8950,2
8951,2
8952,3
8953,91
8954,3
8955,4
8956,1
8957,9
8958,1
8959,2
8960,1
8961,1
8962,2
8963,44
8964,21
8965,27
8966,1
8967,12
8968,2
8969,5
8970,2
8971,2
8972,6
8973,45
8974,1
8975,2
8976,1
8977,29
8978,1
8979,62
8980,1
8981,21
8982,9
8983,100
8984,3
8985,9
8986,1
8987,2
8988,7
8989,1
8990,2
8991,108
8992,5
8993,1
8994,1
8995,2
8996,9
8997,1
8998,7
8999,22
9000,1
9001,45
9002,1
9003,4
9004,1
9005,1
9006,1
9007,6
9008,1
9009,1
9010,2
9011,1004
9012,13
9013,81
9014,1
9015,4
9016,3
9017,1
9018,5
9019,6
9020,2
9021,3
9022,1
9023,44
9024,2
9025,NA
9026,1
9027,26
9028,6
9029,65
9030,1
9031,8
9032,1
9033,9
9034,2
9035,50
9036,10
9037,1
9038,18
9039,68
9040,1
9041,1
9042,2
9043,6
9044,5
9045,3
9046,2
9047,2
9048,1
9049,1
9050,7
9051,28
9052,23
9053,11
9054,2
9055,4
9056,73
9057,1
9058,4
9059,6
9060,1
9061,1
9062,1
9063,4
9064,3
9065,1
9066,1
9067,2
9068,6
9069,29
9070,2
9071,8
9072,2
9073,1
9074,9
9075,4
9076,1
9077,9
9078,2
9079,2
9080,1
9081,5
9082,2
9083,2
9084,46
9085,21
9086,27
9087,8
9088,1
9089,5
9090,6
9091,126
9092,1
9093,3
9094,8
9095,4
9096,3
9097,1
9098,2
9099,108
9100,4
9101,5
9102,6
9103,2
9104,1
9105,53
9106,9
9107,14
9108,8
9109,37
9110,1
9111,2
9112,8
9113,37
9114,1
9115,8
9116,1
9117,29
9118,1
9119,2
9120,2
9121,7
9122,2
9123,12
9124,1
9125,1
9126,1
9127,34
9128,8
9129,1
9130,1
9131,4
9132,1
9133,7
9134,3
9135,2
9136,1
9137,21
9138,3
9139,4
9140,3
9141,3
9142,3
9143,2
9144,2
9145,33
9146,2
9147,2
9148,1
9149,3
9150,4
9151,2
9152,1
9153,7
9154,2
9155,2
9156,1
9157,1
9158,1
9159,4
9160,1
9161,9
9162,11
9163,8
9164,3
9165,1
9166,23
9167,90
9168,1
9169,1
9170,2
9171,2
9172,14
9173,217
9174,2
9175,34
9176,1
9177,5
9178,2
9179,6
9180,1
9181,313
9182,4
9183,86
9184,2
9185,431
9186,3
9187,2
9188,43
9189,1
9190,1
9191,2
9192,1
9193,1
9194,1
9195,6
9196,11
9197,9
9198,2
9199,18
9200,1
9201,37
9202,6
9203,8
9204,1
9205,43
9206,1
9207,10
9208,2
9209,1
9210,65
9211,56
9212,1
9213,1
9214,1
9215,30
9216,1
9217,1
9218,3
9219,2
9220,18
9221,3
9222,2
9223,22
9224,8
9225,11
9226,1
9227,4
9228,2
9229,11
9230,1
9231,2
9232,15
9233,1
9234,11
9235,2
9236,4
9237,17
9238,1
9239,2
9240,1
9241,1
9242,1
9243,2
9244,71
9245,1
9246,2
9247,144
9248,2
9249,3
9250,2
9251,10
9252,3
9253,3
9254,15
9255,26
9256,2
9257,1
9258,1
9259,4
9260,1
9261,1
9262,2
9263,2
9264,1
9265,43
9266,3
9267,NA
9268,2
9269,1
9270,3
9271,14
9272,1
9273,55
9274,1
9275,18
9276,2
9277,3
9278,1
9279,40
9280,1
9281,13
9282,3
9283,26
9284,7
9285,21
9286,4
9287,4
9288,15
9289,7
9290,2
9291,2
9292,4
9293,1
9294,1
9295,20
9296,1
9297,5
9298,2
9299,18
9300,11
9301,879
9302,3
9303,2
9304,1
9305,75
9306,1
9307,4
9308,1
9309,3
9310,2
9311,26
9312,4
9313,1
9314,1
9315,16
9316,1
9317,1
9318,4
9319,2
9320,3
9321,3
9322,2
9323,2
9324,3
9325,3
9326,8
9327,16
9328,7
9329,49
9330,2
9331,4
9332,1
9333,1
9334,1
9335,4
9336,3
9337,5
9338,1
9339,2
9340,2
9341,3
9342,3
9343,6
9344,1
9345,3
9346,21
9347,40
9348,3
9349,1
9350,1
9351,2
9352,6
9353,17
9354,15
9355,2
9356,1
9357,1
9358,2
9359,8
9360,2
9361,1
9362,3
9363,12
9364,7
9365,1
9366,6
9367,4
9368,3
9369,5
9370,1
9371,50
9372,2
9373,1
9374,3
9375,8
9376,1
9377,1
9378,16
9379,2
9380,6
9381,5
9382,1
9383,570
9384,1
9385,17
9386,10
9387,6
9388,1
9389,35
9390,3
9391,6
9392,4
9393,3
9394,1
9395,2
9396,1
9397,3
9398,2
9399,2
9400,22
9401,1
9402,1
9403,8
9404,6
9405,1
9406,14
9407,2
9408,2
9409,NA
9410,7
9411,4
9412,1
9413,5
9414,1
9415,12
9416,1
9417,1
9418,1
9419,2
9420,12
9421,1
9422,5
9423,24
9424,1
9425,1
9426,2
9427,4
9428,4
9429,1
9430,4
9431,28
9432,14
9433,19
9434,1
9435,10
9436,1
9437,1
9438,3
9439,32
9440,2
9441,5
9442,1
9443,4
9444,38
9445,5
9446,1
9447,18
9448,1
9449,1
9450,2
9451,24
9452,7
9453,75
9454,2
9455,6
9456,4
9457,13
9458,10
9459,10
9460,11
9461,1
9462,7
9463,2
9464,1
9465,1
9466,2
9467,2
9468,1
9469,13
9470,1
9471,8
9472,1
9473,5
9474,9
9475,2
9476,7
9477,3
9478,1
9479,50
9480,3
9481,27
9482,4
9483,4
9484,2
9485,23
9486,1
9487,4
9488,1
9489,1
9490,4
9491,4
9492,2
9493,5
9494,4
9495,6
9496,2
9497,3
9498,1
9499,6
9500,1
9501,1
9502,1
9503,2
9504,1
9505,1
9506,1
9507,2
9508,1
9509,1
9510,9
9511,2
9512,2
9513,1
9514,8
9515,4
9516,6
9517,19
9518,2
9519,10
9520,1
9521,105
9522,2
9523,2
9524,4
9525,1
9526,3
9527,2
9528,3
9529,3
9530,1
9531,6
9532,1
9533,7
9534,8
9535,8
9536,11
9537,1
9538,3
9539,4
9540,2
9541,11
9542,2
9543,2
9544,1
9545,3
9546,6
9547,8
9548,3
9549,27
9550,1
9551,110
9552,3
9553,1
9554,3
9555,6
9556,1
9557,13
9558,3
9559,80
9560,4
9561,1
9562,3
9563,6
9564,2
9565,19
9566,1
9567,4
9568,1
9569,27
9570,1
9571,4
9572,2
9573,23
9574,1
9575,4
9576,8
9577,3
9578,1
9579,18
9580,1
9581,7
9582,1
9583,10
9584,29
9585,1
9586,2
9587,2
9588,9
9589,1
9590,14
9591,16
9592,1
9593,1
9594,1
9595,42
9596,3
9597,11
9598,2
9599,2
9600,1
9601,233
9602,4
9603,6
9604,9
9605,3
9606,2
9607,2
9608,4
9609,9
9610,2
9611,2
9612,5
9613,21
9614,6
9615,2
9616,3
9617,3
9618,3
9619,2
9620,1
9621,13
9622,9
9623,4
9624,15
9625,5
9626,1
9627,2
9628,4
9629,5
9630,7
9631,8
9632,1
9633,1
9634,25
9635,4
9636,1
9637,1
9638,1
9639,94
9640,2
9641,1
9642,1
9643,10
9644,1
9645,1
9646,3
9647,42
9648,1
9649,1
9650,2
9651,2
9652,1
9653,5
9654,4
9655,NA
9656,1
9657,19
9658,8
9659,2
9660,1
9661,13
9662,3
9663,NA
9664,2
9665,15
9666,6
9667,4
9668,1
9669,5
9670,14
9671,2
9672,3
9673,1
9674,1
9675,24
9676,1
9677,1
9678,3
9679,12
9680,2
9681,39
9682,1
9683,8
9684,1
9685,7
9686,1
9687,20
9688,3
9689,11
9690,1
9691,6
9692,9
9693,13
9694,2
9695,6
9696,6
9697,1
9698,5
9699,2
9700,3
9701,3
9702,2
9703,4
9704,3
9705,347
9706,1
9707,NA
9708,4
9709,1
9710,1
9711,20
9712,1
9713,5
9714,1
9715,6
9716,2
9717,11
9718,54
9719,6
9720,1
9721,1
9722,1
9723,2
9724,3
9725,1
9726,2
9727,14
9728,2
9729,5
9730,1
9731,58
9732,2
9733,1
9734,1
9735,4
9736,2
9737,3
9738,3
9739,16
9740,1
9741,3
9742,2
9743,44
9744,24
9745,13
9746,2
9747,4
9748,6
9749,3
9750,1
9751,54
9752,1
9753,3
9754,1
9755,8
9756,3
9757,7
9758,1
9759,2
9760,9
9761,11
9762,2
9763,36
9764,3
9765,1
9766,3
9767,2
9768,1
9769,59
9770,6
9771,78
9772,3
9773,19
9774,1
9775,2
9776,1
9777,1
9778,1
9779,52
9780,2
9781,9
9782,2
9783,12
9784,12
9785,1
9786,12
9787,2
9788,1
9789,1
9790,1
9791,32
9792,18
9793,13
9794,2
9795,2
9796,4
9797,1
9798,3
9799,4
9800,4
9801,1
9802,1
9803,14
9804,14
9805,7
9806,1
9807,18
9808,1
9809,3
9810,10
9811,2
9812,1
9813,1
9814,1
9815,4
9816,10
9817,NA
9818,2
9819,12
9820,1
9821,165
9822,6
9823,8
9824,6
9825,9
9826,3
9827,2
9828,1
9829,1
9830,1
9831,18
9832,5
9833,13
9834,6
9835,666
9836,3
9837,53
9838,5
9839,4
9840,5
9841,13
9842,1
9843,286
9844,5
9845,9
9846,1
9847,2
9848,3
9849,1
9850,1
9851,20
9852,1
9853,1
9854,21
9855,246
9856,33
9857,7
9858,14
9859,992
9860,5
9861,5
9862,4
9863,18
9864,3
9865,45
9866,2
9867,8
9868,19
9869,1
9870,2
9871,6
9872,1
9873,1
9874,6
9875,6
9876,1
9877,1
9878,9
9879,8
9880,1
9881,5
9882,1
9883,4
9884,3
9885,5
9886,4
9887,26
9888,4
9889,1
9890,3
9891,2
9892,2
9893,1
9894,2
9895,2
9896,1
9897,63
9898,1
9899,10
9900,2
9901,1
9902,6
9903,64
9904,25
9905,1
9906,1
9907,8
9908,2
9909,1
9910,3
9911,2
9912,6
9913,9
9914,4
9915,8
9916,10
9917,1
9918,4
9919,10
9920,6
9921,13
9922,1
9923,2
9924,1
9925,49
9926,5
9927,2
9928,13
9929,15
9930,1
9931,8
9932,2
9933,7
9934,6
9935,10
9936,2
9937,1
9938,1
9939,2
9940,1
9941,1
9942,3
9943,248
9944,1
9945,1
9946,4
9947,2
9948,1
9949,5
9950,1
9951,8
9952,4
9953,3
9954,1
9955,NA
9956,4
9957,9
9958,4
9959,42
9960,1
9961,1
9962,1
9963,2
9964,1
9965,41
9966,1
9967,6
9968,1
9969,39
9970,3
9971,2
9972,1
9973,1
9974,5
9975,4
9976,1
9977,1
9978,11
9979,6
9980,3
9981,1
9982,1
9983,2
9984,1
9985,1
9986,6
9987,4
9988,12
9989,7
9990,1
9991,10
9992,303
9993,19
9994,1
9995,2
9996,1
9997,1
9998,1
9999,8
10000,7
