1,2
2,1
3,21
4,591
5,1
6,1
7,6
8,1
9,1
10,8
11,2
12,1
13,1
14,2
15,10
16,155
17,2
18,2
19,1
20,1
21,3
22,1
23,1
24,2
25,5
26,1
27,1
28,1
29,1
30,9
31,6
32,8
33,1
34,5
35,3
36,9
37,37
38,2
39,1
40,1
41,1
42,1
43,2
44,3
45,5
46,1
47,2
48,6
49,1
50,35
51,1
52,2
53,2
54,1
55,7
56,2
57,1
58,1
59,2
60,3
61,2
62,4
63,1
64,1
65,1
66,5
67,1
68,1
69,2
70,2
71,1
72,4
73,4
74,2
75,2
76,664
77,1
78,3
79,0
80,4
81,1
82,2
83,19
84,7
85,1
86,35
87,2
88,2
89,2
90,1
91,2
92,1
93,6
94,18
95,56
96,1
97,17
98,1
99,1
100,1
101,9
102,1
103,30
104,77
105,2
106,2
107,1
108,4
109,331
110,4
111,4
112,1
113,1
114,19
115,77
116,1
117,1
118,1
119,1
120,1
121,3
122,2
123,43
124,3
125,1
126,32
127,1
128,1
129,2
130,1
131,1
132,1
133,3
134,5
135,1
136,140
137,1
138,1
139,1
140,2
141,3
142,5
143,2
144,3
145,598
146,6
147,2
148,10
149,1
150,6
151,3
152,129
153,2
154,1
155,1
156,1
157,118
158,1
159,1
160,126
161,7
162,1
163,5
164,5
165,3
166,1
167,6
168,11
169,11
170,1
171,5
172,55
173,3
174,2
175,12
176,1
177,1
178,3
179,9
180,1
181,1
182,1
183,10
184,1
185,3
186,5
187,0
188,1
189,4
190,1
191,103
192,75
193,13
194,1
195,1
196,0
197,4
198,3
199,10
200,1
201,1
202,1
203,8
204,1
205,3
206,5
207,1
208,14
209,1
210,1
211,7
212,3
213,2
214,2
215,2
216,7
217,1
218,1
219,1
220,36
221,51
222,0
223,2
224,9
225,3
226,4
227,20
228,1
229,1
230,2
231,1
232,2
233,1
234,2
235,1
236,220
237,1
238,3
239,7
240,1
241,2
242,60
243,2
244,10
245,3
246,1
247,3
248,28
249,1
250,9
251,8
252,2
253,1
254,1
255,9
256,1
257,2
258,16
259,2
260,1
261,5
262,2
263,9
264,22
265,4
266,1
267,4
268,522
269,2
270,1
271,1
272,4
273,1
274,1
275,5
276,4
277,3
278,1
279,22
280,1
281,2
282,1
283,70
284,1
285,1
286,24
287,4
288,1
289,1
290,2
291,1
292,3
293,1022
294,2
295,8
296,4
297,15
298,1
299,1
300,5
301,1
302,1
303,5
304,2
305,11
306,1
307,1
308,14
309,1
310,3
311,4
312,2
313,3
314,4
315,1
316,2
317,6
318,4
319,66
320,4
321,1
322,0
323,1
324,1
325,8
326,8
327,16
328,1
329,2
330,1
331,5
332,2
333,2
334,1
335,1
336,2
337,0
338,96
339,5
340,5
341,1
342,10
343,1
344,2
345,1
346,3
347,1
348,2
349,2
350,1
351,8
352,1
353,8
354,1
355,3
356,4
357,3
358,5
359,6
360,2
361,79
362,1
363,1
364,1
365,1
366,12
367,15
368,2
369,1
370,2
371,3
372,1
373,1
374,88
375,1
376,6
377,1
378,2
379,2
380,1
381,2
382,6
383,1
384,1
385,138
386,2
387,0
388,2
389,5
390,4
391,1
392,1
393,3
394,3
395,3
396,1
397,1
398,1
399,2
400,1
401,1
402,6
403,27
404,2
405,2
406,1
407,57
408,3
409,9
410,1
411,4
412,2
413,4
414,2
415,1
416,12
417,1
418,4
419,1
420,2
421,161
422,1
423,3
424,0
425,1
426,1
427,1
428,2
429,64
430,2
431,2
432,1
433,4
434,1
435,5
436,223
437,3
438,1
439,2
440,1
441,7
442,10
443,3
444,16
445,1
446,46
447,1
448,3
449,17
450,1
451,2
452,2
453,4
454,1
455,4
456,1
457,117
458,3
459,3
460,1
461,2
462,271
463,16
464,1
465,20
466,2
467,1
468,1
469,1
470,7
471,5
472,0
473,1
474,2
475,647
476,1
477,1
478,1
479,171
480,167
481,1
482,7
483,1
484,11
485,5
486,3
487,1
488,2
489,1
490,13
491,1
492,1
493,2
494,1
495,4
496,1
497,22
498,20
499,1
500,8
501,1
502,3
503,1
504,1
505,1
506,5
507,9
508,1
509,13
510,1
511,18
512,1
513,12
514,2
515,20
516,20
517,1
518,1
519,22
520,3
521,3
522,30
523,430
524,2
525,1
526,1
527,1
528,2
529,83
530,3
531,4
532,1
533,2
534,1
535,18
536,7
537,42
538,2
539,4
540,2
541,1
542,2
543,9
544,34
545,1
546,1
547,9
548,4
549,3
550,38
551,1
552,1
553,4
554,387
555,5
556,0
557,1
558,1
559,1
560,1
561,7
562,3
563,2
564,9
565,0
566,46
567,1
568,134
569,28
570,3
571,0
572,1
573,1
574,72
575,3
576,429
577,88
578,1
579,1094
580,12
581,1
582,7
583,11
584,2
585,3
586,4
587,1
588,1
589,27
590,6
591,2
592,2
593,2
594,5
595,19
596,21
597,52
598,3
599,20
600,9
601,492
602,2
603,7
604,25
605,6
606,2
607,1
608,1
609,2
610,0
611,59
612,11
613,7
614,15
615,0
616,3
617,1
618,1
619,3
620,2
621,26
622,85
623,4
624,1
625,1
626,2
627,41
628,8
629,6
630,1
631,1
632,1
633,15
634,1
635,74
636,2
637,3
638,1
639,1
640,0
641,2
642,2
643,7
644,1
645,1
646,53
647,2
648,44
649,1
650,2
651,1
652,3
653,10
654,2
655,6
656,10
657,19
658,2
659,2
660,13
661,148
662,1
663,481
664,590
665,2
666,1
667,4
668,3
669,1
670,19
671,1
672,1
673,146
674,7
675,2
676,1
677,9
678,2
679,1
680,2
681,9
682,8
683,3
684,8
685,74
686,3
687,1
688,1
689,2
690,7
691,2
692,150
693,110
694,1
695,5
696,28
697,1
698,870
699,2
700,6
701,11
702,1
703,4
704,5
705,1
706,16
707,1
708,2
709,6
710,2
711,3
712,1
713,5
714,5
715,1
716,1
717,70
718,3
719,34
720,2
721,8
722,1
723,1
724,234
725,1
726,1
727,2
728,1
729,1
730,13
731,6
732,21
733,1
734,1
735,6
736,3
737,6
738,3
739,2
740,1
741,66
742,1
743,9
744,1
745,2
746,1
747,1
748,1
749,6
750,2
751,1
752,22
753,54
754,6
755,1
756,6
757,1
758,3
759,0
760,1
761,2
762,1
763,5
764,1
765,1
766,2
767,1
768,1
769,48
770,1
771,11
772,12
773,10
774,1
775,4
776,1
777,1
778,1
779,1
780,4
781,21
782,1
783,5
784,1451
785,7
786,58
787,3
788,1
789,1
790,48
791,1
792,4
793,1
794,3
795,1
796,538
797,6
798,13
799,2
800,30
801,114
802,5
803,2
804,13
805,1
806,1
807,9
808,14
809,1
810,816
811,13
812,4
813,2
814,4
815,45
816,1
817,18
818,1
819,2
820,10
821,18
822,6
823,1698
824,3
825,1
826,2
827,2
828,1
829,4
830,5
831,2
832,445
833,4
834,2
835,23
836,9
837,2
838,2
839,1
840,1
841,7
842,9
843,2
844,2
845,1
846,1
847,1
848,4
849,11
850,3
851,9
852,6
853,2
854,114
855,16
856,1
857,53
858,1
859,4
860,1
861,9
862,449
863,1
864,3
865,2
866,1
867,2
868,1
869,1
870,31
871,11
872,1
873,1
874,4
875,3
876,3
877,1
878,5
879,23
880,8
881,1
882,2
883,1
884,1
885,17
886,13
887,4
888,0
889,2
890,1
891,1
892,29
893,2
894,1
895,1
896,6
897,2
898,5
899,3
900,1
901,2
902,1
903,1
904,1
905,4
906,2
907,2
908,4
909,1
910,2
911,14
912,1
913,3
914,8
915,2
916,2
917,5
918,2
919,1651
920,10
921,1
922,298
923,34
924,7
925,2
926,16
927,32
928,1
929,1
930,17
931,1
932,3
933,1
934,3
935,1
936,2
937,2
938,1
939,1027
940,10
941,2
942,1
943,2
944,1
945,5
946,0
947,3
948,106
949,1
950,4
951,1
952,3
953,161
954,1
955,4
956,20
957,3
958,73
959,1
960,11
961,5
962,24
963,1
964,38
965,184
966,5
967,1
968,1
969,53
970,2
971,1
972,2
973,4
974,1
975,3
976,9
977,11
978,15
979,2
980,3
981,1
982,0
983,4
984,2
985,1
986,2
987,1
988,8
989,1
990,11
991,1
992,9
993,1
994,1
995,5
996,4
997,12
998,1
999,1
1000,1
1001,1044
1002,1
1003,3
1004,6
1005,6
1006,200
1007,7
1008,2
1009,2
1010,13
1011,3
1012,1
1013,1
1014,1
1015,38
1016,2
1017,45
1018,100
1019,19
1020,1
1021,1
1022,2
1023,1
1024,87
1025,1068
1026,7
1027,1
1028,1
1029,1
1030,1
1031,4
1032,2
1033,0
1034,2
1035,1
1036,29
1037,2
1038,1
1039,4
1040,6
1041,3
1042,14
1043,1
1044,62
1045,5
1046,5
1047,35
1048,3
1049,8
1050,1
1051,2
1052,1
1053,8
1054,1
1055,1
1056,1
1057,0
1058,3
1059,4
1060,3
1061,48
1062,2
1063,2
1064,15
1065,1
1066,18
1067,8
1068,3
1069,450
1070,20
1071,4
1072,2
1073,1
1074,6
1075,3
1076,27
1077,1
1078,20
1079,2
1080,9
1081,292
1082,114
1083,68
1084,1
1085,2
1086,3
1087,0
1088,15
1089,1
1090,1
1091,2
1092,12
1093,3
1094,1
1095,6
1096,30
1097,1
1098,5
1099,1
1100,1
1101,1
1102,12
1103,2
1104,1
1105,5
1106,19
1107,1
1108,35
1109,2
1110,1
1111,27
1112,61
1113,2
1114,5
1115,1
1116,6
1117,511
1118,18
1119,1
1120,3
1121,1
1122,46
1123,3
1124,1
1125,2
1126,7
1127,1
1128,2
1129,18
1130,2
1131,1
1132,3
1133,5
1134,5
1135,4
1136,3
1137,5
1138,1
1139,6
1140,1
1141,15
1142,16
1143,6
1144,2
1145,14
1146,1
1147,1
1148,6
1149,26
1150,5
1151,4
1152,1
1153,1
1154,1
1155,3
1156,1
1157,30
1158,5
1159,2
1160,10
1161,198
1162,5
1163,1
1164,3
1165,22
1166,1
1167,3
1168,2
1169,2
1170,1013
1171,1
1172,41
1173,1
1174,141
1175,1
1176,1
1177,2
1178,7
1179,6
1180,1
1181,1
1182,2
1183,4
1184,1
1185,1
1186,29
1187,6
1188,1
1189,1
1190,1
1191,1
1192,1
1193,4
1194,7
1195,2
1196,18
1197,1
1198,2
1199,1
1200,12
1201,1
1202,2
1203,1
1204,2
1205,1
1206,1
1207,2
1208,50
1209,2
1210,28
1211,2
1212,3
1213,5
1214,17
1215,5
1216,1
1217,1
1218,1
1219,123
1220,1
1221,16
1222,2
1223,1
1224,1
1225,1
1226,46
1227,4
1228,51
1229,1
1230,3
1231,5
1232,1
1233,8
1234,1
1235,3
1236,2
1237,1
1238,1
1239,12
1240,3
1241,1
1242,2
1243,7
1244,1
1245,2
1246,1
1247,2
1248,5
1249,0
1250,6
1251,4
1252,5
1253,1
1254,9
1255,28
1256,15
1257,15
1258,2
1259,1
1260,1
1261,193
1262,3
1263,2
1264,1
1265,2
1266,1
1267,2
1268,1
1269,13
1270,5
1271,1
1272,1
1273,1
1274,8
1275,2
1276,6
1277,3
1278,6
1279,4
1280,1
1281,4
1282,1
1283,3
1284,2
1285,23
1286,12
1287,1
1288,2
1289,1
1290,6
1291,897
1292,12
1293,2
1294,2
1295,2
1296,3
1297,16
1298,2
1299,1
1300,1
1301,2
1302,5
1303,141
1304,4
1305,4
1306,5
1307,6
1308,76
1309,1
1310,3
1311,3
1312,104
1313,318
1314,3
1315,1
1316,1
1317,2
1318,52
1319,10
1320,1
1321,0
1322,1
1323,22
1324,4
1325,7
1326,3
1327,3
1328,1
1329,1
1330,2
1331,1
1332,1
1333,4
1334,277
1335,2
1336,4
1337,1
1338,1
1339,9
1340,80
1341,2
1342,1
1343,4
1344,1
1345,4
1346,1
1347,2
1348,2
1349,2
1350,2
1351,1
1352,2
1353,5
1354,75
1355,1
1356,6
1357,2
1358,1
1359,21
1360,1
1361,83
1362,12
1363,24
1364,4
1365,1
1366,2
1367,24
1368,4
1369,5
1370,1
1371,6
1372,4
1373,5
1374,6
1375,2
1376,1
1377,1
1378,1
1379,1
1380,13
1381,4
1382,5
1383,3
1384,9
1385,2
1386,2
1387,1
1388,3
1389,2
1390,1
1391,1
1392,14
1393,12
1394,121
1395,6
1396,20
1397,1
1398,2
1399,28
1400,8
1401,2
1402,5
1403,22
1404,6
1405,1
1406,1
1407,4
1408,15
1409,10
1410,171
1411,20
1412,30
1413,20
1414,1
1415,3
1416,6
1417,3
1418,2
1419,1
1420,23
1421,15
1422,3
1423,223
1424,2
1425,1
1426,3
1427,1
1428,2
1429,29
1430,1
1431,47
1432,2
1433,1
1434,8
1435,18
1436,8
1437,5
1438,6
1439,3
1440,2
1441,16
1442,2
1443,22
1444,1
1445,4
1446,3
1447,8
1448,2
1449,11
1450,1
1451,7
1452,2
1453,1
1454,1
1455,59
1456,6
1457,1
1458,5
1459,22
1460,17
1461,44
1462,1
1463,3
1464,1
1465,3
1466,40
1467,1
1468,1321
1469,14
1470,21
1471,4
1472,1
1473,27
1474,2
1475,1
1476,1
1477,1
1478,953
1479,1
1480,6
1481,1
1482,1
1483,14
1484,1
1485,1
1486,503
1487,2
1488,1
1489,3
1490,1
1491,2
1492,8
1493,12
1494,38
1495,1
1496,1
1497,5
1498,1
1499,3
1500,28
1501,2
1502,2
1503,1
1504,1
1505,2
1506,1
1507,4
1508,10
1509,369
1510,2
1511,4
1512,5
1513,1
1514,1
1515,3
1516,187
1517,7
1518,2
1519,3
1520,1
1521,1
1522,4
1523,1
1524,1
1525,4
1526,26
1527,1
1528,3
1529,3
1530,17
1531,1
1532,2
1533,62
1534,39
1535,3
1536,3
1537,18
1538,4
1539,1
1540,1
1541,1
1542,1
1543,30
1544,27
1545,1
1546,953
1547,1
1548,1
1549,1
1550,0
1551,2
1552,4
1553,1
1554,10
1555,95
1556,1
1557,6
1558,1
1559,2
1560,1
1561,3
1562,2
1563,4
1564,3
1565,2
1566,1
1567,2
1568,2
1569,1
1570,1069
1571,4
1572,1
1573,3
1574,1
1575,2
1576,16
1577,5
1578,2
1579,3
1580,20
1581,1
1582,2
1583,2
1584,7
1585,10
1586,2
1587,7
1588,1
1589,7
1590,5
1591,5
1592,22
1593,1
1594,2
1595,1
1596,1
1597,43
1598,22
1599,15
1600,335
1601,34
1602,1770
1603,4
1604,2
1605,5
1606,4
1607,1
1608,1
1609,0
1610,1
1611,2
1612,5
1613,8
1614,5
1615,1
1616,5
1617,31
1618,2
1619,79
1620,16
1621,1
1622,1
1623,13
1624,30
1625,1
1626,3
1627,5
1628,954
1629,3
1630,136
1631,11
1632,19
1633,1
1634,2
1635,1
1636,750
1637,5
1638,6
1639,2
1640,1
1641,18
1642,6
1643,1
1644,1
1645,248
1646,1
1647,3
1648,4
1649,12
1650,1
1651,136
1652,2
1653,47
1654,27
1655,2
1656,1
1657,2
1658,1
1659,1
1660,7
1661,3
1662,2
1663,56
1664,2
1665,1
1666,71
1667,1
1668,3
1669,6
1670,8
1671,33
1672,5
1673,1
1674,1
1675,1
1676,16
1677,7
1678,1
1679,2
1680,1
1681,461
1682,1
1683,3
1684,326
1685,1
1686,5
1687,3
1688,1
1689,1
1690,2
1691,21
1692,1
1693,11
1694,2
1695,1
1696,9
1697,3
1698,1
1699,140
1700,2
1701,1
1702,194
1703,1
1704,2
1705,1
1706,7
1707,62
1708,6
1709,5
1710,1
1711,35
1712,1
1713,1
1714,1
1715,1
1716,7
1717,9
1718,26
1719,24
1720,2
1721,4
1722,2
1723,1
1724,1181
1725,11
1726,3
1727,4
1728,19
1729,4
1730,1
1731,6
1732,4
1733,3
1734,18
1735,18
1736,2
1737,4
1738,235
1739,2
1740,1
1741,1
1742,1
1743,15
1744,27
1745,1
1746,20
1747,1
1748,2
1749,5
1750,1
1751,9
1752,786
1753,68
1754,2
1755,108
1756,1
1757,1
1758,7
1759,0
1760,36
1761,3
1762,14
1763,2
1764,21
1765,49
1766,1
1767,17
1768,1
1769,187
1770,6
1771,5
1772,10
1773,1
1774,32
1775,1
1776,1
1777,1
1778,2
1779,1
1780,17
1781,2
1782,5
1783,1
1784,59
1785,2
1786,3
1787,25
1788,4
1789,1796
1790,32
1791,18
1792,61
1793,37
1794,1
1795,21
1796,1
1797,7
1798,2
1799,2
1800,1
1801,4
1802,4
1803,21
1804,4
1805,1
1806,4
1807,3
1808,10
1809,2
1810,1
1811,3
1812,5
1813,34
1814,1
1815,4
1816,2
1817,12
1818,3
1819,22
1820,7
1821,1
1822,3
1823,3
1824,2
1825,48
1826,1
1827,4
1828,1
1829,1
1830,2
1831,9
1832,14
1833,2
1834,9
1835,1
1836,42
1837,2
1838,1
1839,6
1840,19
1841,1
1842,1
1843,3
1844,2
1845,2
1846,0
1847,4
1848,4
1849,0
1850,16
1851,2
1852,3
1853,12
1854,35
1855,1
1856,21
1857,3
1858,108
1859,8
1860,1
1861,42
1862,1
1863,41
1864,1
1865,12
1866,2
1867,1
1868,1
1869,9
1870,5
1871,1
1872,2
1873,86
1874,6
1875,12
1876,3
1877,2
1878,1
1879,2
1880,2
1881,2
1882,1
1883,12
1884,1
1885,7
1886,15
1887,1
1888,273
1889,4
1890,1
1891,7
1892,3
1893,2
1894,1
1895,1
1896,4
1897,6
1898,1
1899,5
1900,2
1901,1
1902,2
1903,120
1904,2
1905,2
1906,30
1907,2
1908,7
1909,2
1910,5
1911,4
1912,13
1913,1
1914,10
1915,2
1916,1
1917,4
1918,1
1919,4
1920,77
1921,3
1922,19
1923,2
1924,2
1925,152
1926,1
1927,1
1928,3
1929,1
1930,3
1931,1
1932,4
1933,2
1934,12
1935,3
1936,79
1937,1
1938,1
1939,6
1940,1
1941,5
1942,0
1943,1
1944,4
1945,2
1946,44
1947,1
1948,4
1949,2
1950,1
1951,129
1952,1
1953,4
1954,5
1955,1
1956,310
1957,1
1958,1
1959,2
1960,2
1961,8
1962,1
1963,0
1964,1
1965,1
1966,1
1967,3
1968,1
1969,1823
1970,6
1971,1
1972,86
1973,1
1974,5
1975,4
1976,99
1977,64
1978,89
1979,1
1980,5
1981,1
1982,2
1983,1
1984,3
1985,8
1986,2
1987,2
1988,4
1989,2
1990,13
1991,5
1992,5
1993,208
1994,6
1995,4
1996,53
1997,1
1998,2
1999,7
2000,1
2001,2
2002,1
2003,0
2004,7
2005,3
2006,9
2007,1
2008,1
2009,1
2010,3
2011,3
2012,3
2013,1
2014,6
2015,30
2016,1
2017,2
2018,1
2019,30
2020,1
2021,6
2022,43
2023,8
2024,33
2025,1
2026,41
2027,66
2028,2
2029,25
2030,36
2031,1
2032,6
2033,2
2034,2
2035,1
2036,4
2037,1
2038,3
2039,1
2040,17
2041,38
2042,8
2043,1
2044,7
2045,4
2046,1
2047,0
2048,2
2049,9
2050,5
2051,2
2052,2
2053,16
2054,2
2055,2
2056,9
2057,1
2058,6
2059,21
2060,1
2061,2
2062,2
2063,7
2064,22
2065,21
2066,2
2067,5
2068,8
2069,1
2070,93
2071,0
2072,1
2073,1
2074,1
2075,3
2076,6
2077,6
2078,10
2079,5
2080,1
2081,9
2082,3
2083,1
2084,39
2085,8
2086,2
2087,1
2088,1
2089,2
2090,1
2091,1
2092,1
2093,1
2094,2
2095,3
2096,0
2097,3
2098,1
2099,1
2100,7
2101,1
2102,1
2103,4
2104,2
2105,14
2106,11
2107,4
2108,1
2109,1
2110,3
2111,3
2112,2
2113,6
2114,27
2115,38
2116,1
2117,2
2118,1
2119,1
2120,1
2121,8
2122,9
2123,4
2124,137
2125,14
2126,1
2127,1
2128,7
2129,2
2130,3
2131,32
2132,1
2133,7
2134,1
2135,5
2136,2
2137,1
2138,2
2139,1
2140,2
2141,1
2142,1
2143,5
2144,334
2145,8
2146,123
2147,2
2148,1
2149,618
2150,70
2151,1
2152,0
2153,17
2154,1
2155,1
2156,39
2157,2
2158,3
2159,2
2160,2
2161,13
2162,17
2163,6
2164,7
2165,1
2166,2
2167,3
2168,1
2169,1
2170,0
2171,1
2172,1
2173,3
2174,6
2175,27
2176,2
2177,3
2178,4
2179,5
2180,3
2181,2
2182,1
2183,1
2184,2
2185,11
2186,135
2187,4
2188,2
2189,1
2190,1
2191,1
2192,1
2193,3
2194,2
2195,2
2196,1
2197,4
2198,3
2199,5
2200,40
2201,3
2202,1
2203,30
2204,49
2205,1
2206,1
2207,4
2208,5
2209,1
2210,1
2211,7
2212,8
2213,1
2214,3
2215,154
2216,1
2217,1
2218,16
2219,15
2220,9
2221,3
2222,2
2223,1
2224,34
2225,16
2226,3
2227,4
2228,49
2229,2
2230,2
2231,14
2232,1
2233,8
2234,1
2235,4
2236,12
2237,1
2238,4
2239,35
2240,2
2241,3
2242,5
2243,104
2244,2
2245,3
2246,1
2247,2
2248,104
2249,13
2250,2
2251,2
2252,6
2253,32
2254,1
2255,3
2256,4
2257,18
2258,8
2259,1
2260,1
2261,62
2262,3
2263,1
2264,4
2265,6
2266,3
2267,1
2268,3
2269,1
2270,1
2271,9
2272,1
2273,45
2274,2
2275,5
2276,14
2277,1
2278,113
2279,3
2280,2
2281,1
2282,2
2283,1
2284,15
2285,3
2286,315
2287,1
2288,6
2289,1
2290,1
2291,5
2292,6
2293,12
2294,1
2295,34
2296,1
2297,1
2298,1
2299,10
2300,5
2301,26
2302,0
2303,2
2304,1
2305,4
2306,10
2307,1
2308,1
2309,44
2310,1
2311,537
2312,1
2313,0
2314,2
2315,1
2316,8
2317,3
2318,4
2319,289
2320,2
2321,5
2322,2
2323,2
2324,1
2325,14
2326,1
2327,6
2328,5
2329,2
2330,11
2331,2
2332,1
2333,12
2334,12
2335,12
2336,2
2337,38
2338,6
2339,1
2340,5
2341,2
2342,9
2343,1
2344,4
2345,1
2346,9
2347,27
2348,5
2349,2
2350,2
2351,2
2352,11
2353,1
2354,1
2355,2
2356,12
2357,2
2358,14
2359,1
2360,5
2361,10
2362,0
2363,2
2364,1
2365,12
2366,11
2367,2
2368,4
2369,4
2370,2
2371,4
2372,4
2373,11
2374,2
2375,1
2376,2
2377,2
2378,1
2379,259
2380,22
2381,11
2382,9
2383,17
2384,8
2385,1
2386,2
2387,14
2388,1
2389,9
2390,3
2391,8
2392,6
2393,1
2394,2
2395,1
2396,821
2397,27
2398,1
2399,2
2400,24
2401,567
2402,1
2403,270
2404,683
2405,5
2406,10
2407,1
2408,1
2409,3
2410,90
2411,2
2412,1
2413,1
2414,1
2415,2
2416,1
2417,7
2418,3
2419,2
2420,2
2421,1
2422,2
2423,3
2424,1
2425,9
2426,2
2427,1
2428,198
2429,5
2430,16
2431,1
2432,11
2433,1
2434,1
2435,10
2436,2
2437,17
2438,12
2439,10
2440,2
2441,1
2442,400
2443,1
2444,1
2445,1
2446,3
2447,11
2448,14
2449,1
2450,1
2451,1
2452,4
2453,6
2454,30
2455,33
2456,12
2457,1
2458,2
2459,23
2460,3
2461,105
2462,1
2463,1
2464,5
2465,1
2466,13
2467,22
2468,7
2469,20
2470,6
2471,1
2472,10
2473,5
2474,2
2475,2
2476,134
2477,4
2478,1
2479,217
2480,1
2481,20
2482,41
2483,3
2484,1
2485,2
2486,7
2487,77
2488,4
2489,2
2490,9
2491,38
2492,2
2493,4
2494,43
2495,14
2496,9
2497,10
2498,5
2499,1
2500,351
2501,0
2502,2
2503,2
2504,14
2505,13
2506,1
2507,3
2508,7
2509,6
2510,1
2511,3
2512,5
2513,5
2514,4
2515,7
2516,5
2517,1
2518,14
2519,20
2520,4
2521,10
2522,4
2523,3
2524,1
2525,25
2526,0
2527,2
2528,13
2529,6
2530,59
2531,1
2532,16
2533,1
2534,2
2535,1
2536,89
2537,224
2538,97
2539,4
2540,1
2541,3
2542,4
2543,1
2544,2
2545,108
2546,16
2547,7
2548,1
2549,1
2550,1
2551,142
2552,3
2553,7
2554,0
2555,1
2556,1
2557,5
2558,2
2559,37
2560,1
2561,5
2562,1
2563,2
2564,1
2565,3
2566,0
2567,9
2568,1
2569,1
2570,2
2571,171
2572,2
2573,1
2574,1
2575,1
2576,1
2577,1
2578,4
2579,276
2580,2
2581,14
2582,36
2583,1
2584,1
2585,1
2586,4
2587,3
2588,0
2589,1
2590,65
2591,2
2592,3
2593,2
2594,1
2595,1
2596,1
2597,1
2598,1
2599,6
2600,4
2601,1
2602,1
2603,1
2604,2
2605,3
2606,9
2607,12
2608,2
2609,1
2610,1
2611,20
2612,55
2613,4
2614,0
2615,7
2616,1
2617,8
2618,2
2619,22
2620,1
2621,4
2622,343
2623,1
2624,1
2625,4
2626,3
2627,1
2628,3
2629,1
2630,2
2631,550
2632,1
2633,1
2634,1
2635,2
2636,205
2637,3
2638,1
2639,2
2640,4
2641,1
2642,5
2643,2
2644,69
2645,5
2646,3
2647,5
2648,1
2649,2
2650,7
2651,7
2652,16
2653,2
2654,2
2655,4
2656,154
2657,3
2658,4
2659,7
2660,31
2661,2
2662,6
2663,4
2664,2
2665,2
2666,2
2667,1
2668,1
2669,6
2670,11
2671,44
2672,1
2673,0
2674,1
2675,4
2676,1
2677,88
2678,1
2679,1
2680,12
2681,1
2682,2
2683,52
2684,3
2685,1
2686,19
2687,1
2688,6
2689,68
2690,4
2691,2
2692,1
2693,14
2694,4
2695,4
2696,16
2697,1
2698,2
2699,6
2700,1
2701,2
2702,1
2703,1
2704,379
2705,8
2706,1
2707,6
2708,8
2709,1
2710,1
2711,85
2712,2
2713,3
2714,3
2715,4
2716,38
2717,86
2718,1
2719,32
2720,1
2721,51
2722,1
2723,1
2724,38
2725,228
2726,53
2727,68
2728,28
2729,1
2730,4
2731,1
2732,7
2733,5
2734,3
2735,1
2736,4
2737,5
2738,1
2739,1
2740,957
2741,2
2742,1
2743,6
2744,2
2745,3
2746,1
2747,5
2748,1
2749,1
2750,1
2751,2
2752,3
2753,3
2754,2
2755,1
2756,1
2757,1
2758,19
2759,3
2760,3
2761,2
2762,1
2763,43
2764,1
2765,2
2766,2
2767,1
2768,4
2769,8
2770,3
2771,1
2772,731
2773,2
2774,4
2775,2
2776,3
2777,1
2778,1
2779,3
2780,1
2781,6
2782,14
2783,1
2784,1
2785,22
2786,4
2787,1
2788,9
2789,6
2790,5
2791,350
2792,2
2793,3
2794,7
2795,1
2796,34
2797,2
2798,1
2799,30
2800,1
2801,1
2802,1583
2803,6
2804,1
2805,4
2806,2
2807,5
2808,3
2809,0
2810,3
2811,3
2812,3
2813,1
2814,1
2815,8
2816,1
2817,12
2818,13
2819,1
2820,2
2821,1
2822,1
2823,22
2824,48
2825,3
2826,2
2827,2
2828,1
2829,1
2830,1
2831,21
2832,3
2833,2
2834,1
2835,1
2836,5
2837,1
2838,92
2839,1
2840,1
2841,1
2842,80
2843,2
2844,1
2845,74
2846,25
2847,3
2848,40
2849,12
2850,3
2851,17
2852,4
2853,1
2854,7
2855,1
2856,1
2857,7
2858,3
2859,12
2860,12
2861,2
2862,1
2863,1
2864,63
2865,33
2866,3
2867,1
2868,1
2869,2
2870,1
2871,1
2872,1
2873,2
2874,21
2875,3
2876,1
2877,3
2878,2
2879,1
2880,5
2881,1
2882,1
2883,2
2884,126
2885,22
2886,10
2887,3
2888,2
2889,33
2890,8
2891,2
2892,1
2893,1
2894,2
2895,1
2896,110
2897,5
2898,1
2899,4
2900,9
2901,3
2902,7
2903,16
2904,13
2905,5
2906,1
2907,6
2908,2
2909,2
2910,3
2911,4
2912,2
2913,1
2914,3
2915,413
2916,5
2917,1
2918,4
2919,2
2920,1
2921,3
2922,2
2923,5
2924,1
2925,2
2926,1
2927,1
2928,790
2929,1528
2930,1
2931,9
2932,2
2933,4
2934,3
2935,13
2936,45
2937,18
2938,1
2939,1
2940,163
2941,3
2942,3
2943,2
2944,1
2945,3
2946,4
2947,75
2948,1
2949,4
2950,2
2951,1
2952,1
2953,2
2954,9
2955,3
2956,1
2957,59
2958,13
2959,2
2960,944
2961,13
2962,2
2963,1
2964,4
2965,3
2966,2
2967,156
2968,9
2969,1
2970,5
2971,8
2972,1
2973,3
2974,292
2975,2
2976,7
2977,3
2978,3
2979,188
2980,1
2981,36
2982,2
2983,1
2984,1
2985,2
2986,15
2987,2
2988,1
2989,1
2990,1
2991,5
2992,244
2993,7
2994,2
2995,5
2996,3
2997,1
2998,40
2999,246
3000,1
3001,1
3002,1
3003,1
3004,9
3005,832
3006,17
3007,41
3008,1
3009,1
3010,9
3011,2
3012,3
3013,1232
3014,2
3015,2
3016,1
3017,4
3018,16
3019,1
3020,4
3021,1
3022,2
3023,1
3024,8
3025,7
3026,1
3027,3
3028,7
3029,4
3030,2
3031,2
3032,5
3033,9
3034,10
3035,3
3036,4
3037,1
3038,1
3039,1
3040,41
3041,236
3042,12
3043,4
3044,2
3045,1
3046,3
3047,7
3048,6
3049,5
3050,12
3051,1
3052,2
3053,1
3054,1
3055,9
3056,32
3057,1
3058,167
3059,3
3060,9
3061,7
3062,4
3063,2
3064,27
3065,1
3066,2
3067,14
3068,1
3069,5
3070,1
3071,1
3072,11
3073,4
3074,2
3075,1
3076,72
3077,2
3078,2
3079,1
3080,1
3081,2
3082,1
3083,2
3084,37
3085,2
3086,5
3087,5
3088,38
3089,15
3090,30
3091,48
3092,9
3093,5
3094,6
3095,1
3096,4
3097,77
3098,2
3099,1
3100,40
3101,1
3102,9
3103,3
3104,9
3105,1
3106,1861
3107,1
3108,9
3109,1
3110,33
3111,2
3112,23
3113,1
3114,1
3115,4
3116,1
3117,3
3118,3
3119,151
3120,1
3121,104
3122,2
3123,1
3124,28
3125,36
3126,7
3127,15
3128,1
3129,1
3130,3
3131,7
3132,24
3133,1
3134,3
3135,1
3136,103
3137,9
3138,5
3139,8
3140,11
3141,1
3142,20
3143,2
3144,1
3145,66
3146,9
3147,1
3148,18
3149,78
3150,8
3151,1
3152,19
3153,2
3154,151
3155,1
3156,1
3157,2
3158,1
3159,3
3160,2
3161,3
3162,4
3163,6
3164,6
3165,31
3166,0
3167,42
3168,1
3169,2
3170,4
3171,1
3172,4
3173,1
3174,17
3175,69
3176,2
3177,1
3178,223
3179,11
3180,10
3181,6
3182,9
3183,2
3184,5
3185,1
3186,5
3187,1
3188,72
3189,3
3190,9
3191,1
3192,1
3193,5
3194,1
3195,28
3196,5
3197,1
3198,55
3199,1
3200,2
3201,1
3202,2
3203,8
3204,1
3205,13
3206,15
3207,3
3208,22
3209,4
3210,5
3211,2
3212,1
3213,1
3214,1
3215,6
3216,63
3217,7
3218,3
3219,7
3220,5
3221,1
3222,1
3223,4
3224,65
3225,1
3226,49
3227,29
3228,8
3229,29
3230,4
3231,1
3232,32
3233,1
3234,0
3235,1
3236,408
3237,2
3238,8
3239,1
3240,12
3241,23
3242,4
3243,9
3244,180
3245,54
3246,99
3247,2
3248,1
3249,5
3250,1
3251,2
3252,6
3253,1
3254,6
3255,4
3256,2
3257,61
3258,2
3259,1
3260,8
3261,2
3262,1
3263,1
3264,155
3265,3
3266,12
3267,2
3268,8
3269,3
3270,46
3271,4
3272,3
3273,2
3274,3
3275,5
3276,18
3277,5
3278,7
3279,3
3280,27
3281,1
3282,5
3283,2
3284,1
3285,99
3286,94
3287,1
3288,8
3289,10
3290,2
3291,2
3292,9
3293,9
3294,13
3295,7
3296,14
3297,1
3298,1
3299,6
3300,2
3301,11
3302,6
3303,22
3304,1
3305,1
3306,4
3307,4
3308,2
3309,2
3310,2
3311,24
3312,3
3313,1
3314,68
3315,1
3316,1
3317,1
3318,9
3319,2
3320,4
3321,3
3322,199
3323,1
3324,5
3325,12
3326,2
3327,780
3328,17
3329,2
3330,2
3331,11
3332,22
3333,1
3334,6
3335,2
3336,2
3337,2
3338,2
3339,76
3340,4
3341,1
3342,4
3343,6
3344,3
3345,2
3346,134
3347,9
3348,1
3349,0
3350,19
3351,1
3352,1
3353,167
3354,1
3355,3
3356,112
3357,1
3358,4
3359,2
3360,1
3361,3
3362,1
3363,2
3364,63
3365,8
3366,1
3367,1
3368,2
3369,3
3370,22
3371,35
3372,2
3373,20
3374,1
3375,1
3376,1
3377,2
3378,7
3379,10
3380,1
3381,1
3382,5
3383,15
3384,2
3385,1
3386,40
3387,2
3388,1
3389,3
3390,1
3391,8
3392,2
3393,7
3394,2
3395,2
3396,88
3397,106
3398,28
3399,1
3400,105
3401,1
3402,5
3403,1
3404,3
3405,23
3406,1
3407,2
3408,1
3409,11
3410,15
3411,34
3412,8
3413,1
3414,1
3415,168
3416,3
3417,7
3418,0
3419,51
3420,1
3421,16
3422,73
3423,4
3424,1597
3425,1
3426,2
3427,3
3428,1
3429,1
3430,2
3431,1
3432,1
3433,27
3434,1
3435,321
3436,17
3437,2
3438,2
3439,59
3440,9
3441,2
3442,7
3443,7
3444,1
3445,3
3446,1
3447,24
3448,19
3449,2
3450,1
3451,4
3452,1
3453,1
3454,2
3455,3
3456,9
3457,7
3458,3
3459,2
3460,1
3461,3
3462,6
3463,6
3464,2
3465,3
3466,2
3467,0
3468,135
3469,18
3470,1
3471,1
3472,62
3473,3
3474,1
3475,4
3476,2
3477,3
3478,4
3479,1
3480,5
3481,0
3482,14
3483,17
3484,1
3485,1
3486,2
3487,4
3488,3
3489,16
3490,3
3491,1
3492,4
3493,0
3494,22
3495,1
3496,6
3497,6
3498,2
3499,2
3500,4
3501,0
3502,0
3503,6
3504,1
3505,1
3506,30
3507,1
3508,0
3509,19
3510,14
3511,7
3512,211
3513,4
3514,16
3515,4
3516,1
3517,3
3518,89
3519,1
3520,7
3521,1
3522,2
3523,4
3524,3
3525,1
3526,0
3527,329
3528,2
3529,1
3530,4
3531,71
3532,21
3533,18
3534,8
3535,41
3536,2
3537,3
3538,94
3539,1
3540,2
3541,0
3542,1
3543,8
3544,48
3545,2
3546,1
3547,586
3548,2
3549,4
3550,57
3551,3
3552,40
3553,2
3554,1
3555,1
3556,5
3557,4
3558,1
3559,330
3560,1
3561,2
3562,161
3563,1
3564,1
3565,4
3566,5
3567,1
3568,108
3569,1
3570,4
3571,3
3572,10
3573,3
3574,283
3575,1
3576,8
3577,1
3578,11
3579,3
3580,531
3581,21
3582,4
3583,1
3584,2
3585,2
3586,13
3587,5
3588,6
3589,8
3590,1
3591,3
3592,2
3593,6
3594,21
3595,6
3596,3
3597,8
3598,21
3599,1
3600,1
3601,41
3602,2
3603,180
3604,10
3605,47
3606,7
3607,60
3608,23
3609,3
3610,1
3611,55
3612,1
3613,298
3614,24
3615,5
3616,3
3617,1
3618,83
3619,100
3620,1
3621,5
3622,10
3623,21
3624,2
3625,6
3626,1
3627,1
3628,316
3629,84
3630,3
3631,6
3632,2
3633,1
3634,5
3635,4
3636,2
3637,1
3638,1
3639,1
3640,1
3641,2
3642,0
3643,6
3644,6
3645,1
3646,35
3647,1
3648,2
3649,1
3650,28
3651,2
3652,36
3653,1
3654,4
3655,1
3656,1
3657,9
3658,1
3659,27
3660,2
3661,45
3662,2
3663,3
3664,11
3665,1
3666,1
3667,1
3668,1
3669,28
3670,3
3671,24
3672,7
3673,2
3674,4
3675,17
3676,1312
3677,4
3678,8
3679,132
3680,1
3681,1
3682,28
3683,5
3684,1
3685,6
3686,27
3687,1
3688,24
3689,1
3690,13
3691,1
3692,18
3693,311
3694,3
3695,6
3696,5
3697,2
3698,4
3699,3
3700,1
3701,3
3702,1
3703,3
3704,1
3705,17
3706,15
3707,3
3708,3
3709,2
3710,4
3711,2
3712,1
3713,2
3714,1
3715,18
3716,5
3717,4
3718,2
3719,1
3720,2
3721,1
3722,28
3723,115
3724,3
3725,1
3726,13
3727,2
3728,1
3729,2
3730,4
3731,9
3732,1
3733,5
3734,3
3735,66
3736,0
3737,11
3738,1
3739,15
3740,43
3741,15
3742,2
3743,1
3744,26
3745,94
3746,1
3747,3
3748,3
3749,1
3750,24
3751,2
3752,10
3753,1
3754,1
3755,9
3756,1
3757,18
3758,10
3759,3
3760,3
3761,60
3762,17
3763,2
3764,3
3765,2
3766,12
3767,19
3768,12
3769,2
3770,1
3771,1
3772,14
3773,1
3774,2
3775,117
3776,4
3777,2
3778,15
3779,19
3780,1
3781,1
3782,1
3783,2
3784,1
3785,1
3786,7
3787,8
3788,2
3789,1
3790,88
3791,3
3792,3
3793,7
3794,1
3795,170
3796,24
3797,4
3798,1
3799,4
3800,4
3801,8
3802,592
3803,4
3804,4
3805,11
3806,1
3807,31
3808,1
3809,3
3810,1
3811,4
3812,7
3813,12
3814,2
3815,5
3816,1
3817,5
3818,3
3819,1
3820,1
3821,1
3822,2
3823,3
3824,3
3825,6
3826,14
3827,9
3828,11
3829,6
3830,14
3831,1
3832,14
3833,1
3834,56
3835,1
3836,33
3837,11
3838,1
3839,2
3840,48
3841,3
3842,1
3843,1
3844,1
3845,1
3846,178
3847,1
3848,1
3849,1
3850,2
3851,16
3852,3
3853,80
3854,12
3855,926
3856,226
3857,1
3858,27
3859,6
3860,2
3861,24
3862,1
3863,7
3864,6
3865,9
3866,1
3867,29
3868,9
3869,1
3870,1
3871,1
3872,269
3873,4
3874,3
3875,5
3876,1
3877,23
3878,2
3879,7
3880,79
3881,6
3882,1
3883,15
3884,1
3885,1
3886,2
3887,3
3888,2
3889,1
3890,1
3891,35
3892,40
3893,1
3894,1
3895,2
3896,1
3897,2
3898,1
3899,0
3900,1
3901,13
3902,2
3903,45
3904,2
3905,1
3906,1
3907,22
3908,4
3909,3
3910,6
3911,15
3912,4
3913,2
3914,99
3915,3
3916,11
3917,9
3918,1
3919,1
3920,3
3921,11
3922,17
3923,6
3924,2
3925,4
3926,1
3927,1
3928,1
3929,3
3930,3
3931,2
3932,36
3933,13
3934,1
3935,1
3936,25
3937,4
3938,1
3939,1
3940,2
3941,1
3942,1
3943,29
3944,10
3945,14
3946,1
3947,47
3948,3
3949,21
3950,3
3951,11
3952,1
3953,13
3954,16
3955,1
3956,35
3957,94
3958,6
3959,1
3960,3
3961,122
3962,0
3963,50
3964,7
3965,4
3966,1
3967,1077
3968,1193
3969,5
3970,28
3971,1
3972,2
3973,1
3974,349
3975,1
3976,21
3977,1
3978,1
3979,5
3980,2
3981,1
3982,306
3983,1
3984,1
3985,3
3986,10
3987,3
3988,8
3989,2
3990,1
3991,0
3992,1
3993,2
3994,3
3995,3
3996,1
3997,2
3998,5
3999,3
4000,3
4001,1
4002,1
4003,5
4004,1
4005,4
4006,0
4007,274
4008,5
4009,1
4010,1
4011,3
4012,14
4013,19
4014,9
4015,1
4016,252
4017,1
4018,1
4019,4
4020,37
4021,146
4022,5
4023,1
4024,205
4025,4
4026,7
4027,3
4028,8
4029,1
4030,9
4031,62
4032,1
4033,4
4034,4
4035,5
4036,3
4037,6
4038,1
4039,62
4040,1
4041,1
4042,1732
4043,7
4044,1
4045,1
4046,1
4047,2
4048,42
4049,3
4050,7
4051,16
4052,2
4053,4
4054,46
4055,1
4056,30
4057,35
4058,7
4059,1
4060,41
4061,2
4062,7
4063,15
4064,3
4065,1
4066,48
4067,2
4068,2
4069,5
4070,4
4071,3
4072,3
4073,8
4074,4
4075,3
4076,226
4077,3
4078,5
4079,1
4080,49
4081,6
4082,8
4083,23
4084,2
4085,9
4086,3
4087,2
4088,1
4089,1
4090,1
4091,3
4092,8
4093,2
4094,1
4095,5
4096,1
4097,7
4098,51
4099,15
4100,8
4101,6
4102,3
4103,3
4104,1
4105,2
4106,1
4107,2
4108,84
4109,2
4110,1
4111,5
4112,26
4113,5
4114,112
4115,1
4116,1
4117,3
4118,7
4119,3
4120,347
4121,26
4122,2
4123,1
4124,9
4125,461
4126,4
4127,1
4128,1
4129,14
4130,3
4131,31
4132,1
4133,118
4134,0
4135,640
4136,158
4137,3
4138,2
4139,1
4140,2
4141,1
4142,6
4143,1
4144,6
4145,2
4146,11
4147,11
4148,1
4149,1
4150,4
4151,11
4152,4
4153,1
4154,2
4155,54
4156,2
4157,4
4158,9
4159,1
4160,89
4161,52
4162,49
4163,6
4164,23
4165,56
4166,1
4167,1
4168,2
4169,6
4170,1
4171,43
4172,5
4173,1
