1,2
2,1
3,1
4,1
5,2
6,1
7,1
8,2
9,2
10,1
11,1
12,1
13,10
14,1
15,1
16,1
17,2
18,1
19,3
20,1
21,6
22,1
23,1
24,3
25,4
26,2
27,1
28,1
29,30
30,7
31,1
32,4
33,4
34,1
35,1
36,1
37,12
38,1
39,1
40,1
41,2
42,1
43,13
44,1
45,8
46,1
47,1
48,1
49,112
50,1
51,1
52,2
53,16
54,1
55,1
56,2
57,6
58,3
59,1
60,4
61,2
62,2
63,7
64,2
65,6
66,1
67,1
68,1
69,2
70,1
71,3
72,5
73,20
74,2
75,1
76,1
77,2
78,1
79,1
80,1
81,20
82,1
83,1
84,3
85,4
86,1
87,1
88,1
89,8
90,1
91,1
92,1
93,2
94,4
95,3
96,2
97,2
98,1
99,1
100,2
101,6
102,1
103,1
104,1
105,2
106,12
107,3
108,1
109,2
110,3
111,3
112,6
113,2
114,3
115,1
116,1
117,2
118,2
119,39
120,1
121,2
122,1
123,3
124,1
125,4
126,2
127,1
128,3
129,18
130,1
131,1
132,1
133,30
134,1
135,1
136,4
137,2
138,2
139,1
140,4
141,4
142,1
143,3
144,1
145,18
146,1
147,1
148,1
149,2
150,1
151,7
152,1
153,2
154,1
155,1
156,1
157,24
158,1
159,1
160,5
161,6
162,2
163,1
164,2
165,4
166,5
167,1
168,1
169,2
170,1
171,1
172,25
173,2
174,1
175,3
176,4
177,2
178,1
179,21
180,7
181,2
182,1
183,1
184,4
185,54
186,1
187,11
188,2
189,190
190,1
191,1
192,2
193,2
194,2
195,9
196,2
197,464
198,1
199,1
200,1
201,2
202,1
203,1
204,1
205,2
206,2
207,1
208,1
209,2
210,2
211,1
212,1
213,54
214,4
215,1
216,1
217,2
218,1
219,1129
220,1
221,14
222,1
223,1
224,1
225,NA
226,1
227,5
228,12
229,2
230,2
231,1
232,2
233,4
234,1
235,3
236,1
237,4
238,1
239,15
240,2
241,8
242,1
243,1
244,1
245,28
246,1
247,11
248,25
249,16
250,4
251,1
252,2
253,2
254,38
255,1
256,2
257,192
258,2
259,25
260,5
261,2
262,1
263,1
264,3
265,2
266,3
267,1
268,1
269,4
270,1
271,13
272,3
273,2
274,1
275,1
276,5
277,10
278,3
279,7
280,1
281,12
282,1
283,9
284,1
285,2
286,1
287,1
288,3
289,4
290,5
291,5
292,2
293,446
294,25
295,1
296,1
297,2
298,3
299,1
300,1
301,2
302,3
303,1
304,1
305,2
306,1
307,13
308,1
309,2
310,1
311,1
312,2
313,4
314,1
315,5
316,13
317,4
318,2
319,1
320,1
321,6
322,1
323,1
324,1
325,2
326,2
327,3
328,3
329,2
330,1
331,3
332,3
333,2
334,1
335,1
336,4
337,6
338,5
339,1
340,1
341,NA
342,1
343,NA
344,3
345,12
346,4
347,11
348,2
349,560
350,5
351,1
352,1
353,4
354,3
355,1
356,2
357,2
358,10
359,1
360,2
361,36
362,1
363,1
364,2
365,8
366,2
367,1
368,1
369,2
370,3
371,3
372,1
373,18
374,6
375,3
376,1
377,4
378,3
379,1
380,1
381,2
382,7
383,5
384,1
385,2
386,1
387,1
388,1
389,4
390,1
391,1
392,1
393,8
394,2
395,1
396,2
397,16
398,1
399,3
400,2
401,14
402,14
403,1
404,2
405,12
406,1
407,13
408,1
409,8
410,1
411,1
412,1
413,4
414,1
415,5
416,2
417,16
418,1
419,1
420,1
421,2
422,2
423,23
424,1
425,62
426,2
427,1
428,1
429,4
430,1
431,3
432,1
433,2
434,2
435,29
436,2
437,22
438,1
439,21
440,2
441,2
442,5
443,1
444,1
445,10
446,1
447,1
448,2
449,2
450,6
451,21
452,1
453,4
454,2
455,1
456,1
457,2
458,1
459,237
460,3
461,14
462,2
463,11
464,1
465,2
466,1
467,207
468,5
469,16
470,2
471,1
472,11
473,20
474,7
475,1
476,2
477,16
478,4
479,1
480,3
481,20
482,1
483,1
484,6
485,2
486,6
487,7
488,1
489,36
490,1
491,41
492,5
493,10
494,1
495,3
496,1
497,4
498,5
499,3
500,2
501,6
502,2
503,3
504,1
505,2
506,1
507,1
508,1
509,6
510,1
511,1
512,1
513,2
514,13
515,1
516,1
517,10
518,6
519,31
520,7
521,2
522,3
523,1
524,1
525,2
526,5
527,3
528,2
529,2
530,1
531,1
532,2
533,4
534,1
535,1
536,4
537,2
538,1
539,81
540,1
541,10
542,2
543,1
544,1
545,10
546,1
547,5
548,1
549,4
550,5
551,1
552,4
553,2
554,1
555,11
556,2
557,112
558,2
559,1
560,2
561,2
562,1
563,5
564,1
565,12
566,1
567,1
568,1
569,2
570,3
571,1
572,1
573,2
574,4
575,3
576,1
577,4
578,2
579,11
580,4
581,112
582,1
583,1
584,1
585,4
586,3
587,3
588,1
589,956
590,2
591,593
592,2
593,2
594,3
595,1
596,1
597,4
598,1
599,1
600,1
601,10
602,8
603,1
604,12
605,26
606,1
607,3
608,1
609,10
610,1
611,1
612,1
613,2
614,4
615,1
616,1
617,4
618,10
619,1
620,2
621,4
622,2
623,1
624,2
625,2
626,1
627,1
628,1
629,6
630,6
631,1
632,28
633,54
634,1
635,3
636,2
637,2
638,2
639,1
640,1
641,NA
642,1
643,3
644,1
645,12
646,3
647,11
648,1
649,2
650,5
651,5
652,1
653,4
654,1
655,499
656,3
657,2
658,1
659,1
660,1
661,2
662,1
663,1
664,1
665,34
666,7
667,1
668,2
669,6
670,6
671,1
672,2
673,24
674,1
675,7
676,1
677,2
678,1
679,17
680,2
681,392
682,4
683,11
684,5
685,6
686,2
687,1
688,1
689,2
690,2
691,199
692,1
693,8
694,2
695,9
696,2
697,8
698,2
699,9
700,1
701,558
702,1
703,1
704,4
705,84
706,3
707,1
708,3
709,28
710,1
711,1
712,2
713,4
714,1
715,3
716,3
717,4
718,1
719,1
720,1
721,24
722,1
723,7
724,1
725,2
726,1
727,5
728,3
729,2
730,2
731,1
732,2
733,2
734,2
735,111
736,2
737,2
738,1
739,3
740,37
741,2
742,1
743,1
744,1
745,2
746,7
747,7
748,2
749,2
750,1
751,9
752,7
753,2
754,1
755,1
756,2
757,4
758,2
759,1
760,6
761,4
762,7
763,5
764,10
765,10
766,1
767,147
768,2
769,288
770,1
771,1
772,3
773,4
774,3
775,1
776,1
777,16
778,618
779,1
780,1
781,10
782,1
783,1
784,2
785,6
786,4
787,1
788,1
789,4
790,1
791,3
792,21
793,2
794,16
795,15
796,1
797,2
798,1
799,3
800,2
801,4
802,6
803,3
804,1
805,14
806,3
807,1
808,4
809,6
810,5
811,87
812,2
813,2
814,1
815,1
816,1
817,18
818,1
819,1
820,1
821,2
822,3
823,1
824,2
825,2
826,1
827,1
828,1
829,2
830,1
831,5
832,1
833,34
834,1
835,1
836,1
837,4
838,10
839,15
840,1
841,2
842,6
843,1
844,2
845,2
846,3
847,1
848,1
849,210
850,2
851,3
852,1
853,2
854,3
855,5
856,1
857,356
858,2
859,3
860,3
861,18
862,2
863,1
864,9
865,8
866,4
867,1
868,3
869,34
870,2
871,9
872,2
873,2
874,1
875,1
876,2
877,2
878,1
879,29
880,5
881,2
882,4
883,9
884,2
885,2
886,1
887,1
888,3
889,4
890,4
891,169
892,1
893,4
894,1
895,21
896,1
897,2
898,5
899,49
900,3
901,2
902,1
903,3
904,10
905,12
906,1
907,1
908,2
909,308
910,2
911,1
912,1
913,10
914,1
915,1
916,2
917,6
918,2
919,19
920,18
921,2
922,1
923,9
924,7
925,52
926,6
927,3
928,1
929,2
930,1
931,1
932,2
933,6
934,1
935,1
936,2
937,14
938,1
939,1
940,2
941,2
942,5
943,3
944,4
945,6
946,2
947,1
948,1
949,196
950,1
951,1
952,1
953,80
954,2
955,3
956,1
957,4
958,1
959,1
960,1
961,4
962,1
963,19
964,1
965,NA
966,2
967,1
968,3
969,2
970,1
971,1
972,1
973,20
974,6
975,5
976,5
977,2
978,13
979,1
980,128
981,16
982,1
983,81
984,2
985,2
986,1
987,3
988,1
989,2
990,1
991,1
992,3
993,2
994,9
995,189
996,2
997,2
998,4
999,29
1000,1
1001,8
1002,1
1003,1
1004,1
1005,2
1006,1
1007,7
1008,1
1009,2
1010,2
1011,1
1012,6
1013,2
1014,3
1015,3
1016,1
1017,6
1018,1
1019,1
1020,4
1021,8
1022,1
1023,1
1024,1
1025,8
1026,1
1027,1
1028,1
1029,2
1030,1
1031,9
1032,4
1033,4
1034,1
1035,1
1036,1
1037,2
1038,2
1039,1
1040,1
1041,372
1042,2
1043,1
1044,1
1045,2
1046,12
1047,1
1048,4
1049,4
1050,3
1051,1
1052,2
1053,2
1054,2
1055,57
1056,4
1057,2
1058,4
1059,7
1060,1
1061,2
1062,9
1063,7
1064,7
1065,2
1066,1
1067,3
1068,4
1069,96
1070,1
1071,3
1072,6
1073,2
1074,1
1075,5
1076,1
1077,6
1078,2
1079,1
1080,4
1081,4
1082,1
1083,1
1084,2
1085,6
1086,2
1087,5
1088,7
1089,14
1090,2
1091,3
1092,1
1093,2
1094,1
1095,19
1096,7
1097,8
1098,3
1099,1
1100,2
1101,2
1102,9
1103,1
1104,1
1105,8
1106,2
1107,3
1108,5
1109,6
1110,1
1111,7
1112,1
1113,8
1114,3
1115,1
1116,1
1117,914
1118,13
1119,15
1120,2
1121,28
1122,1
1123,1
1124,8
1125,8
1126,11
1127,7
1128,1
1129,122
1130,3
1131,7
1132,1
1133,38
1134,1
1135,1
1136,1
1137,2
1138,6
1139,1
1140,2
1141,52
1142,3
1143,1
1144,2
1145,2
1146,1
1147,1
1148,3
1149,2
1150,27
1151,243
1152,2
1153,18
1154,1
1155,1
1156,1
1157,38
1158,2
1159,1
1160,1
1161,10
1162,1
1163,23
1164,6
1165,2
1166,1
1167,1
1168,1
1169,16
1170,1
1171,1
1172,1
1173,20
1174,3
1175,1
1176,2
1177,14
1178,4
1179,3
1180,5
1181,2
1182,2
1183,7
1184,1
1185,42
1186,1
1187,7
1188,2
1189,4
1190,1
1191,1
1192,1
1193,2
1194,1
1195,1
1196,8
1197,4
1198,1
1199,3
1200,2
1201,6
1202,2
1203,1
1204,1
1205,NA
1206,2
1207,27
1208,1
1209,2
1210,1
1211,13
1212,1
1213,2
1214,1
1215,19
1216,2
1217,2
1218,3
1219,7
1220,1
1221,2
1222,2
1223,1
1224,2
1225,22
1226,3
1227,1
1228,56
1229,4
1230,1
1231,1
1232,1
1233,8
1234,6
1235,15
1236,1
1237,12
1238,4
1239,1
1240,2
1241,4
1242,2
1243,1
1244,1
1245,4
1246,1
1247,3
1248,80
1249,4
1250,2
1251,67
1252,1
1253,12
1254,9
1255,1
1256,5
1257,2
1258,2
1259,51
1260,2
1261,2
1262,3
1263,1
1264,4
1265,8
1266,1
1267,5
1268,2
1269,10
1270,1
1271,1
1272,1
1273,4
1274,2
1275,3
1276,1
1277,4
1278,3
1279,17
1280,2
1281,18
1282,1
1283,1
1284,30
1285,2
1286,3
1287,7
1288,3
1289,16
1290,5
1291,27
1292,1
1293,2
1294,2
1295,59
1296,1
1297,4
1298,1
1299,1
1300,1
1301,4
1302,1
1303,13
1304,45
1305,10
1306,5
1307,1
1308,1
1309,2
1310,2
1311,1
1312,1
1313,6
1314,4
1315,1
1316,6
1317,128
1318,2
1319,7
1320,1
1321,4
1322,1
1323,1
1324,1
1325,116
1326,1
1327,5
1328,2
1329,8
1330,3
1331,13
1332,2
1333,14
1334,1
1335,7
1336,2
1337,2
1338,1
1339,19
1340,1
1341,4
1342,3
1343,1
1344,1
1345,14
1346,2
1347,1
1348,6
1349,42
1350,4
1351,1
1352,6
1353,2
1354,2
1355,1
1356,1
1357,4
1358,2
1359,1
1360,6
1361,2
1362,1
1363,1
1364,4
1365,2
1366,8
1367,1
1368,1
1369,6
1370,1
1371,3
1372,2
1373,64
1374,1
1375,1
1376,1
1377,4
1378,1
1379,1
1380,2
1381,4
1382,1
1383,3
1384,6
1385,2
1386,4
1387,3
1388,3
1389,8
1390,10
1391,1
1392,7
1393,52
1394,3
1395,1
1396,3
1397,2
1398,27
1399,1
1400,1
1401,162
1402,1
1403,5
1404,1
1405,20
1406,15
1407,19
1408,1
1409,4
1410,3
1411,5
1412,2
1413,2
1414,1
1415,1
1416,2
1417,8
1418,12
1419,3
1420,3
1421,10
1422,3
1423,33
1424,2
1425,2
1426,1
1427,37
1428,2
1429,22
1430,2
1431,1
1432,1
1433,36
1434,2
1435,11
1436,2
1437,36
1438,12
1439,3
1440,1
1441,2
1442,2
1443,221
1444,1
1445,2
1446,3
1447,1
1448,5
1449,22
1450,1
1451,1
1452,2
1453,4
1454,4
1455,1
1456,1
1457,8
1458,1
1459,5
1460,45
1461,2
1462,2
1463,1
1464,1
1465,6
1466,1
1467,1
1468,10
1469,2
1470,1
1471,15
1472,8
1473,2
1474,1
1475,5
1476,1
1477,4
1478,1
1479,1
1480,6
1481,2
1482,2
1483,3
1484,26
1485,4
1486,1
1487,3
1488,18
1489,6
1490,8
1491,47
1492,1
1493,4
1494,2
1495,1
1496,1
1497,6
1498,4
1499,1
1500,1
1501,2
1502,1
1503,1
1504,7
1505,2
1506,2
1507,23
1508,1
1509,34
1510,1
1511,1
1512,2
1513,2
1514,3
1515,5
1516,1
1517,14
1518,1
1519,1
1520,3
1521,6
1522,2
1523,1
1524,1
1525,2
1526,3
1527,11
1528,1
1529,14
1530,2
1531,1
1532,3
1533,70
1534,1
1535,5
1536,1
1537,4
1538,1
1539,7
1540,2
1541,6
1542,1
1543,9
1544,2
1545,4
1546,1
1547,5
1548,3
1549,2
1550,1
1551,1
1552,5
1553,80
1554,1
1555,33
1556,4
1557,4
1558,1
1559,5
1560,1
1561,4
1562,1
1563,11
1564,9
1565,2
1566,3
1567,17
1568,4
1569,28
1570,3
1571,1
1572,1
1573,14
1574,1
1575,1
1576,4
1577,8
1578,1
1579,41
1580,2
1581,2
1582,2
1583,13
1584,1
1585,488
1586,4
1587,1
1588,2
1589,4
1590,11
1591,1
1592,2
1593,2
1594,1
1595,1
1596,2
1597,6
1598,1
1599,7
1600,1
1601,4
1602,1
1603,3
1604,1
1605,2
1606,1
1607,7
1608,1
1609,4
1610,1
1611,9
1612,1
1613,108
1614,2
1615,1
1616,1
1617,2
1618,4
1619,1
1620,4
1621,6
1622,6
1623,19
1624,6
1625,2
1626,1
1627,1
1628,1
1629,2
1630,5
1631,3
1632,1
1633,2
1634,2
1635,1
1636,5
1637,2
1638,1
1639,3
1640,31
1641,8
1642,1
1643,1
1644,3
1645,2
1646,1
1647,5
1648,2
1649,4
1650,2
1651,5
1652,1
1653,6
1654,3
1655,1
1656,1
1657,10
1658,22
1659,167
1660,2
1661,6
1662,2
1663,1
1664,5
1665,2
1666,6
1667,1
1668,6
1669,2
1670,3
1671,69
1672,1
1673,4
1674,1
1675,3
1676,23
1677,6
1678,1
1679,11
1680,5
1681,10
1682,4
1683,5
1684,1
1685,10
1686,1
1687,1
1688,1
1689,230
1690,2
1691,39
1692,4
1693,28
1694,1
1695,1
1696,3
1697,2
1698,1
1699,1
1700,1
1701,430
1702,4
1703,17
1704,1
1705,4
1706,6
1707,13
1708,1
1709,2
1710,2
1711,7
1712,3
1713,184
1714,1
1715,33
1716,1
1717,2
1718,1
1719,1
1720,1
1721,8
1722,7
1723,1
1724,19
1725,4
1726,2
1727,1
1728,10
1729,4
1730,1
1731,1
1732,1
1733,2
1734,2
1735,3
1736,1
1737,2
1738,3
1739,1
1740,5
1741,2
1742,1
1743,3
1744,1
1745,82
1746,2
1747,1
1748,2
1749,2
1750,1
1751,13
1752,2
1753,14
1754,3
1755,1
1756,2
1757,10
1758,1
1759,17
1760,2
1761,6
1762,1
1763,1
1764,5
1765,4
1766,2
1767,7
1768,43
1769,24
1770,1
1771,11
1772,5
1773,4
1774,2
1775,1
1776,1
1777,2
1778,2
1779,13
1780,1
1781,2
1782,1
1783,215
1784,1
1785,38
1786,3
1787,29
1788,1
1789,6
1790,2
1791,3
1792,1
1793,6
1794,3
1795,1
1796,25
1797,4
1798,1
1799,167
1800,2
1801,2
1802,1
1803,1
1804,1
1805,2
1806,1
1807,1
1808,4
1809,8
1810,16
1811,13
1812,2
1813,22
1814,1
1815,1
1816,1
1817,134
1818,1
1819,1
1820,3
1821,14
1822,2
1823,3
1824,1
1825,44
1826,2
1827,NA
1828,6
1829,2
1830,2
1831,5
1832,1
1833,32
1834,2
1835,1
1836,1
1837,6
1838,2
1839,3
1840,1
1841,2
1842,1
1843,19
1844,46
1845,2
1846,1
1847,1
1848,2
1849,4
1850,1
1851,1
1852,17
1853,2
1854,6
1855,1
1856,3
1857,32
1858,2
1859,3
1860,1
1861,4
1862,3
1863,3
1864,1
1865,2
1866,3
1867,13
1868,1
1869,2
1870,1
1871,1
1872,1
1873,2
1874,1
1875,3
1876,2
1877,6
1878,2
1879,29
1880,1
1881,98
1882,2
1883,9
1884,4
1885,56
1886,2
1887,1
1888,3
1889,78
1890,1
1891,79
1892,2
1893,82
1894,1
1895,3
1896,2
1897,22
1898,7
1899,1
1900,8
1901,6
1902,2
1903,1
1904,2
1905,6
1906,1
1907,1
1908,1
1909,2
1910,1
1911,19
1912,4
1913,16
1914,1
1915,3
1916,3
1917,2
1918,1
1919,7
1920,2
1921,2
1922,3
1923,1
1924,2
1925,12
1926,2
1927,13
1928,1
1929,8
1930,4
1931,1
1932,17
1933,2
1934,2
1935,17
1936,4
1937,26
1938,1
1939,1
1940,1
1941,2
1942,1
1943,11
1944,2
1945,2
1946,1
1947,19
1948,1
1949,4
1950,1
1951,1
1952,2
1953,4
1954,1
1955,5
1956,2
1957,2
1958,2
1959,1
1960,1
1961,2
1962,3
1963,1
1964,11
1965,6
1966,3
1967,1
1968,7
1969,4
1970,4
1971,1
1972,1
1973,16
1974,1
1975,1
1976,1
1977,4
1978,1
1979,1
1980,1
1981,2
1982,24
1983,9
1984,1
1985,2
1986,6
1987,1
1988,3
1989,6
1990,1
1991,25
1992,1
1993,20
1994,1
1995,29
1996,5
1997,6
1998,6
1999,885
2000,2
2001,2
2002,2
2003,5
2004,4
2005,6
2006,1
2007,1
2008,5
2009,2
2010,25
2011,1
2012,1
2013,2
2014,1
2015,5
2016,1
2017,2
2018,1
2019,429
2020,2
2021,2
2022,4
2023,1
2024,2
2025,4
2026,1
2027,3
2028,4
2029,2
2030,6
2031,1
2032,2
2033,2
2034,2
2035,1
2036,1
2037,56
2038,4
2039,9
2040,3
2041,2
2042,1
2043,109
2044,1
2045,2
2046,5
2047,3
2048,15
2049,4
2050,8
2051,1
2052,1
2053,80
2054,5
2055,1
2056,1
2057,12
2058,1
2059,1
2060,2
2061,8
2062,1
2063,1
2064,1
2065,4
2066,18
2067,3
2068,4
2069,10
2070,1
2071,5
2072,1
2073,26
2074,2
2075,7
2076,2
2077,2
2078,9
2079,3
2080,2
2081,156
2082,1
2083,3
2084,3
2085,6
2086,2
2087,13
2088,1
2089,2
2090,2
2091,1
2092,1
2093,4
2094,3
2095,13
2096,5
2097,90
2098,2
2099,7
2100,3
2101,8
2102,1
2103,1
2104,3
2105,2
2106,1
2107,1
2108,3
2109,10
2110,2
2111,7
2112,5
2113,14
2114,4
2115,3
2116,1
2117,2
2118,1
2119,5
2120,5
2121,4
2122,3
2123,1
2124,4
2125,24
2126,1
2127,227
2128,2
2129,4
2130,10
2131,3
2132,1
2133,2
2134,3
2135,5
2136,9
2137,4
2138,2
2139,137
2140,2
2141,12
2142,35
2143,1
2144,2
2145,2
2146,1
2147,1
2148,1
2149,12
2150,1
2151,7
2152,2
2153,180
2154,9
2155,1
2156,1
2157,416
2158,1
2159,1
2160,1
2161,24
2162,2
2163,1
2164,5
2165,38
2166,1
2167,1
2168,461
2169,14
2170,4
2171,3
2172,2
2173,2
2174,1
2175,17
2176,1
2177,8
2178,5
2179,11
2180,4
2181,4
2182,2
2183,1
2184,12
2185,12
2186,2
2187,5
2188,3
2189,58
2190,2
2191,1
2192,2
2193,2
2194,1
2195,29
2196,1
2197,8
2198,1
2199,1
2200,12
2201,2
2202,3
2203,3
2204,1
2205,2
2206,1
2207,1
2208,8
2209,18
2210,1
2211,3
2212,1
2213,18
2214,1
2215,49
2216,3
2217,72
2218,2
2219,93
2220,1
2221,2
2222,1
2223,1
2224,5
2225,2
2226,1
2227,1
2228,16
2229,6
2230,4
2231,17
2232,1
2233,6
2234,2
2235,1
2236,5
2237,2
2238,2
2239,1
2240,1
2241,12
2242,5
2243,1
2244,2
2245,6
2246,1
2247,129
2248,1
2249,2
2250,1
2251,1
2252,4
2253,2
2254,1
2255,3
2256,4
2257,58
2258,1
2259,1
2260,2
2261,464
2262,1
2263,NA
2264,1
2265,6
2266,5
2267,3
2268,4
2269,4
2270,2
2271,1
2272,2
2273,2
2274,3
2275,79
2276,1
2277,2
2278,1
2279,1
2280,2
2281,10
2282,1
2283,1
2284,1
2285,10
2286,9
2287,3
2288,1
2289,64
2290,1
2291,1
2292,1
2293,206
2294,2
2295,1
2296,22
2297,2
2298,1
2299,89
2300,1
2301,106
2302,1
2303,7
2304,5
2305,6
2306,1
2307,3
2308,2
2309,56
2310,1
2311,1
2312,8
2313,2
2314,3
2315,3
2316,6
2317,42
2318,2
2319,1
2320,14
2321,6
2322,6
2323,NA
2324,4
2325,2
2326,2
2327,7
2328,2
2329,84
2330,1
2331,1
2332,1
2333,28
2334,6
2335,5
2336,7
2337,102
2338,2
2339,43
2340,2
2341,10
2342,2
2343,1
2344,1
2345,4
2346,2
2347,5
2348,1
2349,2
2350,1
2351,3
2352,1
2353,8
2354,1
2355,23
2356,4
2357,2
2358,2
2359,23
2360,1
2361,2
2362,20
2363,13
2364,1
2365,6
2366,1
2367,15
2368,1
2369,6
2370,41
2371,1
2372,2
2373,4
2374,5
2375,3
2376,2
2377,2
2378,1
2379,1
2380,25
2381,2
2382,1
2383,43
2384,3
2385,4
2386,1
2387,1
2388,8
2389,6
2390,1
2391,263
2392,2
2393,2
2394,1
2395,69
2396,2
2397,2
2398,3
2399,293
2400,4
2401,4
2402,3
2403,NA
2404,1
2405,2
2406,3
2407,1
2408,3
2409,2
2410,1
2411,3
2412,4
2413,2
2414,4
2415,5
2416,1
2417,18
2418,5
2419,1
2420,2
2421,8
2422,3
2423,3
2424,4
2425,2
2426,5
2427,11
2428,13
2429,4
2430,1
2431,1
2432,3
2433,8
2434,48
2435,1
2436,1
2437,2
2438,1
2439,79
2440,2
2441,54
2442,1
2443,5
2444,3
2445,NA
2446,1
2447,1
2448,1
2449,2
2450,3
2451,9
2452,1
2453,2
2454,9
2455,1
2456,3
2457,12
2458,1
2459,1
2460,1
2461,NA
2462,1
2463,17
2464,3
2465,4
2466,3
2467,1
2468,1
2469,8
2470,2
2471,NA
2472,10
2473,8
2474,2
2475,3
2476,5
2477,4
2478,1
2479,1
2480,1
2481,4
2482,23
2483,3
2484,1
2485,6
2486,4
2487,17
2488,1
2489,2
2490,4
2491,7
2492,2
2493,2
2494,8
2495,1
2496,1
2497,2
2498,6
2499,1
2500,1
2501,2
2502,5
2503,1
2504,1
2505,8
2506,1
2507,1
2508,2
2509,4
2510,5
2511,9
2512,10
2513,2
2514,2
2515,5
2516,2
2517,2
2518,2
2519,1
2520,3
2521,296
2522,1
2523,5
2524,1
2525,6
2526,1
2527,3
2528,15
2529,56
2530,1
2531,NA
2532,5
2533,2
2534,1
2535,1
2536,2
2537,76
2538,10
2539,9
2540,1
2541,8
2542,3
2543,1
2544,5
2545,28
2546,16
2547,1
2548,10
2549,2
2550,20
2551,41
2552,1
2553,30
2554,5
2555,1
2556,11
2557,268
2558,1
2559,13
2560,2
2561,46
2562,1
2563,997
2564,1
2565,34
2566,2
2567,5
2568,1
2569,4
2570,2
2571,3
2572,2
2573,2
2574,1
2575,3
2576,43
2577,8
2578,1
2579,3
2580,24
2581,12
2582,4
2583,1
2584,14
2585,8
2586,1
2587,1
2588,1
2589,2
2590,1
2591,1
2592,3
2593,4
2594,2
2595,1
2596,1
2597,4
2598,1
2599,5
2600,3
2601,14
2602,7
2603,1
2604,8
2605,8
2606,4
2607,1
2608,2
2609,4
2610,7
2611,1
2612,1
2613,72
2614,2
2615,3
2616,1
2617,286
2618,3
2619,3
2620,1
2621,4
2622,4
2623,3
2624,1
2625,2
2626,8
2627,3
2628,2
2629,4
2630,1
2631,1
2632,4
2633,2
2634,1
2635,1
2636,1
2637,2
2638,1
2639,1
2640,3
2641,2
2642,1
2643,7
2644,3
2645,2
2646,2
2647,1
2648,2
2649,2
2650,2
2651,5
2652,1
2653,14
2654,3
2655,1
2656,1
2657,4
2658,2
2659,5
2660,1
2661,2
2662,3
2663,1
2664,3
2665,24
2666,3
2667,9
2668,5
2669,8
2670,2
2671,11
2672,2
2673,104
2674,1
2675,1
2676,3
2677,18
2678,2
2679,5
2680,1
2681,20
2682,1
2683,1
2684,2
2685,20
2686,4
2687,1
2688,2
2689,2
2690,1
2691,1
2692,4
2693,358
2694,94
2695,11
2696,4
2697,6
2698,1
2699,7
2700,6
2701,6
2702,1
2703,23
2704,2
2705,12
2706,1
2707,153
2708,3
2709,2
2710,2
2711,1
2712,5
2713,316
2714,2
2715,1
2716,2
2717,2
2718,1
2719,1
2720,1
2721,14
2722,3
2723,165
2724,8
2725,2
2726,7
2727,7
2728,4
2729,14
2730,3
2731,1
2732,2
2733,116
2734,1
2735,23
2736,2
2737,8
2738,2
2739,1
2740,2
2741,4
2742,1
2743,1
2744,1
2745,2
2746,18
2747,5
2748,1
2749,4
2750,8
2751,7
2752,1
2753,2
2754,4
2755,1
2756,1
2757,10
2758,4
2759,1
2760,3
2761,12
2762,2
2763,5
2764,1
2765,6
2766,1
2767,1
2768,1
2769,4
2770,17
2771,1
2772,3
2773,2
2774,1
2775,53
2776,1
2777,2
2778,1
2779,7
2780,3
2781,2
2782,3
2783,1
2784,1
2785,28
2786,5
2787,1
2788,2
2789,2
2790,1
2791,3
2792,3
2793,2
2794,1
2795,1
2796,1
2797,14
2798,5
2799,1
2800,4
2801,10
2802,2
2803,1
2804,1
2805,10
2806,3
2807,5
2808,4
2809,4
2810,2
2811,9
2812,1
2813,NA
2814,2
2815,3
2816,12
2817,36
2818,3
2819,1
2820,1
2821,2
2822,1
2823,7
2824,3
2825,8
2826,1
2827,5
2828,2
2829,20
2830,1
2831,15
2832,2
2833,2
2834,1
2835,189
2836,3
2837,16
2838,1
2839,75
2840,6
2841,2
2842,2
2843,1
2844,14
2845,2
2846,15
2847,17
2848,8
2849,2
2850,1
2851,1
2852,2
2853,8
2854,2
2855,481
2856,1
2857,2
2858,2
2859,3
2860,1
2861,8
2862,1
2863,5
2864,1
2865,72
2866,39
2867,1
2868,13
2869,148
2870,1
2871,9
2872,5
2873,8
2874,7
2875,1
2876,1
2877,22
2878,2
2879,19
2880,1
2881,2
2882,3
2883,1
2884,1
2885,4
2886,1
2887,5
2888,1
2889,6
2890,2
2891,1
2892,2
2893,2
2894,1
2895,1
2896,1
2897,2
2898,17
2899,5
2900,3
2901,4
2902,6
2903,1
2904,3
2905,4
2906,1
2907,1
2908,2
2909,2
2910,1
2911,1
2912,3
2913,16
2914,1
2915,1
2916,6
2917,8
2918,4
2919,1
2920,1
2921,6
2922,2
2923,9
2924,3
2925,8
2926,1
2927,3
2928,16
2929,6
2930,1
2931,5
2932,12
2933,6
2934,7
2935,1
2936,1
2937,2
2938,1
2939,15
2940,1
2941,4
2942,1
2943,1
2944,2
2945,134
2946,2
2947,317
2948,1
2949,16
2950,11
2951,1
2952,1
2953,2
2954,4
2955,463
2956,5
2957,20
2958,1
2959,1
2960,1
2961,4
2962,3
2963,13
2964,2
2965,2
2966,1
2967,3
2968,2
2969,142
2970,3
2971,1
2972,4
2973,14
2974,1
2975,5
2976,1
2977,30
2978,2
2979,1
2980,1
2981,18
2982,2
2983,11
2984,2
2985,2
2986,2
2987,5
2988,2
2989,2
2990,1
2991,1
2992,2
2993,222
2994,5
2995,1
2996,4
2997,32
2998,1
2999,3
3000,3
3001,44
3002,2
3003,11
3004,1
3005,8
3006,3
3007,5
3008,1
3009,4
3010,5
3011,389
3012,1
3013,376
3014,5
3015,1
3016,3
3017,2
3018,2
3019,1
3020,2
3021,2
3022,2
3023,21
3024,1
3025,6
3026,3
3027,153
3028,4
3029,10
3030,16
3031,7
3032,1
3033,164
3034,6
3035,11
3036,1
3037,2
3038,3
3039,61
3040,4
3041,4
3042,1
3043,3
3044,2
3045,8
3046,1
3047,1
3048,3
3049,58
3050,1
3051,9
3052,3
3053,6
3054,2
3055,75
3056,1
3057,2
3058,1
3059,1
3060,4
3061,2
3062,2
3063,1
3064,21
3065,6
3066,2
3067,1
3068,1
3069,2
3070,1
3071,3
3072,3
3073,88
3074,2
3075,1
3076,1
3077,48
3078,1
3079,1
3080,3
3081,4
3082,10
3083,31
3084,1
3085,2
3086,5
3087,3
3088,10
3089,2
3090,1
3091,17
3092,1
3093,28
3094,1
3095,7
3096,1
3097,4
3098,1
3099,35
3100,2
3101,8
3102,2
3103,3
3104,3
3105,2
3106,1
3107,1
3108,7
3109,10
3110,3
3111,1
3112,1
3113,2
3114,1
3115,5
3116,3
3117,2
3118,1
3119,15
3120,11
3121,2
3122,1
3123,13
3124,1
3125,2
3126,4
3127,69
3128,1
3129,112
3130,2
3131,5
3132,23
3133,2
3134,4
3135,1
3136,1
3137,10
3138,2
3139,311
3140,4
3141,26
3142,1
3143,7
3144,1
3145,2
3146,5
3147,1
3148,1
3149,6
3150,1
3151,1
3152,2
3153,20
3154,2
3155,1
3156,1
3157,20
3158,37
3159,3
3160,2
3161,4
3162,1
3163,1
3164,8
3165,692
3166,1
3167,1
3168,1
3169,4
3170,1
3171,7
3172,1
3173,490
3174,2
3175,1
3176,2
3177,2
3178,12
3179,359
3180,1
3181,8
3182,10
3183,1
3184,1
3185,2
3186,1
3187,3
3188,5
3189,24
3190,2
3191,3
3192,1
3193,8
3194,1
3195,53
3196,2
3197,2
3198,2
3199,1
3200,4
3201,4
3202,3
3203,1
3204,2
3205,6
3206,1
3207,5
3208,1
3209,2
3210,3
3211,1
3212,1
3213,2
3214,21
3215,1
3216,2
3217,24
3218,1
3219,1
3220,49
3221,2
3222,42
3223,11
3224,4
3225,8
3226,4
3227,1
3228,2
3229,42
3230,2
3231,23
3232,1
3233,4
3234,3
3235,9
3236,1
3237,4
3238,1
3239,3
3240,6
3241,10
3242,2
3243,27
3244,1
3245,2
3246,3
3247,5
3248,5
3249,2
3250,1
3251,9
3252,1
3253,10
3254,2
3255,1
3256,2
3257,8
3258,1
3259,1
3260,11
3261,12
3262,5
3263,1
3264,2
3265,2
3266,1
3267,3
3268,3
3269,4
3270,2
3271,1
3272,1
3273,4
3274,7
3275,19
3276,3
3277,276
3278,1
3279,1
3280,1
3281,6
3282,3
3283,1
3284,1
3285,1128
3286,2
3287,7
3288,7
3289,2
3290,13
3291,1
3292,3
3293,2
3294,1
3295,11
3296,2
3297,12
3298,5
3299,7
3300,3
3301,42
3302,1
3303,1
3304,2
3305,4
3306,2
3307,3
3308,2
3309,2
3310,78
3311,5
3312,1
3313,10
3314,1
3315,13
3316,1
3317,2
3318,3
3319,3
3320,1
3321,2
3322,1
3323,1
3324,4
3325,2
3326,1
3327,1
3328,1
3329,10
3330,25
3331,71
3332,2
3333,6
3334,2
3335,1
3336,148
3337,2
3338,9
3339,265
3340,1
3341,4
3342,1
3343,1
3344,4
3345,2
3346,3
3347,NA
3348,1
3349,6
3350,2
3351,3
3352,42
3353,8
3354,1
3355,1
3356,1
3357,6
3358,2
3359,3
3360,6
3361,6
3362,80
3363,3
3364,1
3365,12
3366,1
3367,1
3368,10
3369,2
3370,1
3371,39
3372,1
3373,16
3374,4
3375,NA
3376,11
3377,2
3378,1
3379,1
3380,1
3381,2
3382,2
3383,1
3384,5
3385,4
3386,10
3387,17
3388,1
3389,74
3390,6
3391,3
3392,2
3393,2
3394,16
3395,1
3396,3
3397,2
3398,1
3399,5
3400,1
3401,6
3402,1
3403,1
3404,1
3405,4
3406,6
3407,5
3408,7
3409,16
3410,1
3411,1
3412,4
3413,2
3414,6
3415,1
3416,1
3417,6
3418,9
3419,1
3420,11
3421,6
3422,1
3423,1
3424,1
3425,10
3426,5
3427,1
3428,1
3429,2
3430,27
3431,1
3432,1
3433,12
3434,1
3435,1
3436,22
3437,10
3438,6
3439,1
3440,2
3441,8
3442,1
3443,7
3444,2
3445,46
3446,1
3447,3
3448,1
3449,10
3450,1
3451,3
3452,16
3453,26
3454,2
3455,1
3456,9
3457,8
3458,1
3459,1
3460,10
3461,6
3462,2
3463,11
3464,7
3465,14
3466,1
3467,1
3468,1
3469,2
3470,1
3471,1
3472,1
3473,4
3474,3
3475,3
3476,4
3477,2
3478,3
3479,479
3480,1
3481,2
3482,6
3483,5
3484,3
3485,2
3486,1
3487,1
3488,1
3489,8
3490,47
3491,1
3492,7
3493,2
3494,2
3495,3
3496,6
3497,2
3498,2
3499,9
3500,1
3501,2
3502,38
3503,3
3504,1
3505,8
3506,3
3507,5
3508,3
3509,4
3510,3
3511,11
3512,2
3513,4
3514,1
3515,7
3516,33
3517,48
3518,19
3519,1
3520,2
3521,4
3522,16
3523,1
3524,1
3525,2
3526,11
3527,1
3528,60
3529,2
3530,1
3531,13
3532,1
3533,6
3534,1
3535,1
3536,2
3537,10
3538,6
3539,3
3540,1
3541,2
3542,2
3543,1
3544,1
3545,2
3546,2
3547,15
3548,1
3549,2
3550,2
3551,1
3552,1
3553,24
3554,2
3555,3
3556,22
3557,4
3558,3
3559,1
3560,1
3561,4
3562,2
3563,1
3564,8
3565,4
3566,8
3567,43
3568,6
3569,114
3570,1
3571,1
3572,9
3573,6
3574,1
3575,1
3576,9
3577,6
3578,4
3579,3
3580,2
3581,2
3582,1
3583,19
3584,3
3585,14
3586,1
3587,1
3588,5
3589,28
3590,10
3591,5
3592,1
3593,2
3594,2
3595,9
3596,2
3597,2
3598,3
3599,1
3600,1
3601,10
3602,4
3603,7
3604,1
3605,14
3606,1
3607,33
3608,1
3609,2
3610,1
3611,5
3612,1
3613,6
3614,4
3615,7
3616,2
3617,40
3618,1
3619,1
3620,2
3621,8
3622,1
3623,45
3624,1
3625,NA
3626,2
3627,3
3628,1
3629,2
3630,15
3631,3
3632,3
3633,2
3634,2
3635,5
3636,1
3637,2
3638,13
3639,7
3640,1
3641,14
3642,1
3643,3
3644,9
3645,2
3646,2
3647,131
3648,1
3649,2
3650,1
3651,3
3652,7
3653,6
3654,4
3655,11
3656,5
3657,516
3658,2
3659,11
3660,2
3661,12
3662,9
3663,155
3664,2
3665,4
3666,4
3667,1
3668,1
3669,32
3670,1
3671,23
3672,2
3673,8
3674,1
3675,27
3676,3
3677,8
3678,1
3679,51
3680,1
3681,2
3682,4
3683,3
3684,2
3685,8
3686,1
3687,1
3688,2
3689,2
3690,1
3691,177
3692,1
3693,4
3694,1
3695,377
3696,1
3697,20
3698,3
3699,1
3700,1
3701,14
3702,1
3703,1
3704,10
3705,10
3706,13
3707,1
3708,1
3709,36
3710,5
3711,17
3712,1
3713,4
3714,1
3715,3
3716,1
3717,4
3718,4
3719,1
3720,24
3721,160
3722,2
3723,1
3724,6
3725,6
3726,2
3727,1
3728,1
3729,2
3730,1
3731,1
3732,3
3733,34
3734,4
3735,15
3736,1
3737,28
3738,4
3739,9
3740,1
3741,14
3742,1
3743,5
3744,3
3745,2
3746,4
3747,3
3748,2
3749,14
3750,3
3751,1
3752,2
3753,4
3754,1
3755,1
3756,5
3757,6
3758,1
3759,705
3760,1
3761,12
3762,1
3763,3
3764,3
3765,2
3766,11
3767,113
3768,7
3769,6
3770,2
3771,1
3772,4
3773,4
3774,1
3775,3
3776,2
3777,2
3778,1
3779,1
3780,1
3781,2
3782,1
3783,7
3784,2
3785,2
3786,5
3787,1
3788,1
3789,20
3790,2
3791,1
3792,5
3793,10
3794,1
3795,1
3796,1
3797,NA
3798,8
3799,1
3800,3
3801,4
3802,5
3803,3
3804,2
3805,4
3806,2
3807,1
3808,3
3809,8
3810,37
3811,841
3812,44
3813,12
3814,4
3815,3
3816,1
3817,2
3818,1
3819,1
3820,1
3821,2
3822,1
3823,5
3824,3
3825,4
3826,13
3827,1
3828,7
3829,36
3830,8
3831,3
3832,4
3833,2
3834,2
3835,5
3836,5
3837,2
3838,1
3839,1
3840,1
3841,6
3842,1
3843,9
3844,2
3845,84
3846,6
3847,3
3848,2
3849,26
3850,1
3851,3
3852,1
3853,14
3854,2
3855,191
3856,1
3857,8
3858,2
3859,13
3860,1
3861,2
3862,2
3863,1
3864,3
3865,2
3866,1
3867,15
3868,2
3869,2
3870,1
3871,1
3872,5
3873,14
3874,1
3875,1
3876,10
3877,226
3878,1
3879,3
3880,3
3881,4
3882,1
3883,1
3884,4
3885,24
3886,2
3887,1
3888,1
3889,26
3890,3
3891,153
3892,2
3893,6
3894,1
3895,5
3896,1
3897,52
3898,1
3899,1
3900,4
3901,16
3902,4
3903,37
3904,11
3905,8
3906,2
3907,1
3908,5
3909,2
3910,6
3911,1
3912,2
3913,10
3914,1
3915,1
3916,1
3917,14
3918,1
3919,43
3920,3
3921,2
3922,1
3923,1
3924,13
3925,2
3926,3
3927,1
3928,1
3929,4
3930,2
3931,1
3932,3
3933,14
3934,1
3935,NA
3936,6
3937,26
3938,3
3939,69
3940,1
3941,2
3942,8
3943,1
3944,2
3945,8
3946,3
3947,1
3948,1
3949,4
3950,2
3951,1
3952,1
3953,2
3954,3
3955,1
3956,1
3957,18
3958,2
3959,NA
3960,2
3961,2
3962,3
3963,1
3964,3
3965,4
3966,2
3967,1
3968,4
3969,44
3970,3
3971,9
3972,1
3973,16
3974,1
3975,1
3976,6
3977,4
3978,1
3979,3
3980,4
3981,6
3982,12
3983,1
3984,3
3985,2
3986,1
3987,5
3988,2
3989,2
3990,2
3991,3
3992,3
3993,4
3994,6
3995,3
3996,1
3997,2
3998,1
3999,7
4000,2
4001,2
4002,3
4003,1
4004,4
4005,2
4006,1
4007,7
4008,5
4009,2
4010,4
4011,25
4012,12
4013,6
4014,2
4015,1
4016,4
4017,16
4018,1
4019,19
4020,4
4021,2
4022,1
4023,35
4024,1
4025,2
4026,4
4027,1
4028,4
4029,28
4030,2
4031,3
4032,10
4033,412
4034,2
4035,3
4036,2
4037,36
4038,2
4039,1
4040,1
4041,14
4042,1
4043,1
4044,1
4045,NA
4046,5
4047,43
4048,20
4049,2
4050,3
4051,5
4052,5
4053,6
4054,1
4055,3
4056,10
4057,4
4058,7
4059,1
4060,1
4061,36
4062,4
4063,5
4064,1
4065,12
4066,1
4067,3
4068,2
4069,228
4070,1
4071,3
4072,3
4073,30
4074,2
4075,7
4076,1
4077,2
4078,4
4079,1
4080,2
4081,2
4082,1
4083,3
4084,1
4085,4
4086,1
4087,15
4088,6
4089,2
4090,7
4091,3
4092,1
4093,2
4094,3
4095,1
4096,1
4097,2
4098,1
4099,3
4100,4
4101,8
4102,3
4103,1
4104,1
4105,16
4106,2
4107,1
4108,1
4109,2
4110,1
4111,3
4112,1
4113,2
4114,3
4115,1
4116,4
4117,8
4118,5
4119,1
4120,2
4121,2
4122,15
4123,231
4124,1
4125,18
4126,2
4127,3
4128,18
4129,2
4130,2
4131,1
4132,1
4133,2
4134,1
4135,1
4136,1
4137,8
4138,1
4139,11
4140,4
4141,4
4142,1
4143,3
4144,9
4145,10
4146,1
4147,3
4148,2
4149,10
4150,1
4151,13
4152,3
4153,2
4154,1
4155,9
4156,4
4157,2
4158,3
4159,1
4160,1
4161,2
4162,2
4163,1
4164,1
4165,20
4166,2
4167,1
4168,2
4169,NA
4170,2
4171,9
4172,1
4173,4
4174,8
4175,7
4176,3
4177,10
4178,2
4179,107
4180,1
4181,6
4182,1
4183,3
4184,1
4185,6
4186,1
4187,3
4188,2
4189,8
4190,1
4191,51
4192,3
4193,4
4194,2
4195,9
4196,3
4197,2
4198,1
4199,3
4200,3
4201,6
4202,1
4203,37
4204,8
4205,6
4206,1
4207,17
4208,2
4209,2
4210,9
4211,1
4212,11
4213,2
4214,1
4215,11
4216,1
4217,2
4218,2
4219,1
4220,1
4221,8
4222,1
4223,3
4224,1
4225,6
4226,1
4227,35
4228,1
4229,2
4230,7
4231,15
4232,3
4233,4
4234,2
4235,17
4236,1
4237,6
4238,2
4239,1
4240,1
4241,4
4242,2
4243,5
4244,4
4245,8
4246,1
4247,3
4248,1
4249,12
4250,13
4251,1
4252,1
4253,10
4254,7
4255,19
4256,1
4257,2
4258,2
4259,5
4260,1
4261,16
4262,1
4263,1
4264,7
4265,2
4266,6
4267,1
4268,17
4269,8
4270,4
4271,5
4272,1
4273,2
4274,4
4275,1
4276,2
4277,6
4278,1
4279,21
4280,3
4281,8
4282,1
4283,3
4284,2
4285,24
4286,2
4287,3
4288,4
4289,2
4290,3
4291,1
4292,1
4293,6
4294,3
4295,1
4296,5
4297,10
4298,5
4299,9
4300,2
4301,2
4302,2
4303,3
4304,9
4305,20
4306,1
4307,1
4308,1
4309,2
4310,3
4311,83
4312,2
4313,4
4314,3
4315,1
4316,5
4317,4
4318,2
4319,333
4320,2
4321,4
4322,19
4323,1
4324,2
4325,14
4326,1
4327,5
4328,1
4329,2
4330,1
4331,109
4332,1
4333,2
4334,1
4335,3
4336,23
4337,4
4338,1
4339,1
4340,1
4341,28
4342,2
4343,1
4344,3
4345,6
4346,5
4347,1
4348,4
4349,2
4350,4
4351,1
4352,2
4353,2
4354,2
4355,NA
4356,3
4357,4
4358,1
4359,1
4360,1
4361,440
4362,2
4363,35
4364,5
4365,4
4366,2
4367,1
4368,1
4369,4
4370,1
4371,1
4372,1
4373,4
4374,2
4375,5
4376,28
4377,2
4378,3
4379,1
4380,1
4381,34
4382,1
4383,39
4384,1
4385,2
4386,2
4387,125
4388,1
4389,6
4390,1
4391,1
4392,1
4393,2
4394,2
4395,445
4396,3
4397,4
4398,8
4399,1
4400,2
4401,2
4402,1
4403,1
4404,6
4405,2
4406,39
4407,1
4408,4
4409,4
4410,24
4411,1
4412,2
4413,28
4414,3
4415,1
4416,1
4417,2
4418,1
4419,5
4420,1
4421,8
4422,8
4423,19
4424,1
4425,2
4426,5
4427,1
4428,2
4429,16
4430,7
4431,7
4432,2
4433,4
4434,2
4435,13
4436,1
4437,8
4438,1
4439,5
4440,1
4441,8
4442,2
4443,283
4444,3
4445,4
4446,3
4447,1
4448,1
4449,24
4450,1
4451,7
4452,4
4453,26
4454,2
4455,1
4456,1
4457,8
4458,46
4459,11
4460,4
4461,2
4462,1
4463,47
4464,2
4465,6
4466,12
4467,1
4468,1
4469,12
4470,2
4471,1
4472,2
4473,2
4474,2
4475,1
4476,1
4477,2
4478,4
4479,1
4480,2
4481,38
4482,1
4483,1
4484,1
4485,2
4486,1
4487,13
4488,3
4489,8
4490,13
4491,39
4492,3
4493,4
4494,1
4495,1
4496,2
4497,4
4498,3
4499,3
4500,1
4501,4
4502,1
4503,1
4504,2
4505,162
4506,2
4507,3
4508,2
4509,4
4510,1
4511,3
4512,8
4513,2
4514,28
4515,1
4516,1
4517,6
4518,13
4519,1
4520,1
4521,4
4522,4
4523,1
4524,8
4525,2
4526,1
4527,59
4528,2
4529,2
4530,2
4531,37
4532,2
4533,2
4534,29
4535,7
4536,1
4537,40
4538,1
4539,3
4540,22
4541,66
4542,1
4543,3
4544,1
4545,10
4546,3
4547,9
4548,2
4549,14
4550,2
4551,15
4552,1
4553,156
4554,1
4555,49
4556,114
4557,2
4558,1
4559,3
4560,4
4561,8
4562,7
4563,1
4564,4
4565,24
4566,1
4567,1
4568,1
4569,2
4570,2
4571,1
4572,1
4573,22
4574,1
4575,1
4576,2
4577,8
4578,13
4579,3
4580,6
4581,10
4582,2
4583,5
4584,14
4585,2
4586,1
4587,1
4588,1
4589,6
4590,2
4591,1
4592,1
4593,2
4594,6
4595,323
4596,2
4597,4
4598,2
4599,3
4600,1
4601,2
4602,1
4603,9
4604,1
4605,12
4606,2
4607,3
4608,3
4609,26
4610,1
4611,1
4612,1
4613,54
4614,4
4615,1
4616,2
4617,2
4618,12
4619,3
4620,3
4621,2
4622,5
4623,1
4624,5
4625,2
4626,2
4627,1
4628,72
4629,2
4630,7
4631,95
4632,1
4633,8
4634,8
4635,1
4636,4
4637,4
4638,3
4639,5
4640,2
4641,2
4642,2
4643,11
4644,1
4645,6
4646,1
4647,5
4648,2
4649,8
4650,23
4651,1
4652,2
4653,2
4654,1
4655,1
4656,4
4657,6
4658,2
4659,11
4660,21
4661,14
4662,1
4663,3
4664,14
4665,NA
4666,1
4667,3
4668,4
4669,6
4670,1
4671,35
4672,4
4673,2
4674,1
4675,1
4676,1
4677,26
4678,2
4679,13
4680,1
4681,64
4682,22
4683,7
4684,7
4685,2
4686,3
4687,1
4688,1
4689,4
4690,1
4691,5
4692,1
4693,8
4694,5
4695,3
4696,12
4697,2
4698,2
4699,3
4700,1
4701,2
4702,2
4703,1
4704,13
4705,2
4706,5
4707,13
4708,1
4709,48
4710,1
4711,3
4712,2
4713,4
4714,7
4715,1
4716,2
4717,26
4718,4
4719,1
4720,2
4721,480
4722,4
4723,1
4724,8
4725,4
4726,1
4727,5
4728,1
4729,4
4730,1
4731,89
4732,1
4733,NA
4734,1
4735,7
4736,2
4737,16
4738,2
4739,1
4740,12
4741,2
4742,4
4743,1
4744,1
4745,2
4746,1
4747,1
4748,17
4749,14
4750,2
4751,7
4752,3
4753,6
4754,3
4755,3
4756,1
4757,16
4758,16
4759,1
4760,108
4761,10
4762,2
4763,17
4764,3
4765,4
4766,5
4767,1
4768,2
4769,2
4770,1
4771,3
4772,3
4773,4
4774,4
4775,9
4776,89
4777,2
4778,1
4779,11
4780,1
4781,22
4782,4
4783,9
4784,1
4785,14
4786,8
4787,1129
4788,1
4789,2
4790,2
4791,1
4792,1
4793,42
4794,1
4795,1
4796,1
4797,2
4798,1
4799,1
4800,5
4801,6
4802,1
4803,3
4804,2
4805,30
4806,1
4807,7
4808,1
4809,6
4810,4
4811,1
4812,9
4813,60
4814,1
4815,5
4816,2
4817,4
4818,1
4819,17
4820,10
4821,6
4822,1
4823,87
4824,4
4825,20
4826,4
4827,3
4828,1
4829,6
4830,3
4831,491
4832,1
4833,2
4834,7
4835,1
4836,2
4837,10
4838,7
4839,1
4840,25
4841,2
4842,4
4843,1
4844,1
4845,2
4846,5
4847,1
4848,7
4849,4
4850,2
4851,1
4852,4
4853,8
4854,2
4855,3
4856,2
4857,2
4858,1
4859,3
4860,1
4861,2
4862,1
4863,1
4864,6
4865,4
4866,13
4867,3
4868,12
4869,2
4870,2
4871,3
4872,2
4873,2
4874,8
4875,1
4876,1
4877,10
4878,1
4879,5
4880,6
4881,4
4882,2
4883,17
4884,4
4885,2
4886,1
4887,1
4888,3
4889,4
4890,1
4891,1
4892,2
4893,6
4894,4
4895,1
4896,10
4897,6
4898,1
4899,33
4900,14
4901,2
4902,2
4903,85
4904,1
4905,2
4906,1
4907,5
4908,3
4909,2
4910,1
4911,1
4912,1
4913,10
4914,2
4915,5
4916,2
4917,128
4918,1
4919,3
4920,2
4921,4
4922,4
4923,1
4924,12
4925,10
4926,15
4927,1
4928,2
4929,38
4930,1
4931,9
4932,17
4933,12
4934,5
4935,1
4936,18
4937,34
4938,1
4939,3
4940,1
4941,16
4942,1
4943,3
4944,1
4945,2
4946,5
4947,23
4948,8
4949,2
4950,2
4951,7
4952,3
4953,4
4954,1
4955,1
4956,6
4957,2
4958,2
4959,7
4960,2
4961,2
4962,5
4963,1
4964,4
4965,2
4966,5
4967,1
4968,1
4969,94
4970,1
4971,27
4972,16
4973,8
4974,1
4975,1
4976,1
4977,2
4978,2
4979,13
4980,2
4981,4
4982,1
4983,931
4984,1
4985,20
4986,11
4987,139
4988,1
4989,4
4990,8
4991,3
4992,9
4993,2
4994,2
4995,1
4996,1
4997,2
4998,2
4999,1
5000,2
5001,2
5002,3
5003,7
5004,1
5005,28
5006,2
5007,45
5008,4
5009,8
5010,7
5011,17
5012,1
5013,68
5014,1
5015,3
5016,2
5017,4
5018,1
5019,1
5020,2
5021,36
5022,2
5023,23
5024,4
5025,36
5026,1
5027,15
5028,3
5029,4
5030,2
5031,3
5032,2
5033,2
5034,1
5035,7
5036,1
5037,8
5038,1
5039,1
5040,3
5041,216
5042,3
5043,11
5044,4
5045,20
5046,9
5047,1
5048,1
5049,44
5050,11
5051,5
5052,1
5053,20
5054,3
5055,5
5056,3
5057,2
5058,8
5059,11
5060,4
5061,22
5062,1
5063,123
5064,4
5065,2
5066,1
5067,13
5068,3
5069,10
5070,4
5071,5
5072,1
5073,526
5074,7
5075,3
5076,7
5077,2
5078,8
5079,3
5080,6
5081,4
5082,1
5083,3
5084,1
5085,2
5086,3
5087,1
5088,1
5089,90
5090,3
5091,1
5092,4
5093,2
5094,7
5095,5
5096,1
5097,14
5098,1
5099,9
5100,6
5101,2
5102,2
5103,1
5104,1
5105,4
5106,5
5107,1
5108,18
5109,4
5110,1
5111,1
5112,8
5113,2
5114,2
5115,NA
5116,2
5117,8
5118,1
5119,1
5120,1
5121,6
5122,1
5123,5
5124,4
5125,236
5126,3
5127,1
5128,9
5129,4
5130,1
5131,11
5132,9
5133,2
5134,2
5135,3
5136,1
5137,2
5138,3
5139,1
5140,1
5141,2
5142,14
5143,125
5144,2
5145,NA
5146,1
5147,1
5148,2
5149,2
5150,4
5151,1
5152,2
5153,2
5154,10
5155,3
5156,5
5157,2
5158,4
5159,1
5160,2
5161,30
5162,1
5163,1
5164,3
5165,2
5166,1
5167,15
5168,1
5169,NA
5170,1
5171,1
5172,1
5173,328
5174,1
5175,11
5176,1
5177,8
5178,2
5179,19
5180,4
5181,26
5182,1
5183,1
5184,1
5185,10
5186,1
5187,1
5188,10
5189,28
5190,3
5191,1
5192,5
5193,2
5194,3
5195,145
5196,13
5197,2
5198,37
5199,1
5200,15
5201,2
5202,1
5203,1
5204,3
5205,10
5206,51
5207,3
5208,1
5209,12
5210,3
5211,139
5212,5
5213,2
5214,1
5215,1
5216,1
5217,6
5218,3
5219,45
5220,1
5221,6
5222,2
5223,123
5224,3
5225,2
5226,4
5227,3
5228,2
5229,20
5230,15
5231,1
5232,2
5233,108
5234,1
5235,559
5236,1
5237,2
5238,1
5239,1
5240,12
5241,10
5242,5
5243,1
5244,2
5245,6
5246,1
5247,5
5248,1
5249,178
5250,4
5251,1
5252,1
5253,2
5254,11
5255,397
5256,2
5257,8
5258,8
5259,1
5260,1
5261,2
5262,2
5263,1
5264,5
5265,6
5266,10
5267,1
5268,4
5269,2
5270,6
5271,9
5272,10
5273,2
5274,1
5275,1
5276,6
5277,2
5278,2
5279,3
5280,1
5281,8
5282,1
5283,1
5284,2
5285,2
5286,11
5287,33
5288,2
5289,54
5290,7
5291,1
5292,2
5293,4
5294,1
5295,3
5296,2
5297,10
5298,1
5299,7
5300,7
5301,2
5302,1
5303,3
5304,1
5305,2
5306,3
5307,3
5308,1
5309,2
5310,2
5311,35
5312,1
5313,12
5314,6
5315,1
5316,3
5317,2
5318,3
5319,31
5320,1
5321,2
5322,2
5323,9
5324,1
5325,6
5326,15
5327,1
5328,21
5329,2
5330,21
5331,1
5332,9
5333,6
5334,43
5335,1
5336,6
5337,6
5338,1
5339,17
5340,1
5341,12
5342,3
5343,43
5344,4
5345,2
5346,1
5347,3
5348,1
5349,2
5350,1
5351,9
5352,4
5353,22
5354,2
5355,1
5356,1
5357,12
5358,8
5359,1
5360,3
5361,10
5362,3
5363,41
5364,92
5365,2
5366,1
5367,1
5368,1
5369,2
5370,9
5371,1
5372,7
5373,6
5374,1
5375,5
5376,3
5377,6
5378,1
5379,1
5380,1
5381,20
5382,2
5383,3
5384,1
5385,4
5386,10
5387,119
5388,2
5389,8
5390,8
5391,1
5392,3
5393,8
5394,1
5395,3
5396,7
5397,2
5398,5
5399,1
5400,1
5401,24
5402,1
5403,21
5404,5
5405,4
5406,2
5407,325
5408,3
5409,352
5410,1
5411,1
5412,1
5413,10
5414,3
5415,35
5416,2
5417,260
5418,21
5419,3
5420,2
5421,10
5422,1
5423,81
5424,9
5425,8
5426,4
5427,9
5428,1
5429,2
5430,2
5431,9
5432,5
5433,2
5434,2
5435,1
5436,19
5437,6
5438,6
5439,3
5440,5
5441,2
5442,4
5443,1
5444,6
5445,2
5446,3
5447,1
5448,3
5449,2
5450,3
5451,1
5452,7
5453,2
5454,2
5455,9
5456,3
5457,84
5458,3
5459,1
5460,1
5461,4
5462,1
5463,1
5464,2
5465,8
5466,24
5467,3
5468,1
5469,4
5470,1
5471,3
5472,2
5473,2
5474,3
5475,7
5476,1
5477,8
5478,1
5479,3
5480,1
5481,32
5482,1
5483,5
5484,1
5485,32
5486,2
5487,1
5488,4
5489,12
5490,1
5491,1
5492,2
5493,2
5494,13
5495,1
5496,6
5497,2
5498,1
5499,1
5500,2
5501,16
5502,1
5503,5
5504,1
5505,2
5506,1
5507,373
5508,2
5509,2
5510,1
5511,1
5512,3
5513,14
5514,3
5515,3
5516,8
5517,2
5518,2
5519,3
5520,2
5521,2
5522,1
5523,79
5524,4
5525,4
5526,1
5527,1
5528,10
5529,1446
5530,7
5531,7
5532,1
5533,8
5534,7
5535,1
5536,1
5537,10
5538,1
5539,1
5540,1
5541,180
5542,8
5543,1
5544,2
5545,8
5546,4
5547,1
5548,1
5549,8
5550,2
5551,47
5552,2
5553,6
5554,1
5555,3
5556,1
5557,14
5558,2
5559,113
5560,1
5561,6
5562,1
5563,19
5564,1
5565,2
5566,8
5567,17
5568,11
5569,8
5570,2
5571,3
5572,2
5573,2
5574,2
5575,1
5576,1
5577,6
5578,1
5579,1
5580,1
5581,18
5582,3
5583,9
5584,1
5585,2
5586,1
5587,1
5588,15
5589,28
5590,5
5591,81
5592,2
5593,8
5594,1
5595,17
5596,4
5597,4
5598,2
5599,9
5600,7
5601,4
5602,3
5603,1
5604,1
5605,6
5606,3
5607,7
5608,1
5609,2
5610,5
5611,1
5612,1
5613,360
5614,1
5615,69
5616,4
5617,2
5618,7
5619,5
5620,1
5621,2
5622,3
5623,3
5624,4
5625,2
5626,1
5627,1
5628,1
5629,2
5630,2
5631,3
5632,1
5633,10
5634,1
5635,41
5636,5
5637,4
5638,4
5639,1
5640,2
5641,2
5642,1
5643,1
5644,2
5645,6
5646,1
5647,353
5648,3
5649,30
5650,1
5651,5
5652,2
5653,1064
5654,1
5655,3
5656,3
5657,8
5658,1
5659,1
5660,11
5661,2
5662,5
5663,1
5664,1
5665,12
5666,1
5667,3
5668,1
5669,16
5670,2
5671,1
5672,1
5673,4
5674,3
5675,3
5676,1
5677,2
5678,4
5679,3
5680,1
5681,4
5682,14
5683,1
5684,7
5685,2
5686,7
5687,5
5688,2
5689,4
5690,2
5691,1
5692,1
5693,2
5694,1
5695,3
5696,15
5697,18
5698,2
5699,1
5700,5
5701,4
5702,1
5703,1
5704,2
5705,2
5706,22
5707,19
5708,1
5709,26
5710,6
5711,5
5712,7
5713,8
5714,1
5715,1
5716,3
5717,22
5718,1
5719,3
5720,6
5721,10
5722,1
5723,1
5724,17
5725,2
5726,10
5727,1
5728,4
5729,2
5730,6
5731,5
5732,3
5733,68
5734,1
5735,1
5736,3
5737,14
5738,5
5739,3
5740,2
5741,42
5742,1
5743,11
5744,1
5745,4
5746,2
5747,1
5748,4
5749,6
5750,7
5751,1
5752,2
5753,2
5754,1
5755,23
5756,1
5757,2
5758,1
5759,221
5760,1
5761,32
5762,9
5763,1
5764,1
5765,2
5766,1
5767,11
5768,4
5769,1038
5770,4
5771,1
5772,3
5773,16
5774,1
5775,1
5776,2
5777,128
5778,2
5779,5
5780,2
5781,6
5782,3
5783,25
5784,3
5785,2
5786,2
5787,1
5788,3
5789,42
5790,1
5791,3
5792,6
5793,NA
5794,3
5795,5
5796,4
5797,26
5798,2
5799,3
5800,18
5801,4
5802,1
5803,39
5804,3
5805,4
5806,2
5807,13
5808,1
5809,4
5810,1
5811,71
5812,1
5813,2
5814,1
5815,1
5816,3
5817,2
5818,6
5819,17
5820,2
5821,10
5822,3
5823,43
5824,7
5825,4
5826,2
5827,3
5828,1
5829,34
5830,2
5831,3
5832,1
5833,6
5834,1
5835,3
5836,1
5837,2
5838,3
5839,1
5840,6
5841,2
5842,1
5843,23
5844,2
5845,14
5846,1
5847,1
5848,1
5849,14
5850,1
5851,1
5852,3
5853,6
5854,1
5855,1
5856,3
5857,2
5858,1
5859,1
5860,3
5861,28
5862,1
5863,1
5864,1
5865,4
5866,1
5867,5
5868,2
5869,6
5870,2
5871,5
5872,1
5873,24
5874,2
5875,3
5876,9
5877,12
5878,4
5879,1
5880,2
5881,2
5882,4
5883,1
5884,1
5885,2
5886,1
5887,9
5888,1
5889,2
5890,2
5891,NA
5892,12
5893,2
5894,1
5895,7
5896,8
5897,6
5898,1
5899,7
5900,2
5901,458
5902,4
5903,1
5904,4
5905,12
5906,1
5907,1
5908,4
5909,4
5910,1
5911,11
5912,1
5913,2
5914,2
5915,13
5916,1
5917,78
5918,1
5919,3
5920,1
5921,22
5922,3
5923,43
5924,1
5925,16
5926,4
5927,1
5928,1
5929,2
5930,1
5931,1
5932,3
5933,2
5934,3
5935,1
5936,1
5937,32
5938,1
5939,1
5940,1
5941,10
5942,16
5943,19
5944,5
5945,2
5946,2
5947,3
5948,4
5949,6
5950,2
5951,1
5952,5
5953,16
5954,4
5955,15
5956,1
5957,6
5958,1
5959,5
5960,35
5961,2
5962,1
5963,1
5964,3
5965,2
5966,1
5967,1
5968,1
5969,12
5970,4
5971,29
5972,3
5973,10
5974,1
5975,1099
5976,2
5977,2
5978,1
5979,1
5980,5
5981,2
5982,2
5983,NA
5984,1
5985,2
5986,3
5987,5
5988,1
5989,6
5990,12
5991,55
5992,4
5993,8
5994,4
5995,1
5996,4
5997,10
5998,1
5999,41
6000,1
6001,2
6002,1
6003,27
6004,4
6005,94
6006,3
6007,1
6008,1
6009,4
6010,3
6011,1
6012,2
6013,2
6014,8
6015,13
6016,7
6017,26
6018,1
6019,1
6020,2
6021,6
6022,4
6023,5
6024,2
6025,2
6026,3
6027,7
6028,3
6029,78
6030,13
6031,1
6032,1
6033,2
6034,1
6035,1
6036,3
6037,6
6038,6
6039,1
6040,4
6041,44
6042,1
6043,3
6044,2
6045,22
6046,3
6047,7
6048,4
6049,26
6050,13
6051,19
6052,25
6053,14
6054,1
6055,1
6056,1
6057,182
6058,2
6059,3
6060,1
6061,NA
6062,1
6063,89
6064,2
6065,4
6066,5
6067,1
6068,1
6069,2
6070,15
6071,1
6072,1
6073,12
6074,5
6075,11
6076,1
6077,4
6078,2
6079,31
6080,8
6081,2
6082,1
6083,129
6084,4
6085,4
6086,1
6087,197
6088,2
6089,2
6090,6
6091,5
6092,1
6093,36
6094,1
6095,3
6096,1
6097,4
6098,2
6099,19
6100,5
6101,2
6102,2
6103,5
6104,9
6105,12
6106,1
6107,3
6108,1
6109,10
6110,1
6111,1
6112,13
6113,18
6114,1
6115,1
6116,8
6117,12
6118,1
6119,1
6120,1
6121,14
6122,2
6123,3
6124,5
6125,2
6126,3
6127,1
6128,1
6129,124
6130,1
6131,1
6132,7
6133,2
6134,15
6135,7
6136,1
6137,8
6138,2
6139,949
6140,6
6141,16
6142,18
6143,1
6144,6
6145,8
6146,12
6147,1
6148,1
6149,2
6150,1
6151,1
6152,1
6153,6
6154,1
6155,17
6156,2
6157,2
6158,5
6159,1
6160,1
6161,6
6162,1
6163,27
6164,1
6165,18
6166,2
6167,5
6168,2
6169,102
6170,1
6171,5
6172,1
6173,4
6174,3
6175,3
6176,1
6177,82
6178,1
6179,3
6180,12
6181,124
6182,13
6183,5
6184,1
6185,6
6186,1
6187,3
6188,1
6189,2
6190,10
6191,93
6192,6
6193,4
6194,8
6195,3
6196,1
6197,4
6198,11
6199,29
6200,1
6201,4
6202,9
6203,1
6204,3
6205,94
6206,5
6207,27
6208,4
6209,4
6210,1
6211,5
6212,9
6213,4
6214,2
6215,1
6216,1
6217,1000
6218,13
6219,1
6220,6
6221,2
6222,26
6223,3
6224,4
6225,4
6226,4
6227,1
6228,5
6229,2
6230,3
6231,3
6232,1
6233,70
6234,5
6235,5
6236,2
6237,28
6238,10
6239,9
6240,1
6241,2
6242,8
6243,1
6244,5
6245,4
6246,2
6247,1
6248,2
6249,2
6250,4
6251,3
6252,2
6253,2
6254,1
6255,15
6256,4
6257,2
6258,1
6259,5
6260,1
6261,4
6262,5
6263,9
6264,4
6265,62
6266,2
6267,3
6268,2
6269,12
6270,44
6271,1
6272,20
6273,2
6274,1
6275,3
6276,4
6277,20
6278,3
6279,1
6280,1
6281,2
6282,32
6283,1
6284,1
6285,2
6286,1
6287,7
6288,1
6289,4
6290,1
6291,23
6292,2
6293,14
6294,31
6295,7
6296,1
6297,4
6298,2
6299,5
6300,13
6301,12
6302,1
6303,5
6304,1
6305,4
6306,1
6307,1
6308,1
6309,12
6310,1
6311,27
6312,2
6313,1276
6314,2
6315,1
6316,3
6317,2
6318,1
6319,15
6320,4
6321,6
6322,5
6323,5
6324,3
6325,2
6326,5
6327,1
6328,4
6329,92
6330,1
6331,NA
6332,2
6333,24
6334,5
6335,1
6336,2
6337,2
6338,1
6339,1
6340,1
6341,16
6342,1
6343,35
6344,2
6345,22
6346,1
6347,269
6348,20
6349,14
6350,2
6351,3
6352,2
6353,12
6354,1
6355,3
6356,4
6357,4
6358,19
6359,51
6360,1
6361,2
6362,1
6363,55
6364,1
6365,2
6366,2
6367,5
6368,2
6369,2
6370,2
6371,23
6372,1
6373,46
6374,10
6375,61
6376,7
6377,2
6378,5
6379,1
6380,1
6381,6
6382,1
6383,31
6384,3
6385,4
6386,1
6387,1
6388,2
6389,4
6390,1
6391,1
6392,1
6393,24
6394,1
6395,1
6396,4
6397,206
6398,1
6399,3
6400,1
6401,16
6402,3
6403,1
6404,1
6405,104
6406,2
6407,199
6408,4
6409,2
6410,2
6411,1
6412,1
6413,30
6414,1
6415,3
6416,3
6417,6
6418,6
6419,35
6420,2
6421,2
6422,1
6423,3
6424,2
6425,6
6426,5
6427,23
6428,2
6429,2
6430,1
6431,3
6432,3
6433,8
6434,27
6435,3
6436,8
6437,10
6438,5
6439,1
6440,1
6441,12
6442,105
6443,189
6444,1
6445,4
6446,3
6447,1
6448,4
6449,4
6450,7
6451,1
6452,30
6453,652
6454,5
6455,1
6456,11
6457,2
6458,7
6459,5
6460,2
6461,10
6462,1
6463,1
6464,7
6465,2
6466,2
6467,167
6468,1
6469,2
6470,3
6471,1
6472,1
6473,26
6474,1
6475,1
6476,1522
6477,4
6478,1
6479,1
6480,24
6481,70
6482,1
6483,1
6484,4
6485,6
6486,2
6487,29
6488,1
6489,4
6490,4
6491,11
6492,1
6493,34
6494,2
6495,1
6496,1
6497,2
6498,4
6499,3
6500,1
6501,2
6502,1
6503,175
6504,1
6505,4
6506,10
6507,15
6508,8
6509,12
6510,1
6511,3
6512,19
6513,2
6514,1
6515,3
6516,1
6517,8
6518,1
6519,113
6520,2
6521,6
6522,3
6523,3
6524,1
6525,28
6526,6
6527,1
6528,2
6529,22
6530,5
6531,3
6532,3
6533,42
6534,1
6535,15
6536,1
6537,4
6538,5
6539,1
6540,1
6541,28
6542,10
6543,5
6544,4
6545,16
6546,5
6547,1
6548,1
6549,4
6550,1
6551,1
6552,5
6553,NA
6554,20
6555,21
6556,3
6557,2
6558,19
6559,1
6560,2
6561,18
6562,12
6563,1
6564,3
6565,2
6566,1
6567,1
6568,3
6569,8
6570,2
6571,11
6572,1
6573,2
6574,2
6575,7
6576,1
6577,4
6578,4
6579,5
6580,8
6581,6
6582,1
6583,3
6584,21
6585,20
6586,2
6587,17
6588,2
6589,30
6590,5
6591,1
6592,4
6593,4
6594,1
6595,1
6596,5
6597,18
6598,11715
6599,9
6600,1
6601,4
6602,3
6603,1
6604,7
6605,20
6606,4
6607,1
6608,5
6609,8
6610,2
6611,9
6612,1
6613,4
6614,1
6615,1
6616,1
6617,4
6618,2
6619,3
6620,5
6621,68
6622,2
6623,5
6624,44
6625,6
6626,1
6627,3
6628,2
6629,10
6630,4
6631,7
6632,2
6633,8
6634,3
6635,1
6636,2
6637,6
6638,1
6639,7
6640,10
6641,2
6642,66
6643,1
6644,1
6645,2
6646,4
6647,1
6648,1
6649,2
6650,2
6651,41
6652,12
6653,2
6654,2
6655,3
6656,2
6657,4
6658,1
6659,1
6660,1
6661,NA
6662,2
6663,3
6664,1
6665,6
6666,1
6667,149
6668,5
6669,6
6670,1
6671,1
6672,4
6673,2
6674,13
6675,9
6676,2
6677,2
6678,2
6679,1
6680,12
6681,2
6682,6
6683,1
6684,1
6685,4
6686,1
6687,1
6688,2
6689,2
6690,8
6691,211
6692,3
6693,8
6694,1
6695,5
6696,4
6697,4
6698,3
6699,7
6700,1
6701,10
6702,4
6703,1
6704,2
6705,6
6706,1
6707,3
6708,1
6709,8
6710,6
6711,1
6712,6
6713,2
6714,2
6715,1
6716,1
6717,2
6718,15
6719,3
6720,1
6721,36
6722,3
6723,1
6724,4
6725,2
6726,4
6727,15
6728,3
6729,40
6730,4
6731,23
6732,1
6733,6
6734,3
6735,1
6736,3
6737,4
6738,12
6739,1
6740,3
6741,2
6742,2
6743,5
6744,1
6745,76
6746,11
6747,1
6748,1
6749,2
6750,5
6751,13
6752,1
6753,22
6754,6
6755,7
6756,1
6757,2
6758,8
6759,121
6760,24
6761,36
6762,3
6763,1
6764,2
6765,20
6766,8
6767,1
6768,1
6769,4
6770,3
6771,229
6772,1
6773,2
6774,1
6775,NA
6776,1
6777,8
6778,5
6779,309
6780,1
6781,4
6782,1
6783,1
6784,2
6785,44
6786,3
6787,23
6788,3
6789,80
6790,3
6791,7
6792,18
6793,10
6794,10
6795,3
6796,1
6797,8
6798,4
6799,1
6800,1
6801,6
6802,1
6803,13
6804,1
6805,28
6806,4
6807,21
6808,1
6809,4
6810,1
6811,9
6812,1
6813,10
6814,3
6815,7
6816,1
6817,12
6818,2
6819,123
6820,1
6821,16
6822,3
6823,3
6824,9
6825,2
6826,14
6827,1
6828,17
6829,2
6830,1
6831,9
6832,1
6833,4
6834,3
6835,1
6836,2
6837,14
6838,1
6839,17
6840,10
6841,12
6842,2
6843,3
6844,10
6845,4
6846,5
6847,5
6848,10
6849,NA
6850,2
6851,1
6852,1
6853,4
6854,1
6855,1
6856,1
6857,6
6858,1
6859,1
6860,2
6861,2
6862,1
6863,1
6864,5
6865,2
6866,1
6867,1
6868,25
6869,6
6870,2
6871,25
6872,4
6873,2
6874,9
6875,1
6876,1
6877,4
6878,1
6879,1
6880,41
6881,82
6882,1
6883,993
6884,2
6885,236
6886,1
6887,3
6888,3
6889,8
6890,8
6891,1
6892,2
6893,70
6894,12
6895,1
6896,2
6897,682
6898,1
6899,39
6900,2
6901,2
6902,3
6903,5
6904,1
6905,2
6906,1
6907,1
6908,2
6909,4
6910,1
6911,13
6912,1
6913,4
6914,7
6915,13
6916,14
6917,2
6918,2
6919,1
6920,1
6921,8
6922,2
6923,5
6924,4
6925,2
6926,2
6927,7
6928,47
6929,4
6930,1
6931,11
6932,1
6933,10
6934,5
6935,11
6936,4
6937,960
6938,3
6939,93
6940,3
6941,8
6942,7
6943,3
6944,1
6945,10
6946,10
6947,1
6948,15
6949,42
6950,5
6951,21
6952,1
6953,4
6954,1
6955,1
6956,3
6957,40
6958,4
6959,21
6960,3
6961,6
6962,2
6963,1
6964,1
6965,76
6966,1
6967,1
6968,4
6969,60
6970,1
6971,3
6972,3
6973,2
6974,6
6975,1
6976,4
6977,2
6978,3
6979,45
6980,1
6981,2
6982,2
6983,21
6984,1
6985,10
6986,6
6987,5
6988,22
6989,8
6990,1
6991,1
6992,1
6993,14
6994,1
6995,11
6996,13
6997,6
6998,1
6999,1
7000,3
7001,6
7002,1
7003,15
7004,3
7005,206
7006,1
7007,1
7008,3
7009,48
7010,5
7011,1
7012,2
7013,26
7014,1
7015,13
7016,4
7017,16
7018,2
7019,7
7020,4
7021,56
7022,1
7023,1
7024,1
7025,6
7026,2
7027,1
7028,12
7029,4
7030,2
7031,1
7032,10
7033,148
7034,1
7035,15
7036,1
7037,2
7038,7
7039,29
7040,1
7041,2
7042,5
7043,5
7044,2
7045,2
7046,1
7047,3
7048,8
7049,16
7050,1
7051,1
7052,5
7053,84
7054,14
7055,1
7056,11
7057,4
7058,1
7059,3
7060,10
7061,2
7062,3
7063,1
7064,3
7065,18
7066,2
7067,1
7068,5
7069,16
7070,5
7071,5
7072,6
7073,2
7074,9
7075,13
7076,87
7077,16
7078,3
7079,1
7080,10
7081,14
7082,4
7083,1
7084,1
7085,2
7086,1
7087,NA
7088,1
7089,8
7090,1
7091,3
7092,2
7093,22
7094,1
7095,19
7096,1
7097,20
7098,6
7099,3
7100,1
7101,12
7102,1
7103,3
7104,4
7105,2
7106,1
7107,5
7108,1
7109,4
7110,6
7111,7
7112,1
7113,2
7114,3
7115,11
7116,7
7117,2
7118,2
7119,5
7120,1
7121,6
7122,2
7123,27
7124,1
7125,20
7126,4
7127,1
7128,1
7129,12
7130,3
7131,81
7132,6
7133,2
7134,2
7135,15
7136,8
7137,2
7138,1
7139,1
7140,1
7141,14
7142,2
7143,7
7144,4
7145,2
7146,1
7147,3
7148,3
7149,4
7150,1
7151,1
7152,6
7153,4
7154,3
7155,15
7156,2
7157,68
7158,2
7159,1
7160,2
7161,6
7162,2
7163,5
7164,2
7165,14
7166,3
7167,5
7168,151
7169,2
7170,3
7171,1
7172,1
7173,170
7174,1
7175,1
7176,1
7177,4
7178,1
7179,3
7180,2
7181,4
7182,3
7183,5
7184,1
7185,6
7186,1
7187,9
7188,5
7189,4
7190,5
7191,109
7192,1
7193,2
7194,4
7195,5
7196,1
7197,6
7198,1
7199,1
7200,2
7201,6
7202,2
7203,7
7204,1
7205,58
7206,2
7207,23
7208,3
7209,2
7210,14
7211,1
7212,23
7213,12
7214,1
7215,19
7216,2
7217,6
7218,1
7219,3
7220,1
7221,2
7222,11
7223,241
7224,4
7225,4
7226,2
7227,3
7228,1
7229,8
7230,1
7231,5
7232,2
7233,24
7234,2
7235,3
7236,1
7237,42
7238,1
7239,1
7240,8
7241,342
7242,1
7243,1
7244,4
7245,2
7246,32
7247,3
7248,2
7249,10
7250,1
7251,3
7252,14
7253,2
7254,4
7255,1
7256,6
7257,10
7258,2
7259,1
7260,5
7261,4
7262,4
7263,3
7264,1
7265,4
7266,1
7267,1
7268,3
7269,10
7270,11
7271,5
7272,1
7273,4
7274,1
7275,1
7276,1
7277,6
7278,1
7279,349
7280,1
7281,58
7282,3
7283,1
7284,24
7285,2
7286,2
7287,123
7288,1
7289,8
7290,5
7291,7
7292,2
7293,2
7294,3
7295,1
7296,1
7297,6
7298,1
7299,5
7300,1
7301,10
7302,2
7303,1
7304,4
7305,6
7306,4
7307,1
7308,1
7309,6
7310,2
7311,1
7312,4
7313,2
7314,7
7315,3
7316,1
7317,10
7318,7
7319,27
7320,2
7321,2
7322,1
7323,5
7324,7
7325,2
7326,1
7327,705
7328,5
7329,2
7330,2
7331,1
7332,5
7333,416
7334,3
7335,35
7336,2
7337,2
7338,6
7339,25
7340,4
7341,18
7342,1
7343,1
7344,1
7345,2
7346,4
7347,1
7348,1
7349,20
7350,1
7351,3
7352,1
7353,2
7354,1
7355,1
7356,3
7357,4
7358,2
7359,5
7360,3
7361,8
7362,1
7363,3
7364,2
7365,40
7366,1
7367,3
7368,2
7369,2
7370,2
7371,7
7372,1
7373,2
7374,5
7375,1
7376,1
7377,26
7378,35
7379,1
7380,4
7381,2
7382,1
7383,1
7384,1
7385,8
7386,2
7387,5
7388,1
7389,28
7390,2
7391,1
7392,1
7393,2
7394,3
7395,9
7396,2
7397,4
7398,4
7399,3
7400,4
7401,2
7402,1
7403,225
7404,12
7405,94
7406,1
7407,69
7408,1
7409,10
7410,2
7411,5
7412,6
7413,8
7414,1
7415,3
7416,4
7417,16
7418,1
7419,1
7420,1
7421,6
7422,2
7423,1
7424,11
7425,2
7426,1
7427,5
7428,3
7429,4
7430,13
7431,1
7432,3
7433,38
7434,2
7435,1
7436,4
7437,2
7438,8
7439,1
7440,5
7441,2
7442,9
7443,1
7444,2
7445,62
7446,2
7447,15
7448,1
7449,238
7450,1
7451,9
7452,1
7453,2
7454,1
7455,3
7456,4
7457,2
7458,1
7459,9
7460,4
7461,4
7462,2
7463,3
7464,16
7465,12
7466,35
7467,1
7468,2
7469,34
7470,4
7471,3
7472,2
7473,2
7474,1
7475,1
7476,2
7477,4
7478,33
7479,1
7480,3
7481,6
7482,1
7483,1
7484,1
7485,2
7486,1
7487,3
7488,2
7489,12
7490,3
7491,3
7492,2
7493,26
7494,4
7495,159
7496,1
7497,12
7498,5
7499,3
7500,1
7501,4
7502,5
7503,1
7504,5
7505,18
7506,4
7507,5
7508,1
7509,2
7510,2
7511,1
7512,8
7513,4
7514,2
7515,5
7516,1
7517,18
7518,1
7519,1
7520,7
7521,2
7522,1
7523,19
7524,13
7525,2
7526,3
7527,1
7528,1
7529,4
7530,1
7531,1
7532,2
7533,6
7534,1
7535,19
7536,1
7537,4
7538,5
7539,1
7540,2
7541,2
7542,1
7543,17
7544,1
7545,2
7546,5
7547,209
7548,5
7549,8
7550,2
7551,1
7552,1
7553,40
7554,2
7555,1
7556,1
7557,12
7558,1
7559,3
7560,11
7561,2
7562,3
7563,21
7564,2
7565,68
7566,6
7567,13
7568,2
7569,6
7570,5
7571,1
7572,4
7573,34
7574,19
7575,1
7576,2
7577,4
7578,2
7579,1
7580,2
7581,14
7582,1
7583,1
7584,1
7585,6
7586,3
7587,7
7588,2
7589,2
7590,7
7591,3
7592,4
7593,2
7594,1
7595,1
7596,34
7597,16
7598,3
7599,1
7600,1
7601,8
7602,1
7603,19
7604,6
7605,4
7606,2
7607,7
7608,6
7609,8
7610,3
7611,23
7612,3
7613,6
7614,15
7615,17
7616,2
7617,6
7618,6
7619,1
7620,8
7621,10
7622,1
7623,1
7624,11
7625,4
7626,2
7627,1
7628,4
7629,2
7630,1
7631,17
7632,3
7633,2
7634,7
7635,5
7636,1
7637,4
7638,1
7639,5
7640,1
7641,12
7642,2
7643,3
7644,1
7645,2
7646,1
7647,3
7648,5
7649,2
7650,3
7651,1
7652,1
7653,14
7654,3
7655,1
7656,2
7657,2
7658,3
7659,3
7660,1
7661,34
7662,6
7663,23
7664,2
7665,8
7666,7
7667,1
7668,1
7669,20
7670,3
7671,1
7672,2
7673,456
7674,2
7675,3
7676,2
7677,8
7678,1
7679,1
7680,1
7681,46
7682,2
7683,3
7684,17
7685,56
7686,8
7687,1
7688,1
7689,34
7690,4
7691,19
7692,3
7693,NA
7694,3
7695,1
7696,10
7697,24
7698,1
7699,7
7700,2
7701,4
7702,8
7703,1
7704,1
7705,12
7706,2
7707,1
7708,18
7709,2
7710,12
7711,NA
7712,4
7713,30
7714,2
7715,3
7716,1
7717,54
7718,1
7719,5
7720,3
7721,2
7722,1
7723,1
7724,1
7725,46
7726,1
7727,19
7728,5
7729,10
7730,2
7731,19
7732,1
7733,4
7734,1
7735,1
7736,1
7737,2
7738,3
7739,1
7740,1
7741,4
7742,1
7743,1
7744,2
7745,130
7746,1
7747,3
7748,1
7749,2
7750,7
7751,11
7752,3
7753,10
7754,3
7755,9
7756,1
7757,4
7758,1
7759,1
7760,8
7761,2
7762,1
7763,1179
7764,1
7765,756
7766,1
7767,57
7768,10
7769,266
7770,5
7771,9
7772,5
7773,NA
7774,2
7775,1
7776,2
7777,18
7778,5
7779,3
7780,2
7781,2
7782,1
7783,9
7784,5
7785,30
7786,1
7787,1
7788,3
7789,2
7790,1
7791,5
7792,1
7793,24
7794,1
7795,7
7796,9
7797,6
7798,8
7799,19
7800,6
7801,44
7802,2
7803,3
7804,11
7805,4
7806,3
7807,5
7808,41
7809,2
7810,3
7811,1
7812,18
7813,20
7814,7
7815,1
7816,1
7817,2
7818,12
7819,3
7820,4
7821,2
7822,1
7823,13
7824,1
7825,28
7826,14
7827,19
7828,2
7829,8
7830,2
7831,1
7832,4
7833,4
7834,1
7835,1
7836,1
7837,2
7838,1
7839,83
7840,2
7841,572
7842,52
7843,3
7844,2
7845,6
7846,2
7847,5
7848,1
7849,2
7850,1
7851,5
7852,2
7853,4
7854,1
7855,1
7856,1
7857,30
7858,6
7859,1
7860,1
7861,2
7862,2
7863,3
7864,2
7865,2
7866,1
7867,1
7868,3
7869,2
7870,1
7871,5
7872,1
7873,2
7874,4
7875,1
7876,2
7877,2
7878,1
7879,1
7880,11
7881,358
7882,11
7883,1
7884,3
7885,20
7886,383
7887,49
7888,1
7889,50
7890,4
7891,1
7892,7
7893,4
7894,1
7895,37
7896,4
7897,2
7898,1
7899,1
7900,5
7901,64
7902,2
7903,1
7904,5
7905,2
7906,2
7907,3
7908,1
7909,22
7910,3
7911,1
7912,1
7913,20
7914,4
7915,5
7916,1
7917,8
7918,2
7919,1
7920,1
7921,10
7922,1
7923,3
7924,1
7925,2
7926,1
7927,1
7928,2
7929,6
7930,1
7931,3
7932,3
7933,8
7934,2
7935,1
7936,4
7937,4
7938,7
7939,5
7940,1
7941,2
7942,1
7943,3
7944,9
7945,8
7946,1
7947,23
7948,4
7949,40
7950,3
7951,9
7952,2
7953,2
7954,1
7955,1
7956,3
7957,1082
7958,1
7959,1
7960,6
7961,2
7962,2
7963,1
7964,2
7965,134
7966,3
7967,1
7968,3
7969,80
7970,1
7971,13
7972,18
7973,2
7974,1
7975,NA
7976,12
7977,8
7978,1
7979,NA
7980,1
7981,10
7982,2
7983,3
7984,3
7985,4
7986,3
7987,5
7988,9
7989,2
7990,1
7991,5
7992,1
7993,16
7994,4
7995,3
7996,23
7997,6
7998,1
7999,83
8000,13
8001,6
8002,2
8003,19
8004,6
8005,2
8006,1
8007,3
8008,1
8009,2
8010,4
8011,1
8012,1
8013,240
8014,4
8015,27
8016,24
8017,NA
8018,3
8019,5
8020,2
8021,4
8022,1
8023,3
8024,7
8025,6
8026,1
8027,19
8028,1
8029,12
8030,4
8031,9
8032,9
8033,16
8034,1
8035,1
8036,30
8037,28
8038,3
8039,1
8040,3
8041,10
8042,9
8043,555
8044,1
8045,14
8046,1
8047,1
8048,1
8049,10
8050,5
8051,1
8052,4
8053,2
8054,1
8055,1
8056,4
8057,4
8058,1
8059,1
8060,4
8061,20
8062,3
8063,7
8064,3
8065,4
8066,2
8067,11
8068,1
8069,4
8070,1
8071,9
8072,1
8073,2
8074,2
8075,11
8076,15
8077,18
8078,1
8079,3
8080,15
8081,2
8082,2
8083,1
8084,16
8085,80
8086,1
8087,3
8088,1
8089,4
8090,1
8091,1
8092,2
8093,10
8094,2
8095,19
8096,1
8097,4
8098,5
8099,5
8100,1
8101,2
8102,1
8103,1
8104,2
8105,2
8106,1
8107,45
8108,1
8109,6
8110,3
8111,21
8112,1
8113,464
8114,1
8115,9
8116,6
8117,4
8118,3
8119,1
8120,20
8121,4
8122,27
8123,1
8124,2
8125,22
8126,4
8127,1
8128,1
8129,2
8130,1
8131,3
8132,2
8133,10
8134,1
8135,5
8136,1
8137,8
8138,2
8139,1
8140,1
8141,6
8142,1
8143,23
8144,3
8145,4
8146,2
8147,3
8148,5
8149,4
8150,1
8151,3
8152,7
8153,8
8154,3
8155,33
8156,7
8157,14
8158,5
8159,13
8160,1
8161,NA
8162,2
8163,1
8164,3
8165,2
8166,13
8167,1
8168,2
8169,2
8170,5
8171,1
8172,77
8173,18
8174,1
8175,9
8176,2
8177,2
8178,2
8179,1
8180,1
8181,NA
8182,4
8183,3
8184,1
8185,42
8186,3
8187,1
8188,5
8189,6
8190,4
8191,43
8192,2
8193,4
8194,3
8195,1
8196,2
8197,18
8198,1
8199,1
8200,1
8201,2
8202,1
8203,3
8204,2
8205,4
8206,1
8207,1
8208,1
8209,2
8210,5
8211,1
8212,2
8213,2
8214,2
8215,1
8216,11
8217,2
8218,2
8219,1
8220,7
8221,6
8222,8
8223,1
8224,1
8225,32
8226,12
8227,1
8228,2
8229,8
8230,29
8231,1
8232,8
8233,10
8234,4
8235,3
8236,3
8237,52
8238,2
8239,7
8240,1
8241,464
8242,1
8243,407
8244,1
8245,6
8246,6
8247,3
8248,10
8249,12
8250,4
8251,71
8252,1
8253,2
8254,2
8255,9
8256,11
8257,2
8258,4
8259,1
8260,4
8261,6
8262,1
8263,69
8264,170
8265,2
8266,1
8267,1
8268,1
8269,4
8270,3
8271,NA
8272,3
8273,6
8274,6
8275,3
8276,2
8277,2
8278,1
8279,13
8280,3
8281,4
8282,1
8283,3
8284,7
8285,44
8286,1
8287,9
8288,2
8289,2
8290,1
8291,3
8292,8
8293,2
8294,5
8295,1
8296,4
8297,16
8298,1
8299,5
8300,15
8301,28
8302,2
8303,1
8304,1
8305,8
8306,2
8307,1
8308,3
8309,2
8310,3
8311,37
8312,3
8313,2
8314,2
8315,9
8316,15
8317,4
8318,1
8319,73
8320,2
8321,2
8322,2
8323,1
8324,7
8325,10
8326,3
8327,17
8328,9
8329,110
8330,1
8331,1
8332,1
8333,2
8334,3
8335,15
8336,1
8337,18
8338,4
8339,107
8340,1
8341,6
8342,1
8343,3
8344,2
8345,6
8346,5
8347,1
8348,1
8349,4
8350,3
8351,1
8352,35
8353,2
8354,1
8355,111
8356,3
8357,4
8358,1
8359,3
8360,15
8361,10
8362,10
8363,1
8364,1
8365,24
8366,25
8367,1
8368,3
8369,2
8370,1
8371,1
8372,9
8373,4
8374,4
8375,3
8376,1
8377,370
8378,8
8379,9
8380,2
8381,8
8382,1
8383,1
8384,4
8385,40
8386,1
8387,1
8388,1
8389,2
8390,8
8391,3
8392,21
8393,570
8394,2
8395,19
8396,1
8397,6
8398,2
8399,1
8400,1
8401,154
8402,1
8403,3
8404,2
8405,6
8406,1
8407,3
8408,3
8409,4
8410,1
8411,3
8412,2
8413,2
8414,1
8415,1
8416,1
8417,10
8418,1
8419,9
8420,1
8421,4
8422,6
8423,3
8424,12
8425,4
8426,2
8427,1
8428,1
8429,2
8430,5
8431,57
8432,1
8433,2
8434,62
8435,3
8436,1
8437,42
8438,3
8439,3
8440,1
8441,26
8442,1
8443,99
8444,2
8445,4
8446,1
8447,1
8448,3
8449,4
8450,1
8451,3
8452,1
8453,24
8454,12
8455,1
8456,3
8457,2
8458,4
8459,1
8460,2
8461,8
8462,1
8463,1
8464,1
8465,2
8466,118
8467,3
8468,4
8469,6
8470,1
8471,1
8472,1
8473,4
8474,3
8475,11
8476,9
8477,8
8478,3
8479,5
8480,7
8481,22
8482,2
8483,3
8484,1
8485,4
8486,1
8487,25
8488,1
8489,4
8490,4
8491,7
8492,3
8493,12
8494,35
8495,3
8496,4
8497,2
8498,9
8499,1
8500,3
8501,26
8502,2
8503,1
8504,1
8505,18
8506,1
8507,1
8508,4
8509,2
8510,2
8511,3
8512,1
8513,178
8514,1
8515,1
8516,13
8517,2
8518,1
8519,19
8520,2
8521,6
8522,3
8523,11
8524,14
8525,6
8526,2
8527,3
8528,1
8529,48
8530,1
8531,5
8532,2
8533,98
8534,6
8535,1
8536,2
8537,36
8538,14
8539,17
8540,3
8541,2
8542,25
8543,13
8544,5
8545,2
8546,1
8547,5
8548,1
8549,10
8550,2
8551,67
8552,8
8553,4
8554,1
8555,3
8556,1
8557,58
8558,8
8559,7
8560,5
8561,4
8562,1
8563,1
8564,1
8565,16
8566,2
8567,15
8568,1
8569,6
8570,1
8571,1
8572,3
8573,2
8574,2
8575,41
8576,2
8577,2
8578,4
8579,9
8580,4
8581,2
8582,8
8583,1
8584,1
8585,12
8586,2
8587,1
8588,2
8589,32
8590,3
8591,1
8592,3
8593,8
8594,3
8595,1
8596,1
8597,104
8598,1
8599,5
8600,1
8601,4
8602,1
8603,NA
8604,1
8605,2
8606,5
8607,1
8608,1
8609,18
8610,3
8611,7
8612,3
8613,2
8614,5
8615,1
8616,35
8617,56
8618,7
8619,109
8620,3
8621,2
8622,11
8623,1
8624,1
8625,2
8626,48
8627,17
8628,3
8629,36
8630,1
8631,3
8632,2
8633,8
8634,73
8635,1
8636,2
8637,14
8638,3
8639,1
8640,5
8641,2
8642,1
8643,5
8644,1
8645,4
8646,15
8647,1
8648,3
8649,36
8650,3
8651,5
8652,2
8653,18
8654,2
8655,3
8656,1
8657,54
8658,1
8659,3
8660,1
8661,94
8662,12
8663,7
8664,8
8665,4
8666,5
8667,1
8668,1
8669,2
8670,1
8671,1
8672,1
8673,4
8674,7
8675,1
8676,5
8677,36
8678,1
8679,7
8680,1
8681,120
8682,2
8683,1
8684,1
8685,10
8686,12
8687,65
8688,9
8689,2
8690,2
8691,1
8692,9
8693,2
8694,1
8695,1
8696,11
8697,2
8698,2
8699,3
8700,3
8701,2
8702,1
8703,3
8704,5
8705,2
8706,8
8707,61
8708,1
8709,42
8710,1
8711,3
8712,1
8713,10
8714,50
8715,111
8716,6
8717,32
8718,2
8719,1
8720,2
8721,2
8722,2
8723,1
8724,7
8725,4
8726,6
8727,41
8728,3
8729,52
8730,3
8731,5
8732,1
8733,292
8734,1
8735,3
8736,1
8737,154
8738,1
8739,1
8740,1
8741,2
8742,3
8743,3
8744,4
8745,2
8746,2
8747,103
8748,1
8749,6
8750,1
8751,1
8752,16
8753,12
8754,1
8755,7
8756,3
8757,6
8758,1
8759,13
8760,13
8761,2
8762,1
8763,7
8764,2
8765,16
8766,3
8767,17
8768,8
8769,8
8770,1
8771,7
8772,1
8773,2
8774,1
8775,3
8776,1
8777,6
8778,1
8779,1
8780,1
8781,30
8782,1
8783,5
8784,25
8785,2
8786,2
8787,21
8788,2
8789,2
8790,2
8791,1
8792,2
8793,14
8794,4
8795,1
8796,1
8797,2
8798,3
8799,1
8800,1
8801,44
8802,4
8803,63
8804,6
8805,2
8806,4
8807,3
8808,5
8809,4
8810,1
8811,1
8812,6
8813,570
8814,10
8815,5
8816,1
8817,34
8818,3
8819,5
8820,10
8821,2
8822,1
8823,1
8824,1
8825,10
8826,1
8827,37
8828,1
8829,6
8830,3
8831,9
8832,2
8833,2
8834,1
8835,955
8836,1
8837,2
8838,2
8839,1
8840,3
8841,10
8842,1
8843,7
8844,1
8845,34
8846,5
8847,1
8848,1
8849,2
8850,1
8851,1
8852,63
8853,4
8854,1
8855,1
8856,6
8857,56
8858,5
8859,33
8860,10
8861,104
8862,5
8863,19
8864,1
8865,592
8866,20
8867,3
8868,3
8869,4
8870,1
8871,1
8872,7
8873,2
8874,4
8875,139
8876,2
8877,6
8878,5
8879,1
8880,1
8881,NA
8882,12
8883,7
8884,1
8885,2
8886,3
8887,1
8888,1
8889,10
8890,1
8891,1
8892,16
8893,8
8894,25
8895,1
8896,5
8897,4
8898,4
8899,17
8900,4
8901,4
8902,6
8903,1
8904,8
8905,4
8906,7
8907,3
8908,3
8909,2
8910,2
8911,275
8912,16
8913,2
8914,1
8915,1
8916,7
8917,6
8918,4
8919,21
8920,1
8921,16
8922,1
8923,1
8924,6
8925,2
8926,10
8927,11
8928,48
8929,4
8930,2
8931,37
8932,1
8933,2
8934,6
8935,3
8936,2
8937,2
8938,9
8939,1
8940,4
8941,14
8942,2
8943,1
8944,1
8945,10
8946,1
8947,1
8948,2
8949,4
8950,2
8951,5
8952,1
8953,24
8954,2
8955,3
8956,1
8957,10
8958,1
8959,7
8960,1
8961,22
8962,5
8963,9
8964,4
8965,2
8966,1
8967,11
8968,2
8969,14
8970,2
8971,15
8972,1
8973,10
8974,12
8975,3
8976,3
8977,48
8978,5
8979,1
8980,4
8981,14
8982,1
8983,25
8984,3
8985,6
8986,4
8987,1
8988,2
8989,16
8990,1
8991,1
8992,2
8993,4
8994,1
8995,3
8996,2
8997,36
8998,2
8999,1
9000,3
9001,2
9002,3
9003,1
9004,2
9005,2
9006,2
9007,25
9008,2
9009,6
9010,1
9011,11
9012,1
9013,42
9014,1
9015,9
9016,1
9017,4
9018,1
9019,3
9020,1
9021,2
9022,1
9023,7
9024,6
9025,6
9026,1
9027,3
9028,2
9029,2
9030,7
9031,1
9032,13
9033,6
9034,1
9035,1
9036,2
9037,2
9038,1
9039,3
9040,1
9041,4
9042,16
9043,1
9044,1
9045,42
9046,3
9047,1
9048,1
9049,158
9050,14
9051,1
9052,1
9053,4
9054,2
9055,15
9056,1
9057,8
9058,3
9059,1
9060,11
9061,28
9062,2
9063,467
9064,1
9065,8
9066,5
9067,3
9068,3
9069,10
9070,39
9071,1
9072,2
9073,6
9074,1
9075,25
9076,7
9077,18
9078,10
9079,5
9080,2
9081,10
9082,5
9083,7
9084,1
9085,2
9086,2
9087,3
9088,5
9089,2
9090,1
9091,51
9092,1
9093,2
9094,2
9095,1
9096,3
9097,2
9098,1
9099,1
9100,1
9101,10
9102,1
9103,249
9104,3
9105,2
9106,2
9107,3
9108,1
9109,4
9110,1
9111,3
9112,17
9113,8
9114,1
9115,7
9116,5
9117,12
9118,36
9119,7
9120,1
9121,10
9122,8
9123,3
9124,1
9125,2
9126,3
9127,9
9128,3
9129,318
9130,1
9131,1
9132,4
9133,4
9134,4
9135,9
9136,4
9137,6
9138,5
9139,1
9140,2
9141,168
9142,1
9143,3
9144,2
9145,10
9146,1
9147,7
9148,1
9149,2
9150,1
9151,1
9152,6
9153,38
9154,35
9155,13
9156,1
9157,10
9158,2
9159,3
9160,17
9161,8
9162,6
9163,33
9164,3
9165,8
9166,1
9167,3
9168,3
9169,22
9170,2
9171,17
9172,3
9173,4
9174,2
9175,1
9176,3
9177,8
9178,7
9179,31
9180,2
9181,6
9182,14
9183,1
9184,9
9185,2
9186,1
9187,1
9188,10
9189,20
9190,4
9191,7
9192,2
9193,144
9194,1
9195,1
9196,1
9197,4
9198,3
9199,1
9200,3
9201,12
9202,2
9203,11
9204,2
9205,2
9206,2
9207,29
9208,2
9209,30
9210,3
9211,5
9212,1
9213,4
9214,5
9215,NA
9216,1
9217,2
9218,1
9219,1
9220,4
9221,6
9222,2
9223,7
9224,6
9225,12
9226,4
9227,1
9228,8
9229,2
9230,1
9231,1
9232,6
9233,76
9234,1
9235,1
9236,12
9237,4
9238,1
9239,3
9240,4
9241,12
9242,44
9243,17
9244,1
9245,114
9246,1
9247,5
9248,2
9249,18
9250,2
9251,1
9252,3
9253,216
9254,24
9255,3
9256,1
9257,12
9258,6
9259,3
9260,1
9261,2
9262,8
9263,1
9264,6
9265,26
9266,7
9267,1
9268,1
9269,80
9270,9
9271,3
9272,17
9273,2
9274,2
9275,9
9276,3
9277,2
9278,2
9279,1
9280,1
9281,2
9282,2
9283,1
9284,2
9285,6
9286,1
9287,1
9288,5
9289,2
9290,2
9291,127
9292,3
9293,10
9294,2
9295,3
9296,16
9297,4
9298,9
9299,5
9300,1
9301,4
9302,2
9303,13
9304,8
9305,266
9306,1
9307,33
9308,14
9309,10
9310,2
9311,1
9312,1
9313,2
9314,2
9315,3
9316,1
9317,6
9318,17
9319,19
9320,1
9321,2
9322,1
9323,51
9324,1
9325,2
9326,1
9327,9
9328,1
9329,8
9330,1
9331,13
9332,1
9333,2
9334,6
9335,13
9336,104
9337,4
9338,1
9339,7
9340,2
9341,4
9342,4
9343,37
9344,1
9345,2
9346,1
9347,15
9348,1
9349,2
9350,8
9351,7
9352,1
9353,6
9354,3
9355,1
9356,4
9357,2
9358,3
9359,5
9360,1
9361,14
9362,2
9363,1
9364,2
9365,6
9366,9
9367,9
9368,1
9369,2
9370,1
9371,3
9372,2
9373,4
9374,1
9375,1
9376,4
9377,152
9378,7
9379,3
9380,3
9381,2
9382,1
9383,1
9384,1
9385,10
9386,1
9387,3
9388,7
9389,4
9390,2
9391,3
9392,7
9393,2
9394,2
9395,3
9396,4
9397,2
9398,4
9399,5
9400,1
9401,2
9402,10
9403,3
9404,1
9405,16
9406,2
9407,1
9408,1
9409,126
9410,15
9411,1
9412,1
9413,4
9414,1
9415,231
9416,1
9417,2
9418,6
9419,9
9420,1
9421,14
9422,7
9423,3
9424,3
9425,2
9426,2
9427,3
9428,3
9429,8
9430,2
9431,17
9432,1
9433,4
9434,1
9435,5
9436,5
9437,4
9438,8
9439,1
9440,1
9441,6
9442,1
9443,1
9444,4
9445,2
9446,4
9447,1
9448,2
9449,8
9450,5
9451,3
9452,187
9453,2
9454,1
9455,1
9456,86
9457,2
9458,1
9459,149
9460,2
9461,4
9462,1
9463,1
9464,1
9465,2
9466,1
9467,17
9468,23
9469,2
9470,2
9471,93
9472,5
9473,14
9474,1
9475,5
9476,5
9477,30
9478,2
9479,3
9480,27
9481,6
9482,1
9483,3
9484,1
9485,2
9486,2
9487,1
9488,2
9489,82
9490,3
9491,1
9492,1
9493,48
9494,34
9495,53
9496,2
9497,8
9498,1
9499,59
9500,1
9501,128
9502,3
9503,23
9504,2
9505,10
9506,1
9507,3
9508,3
9509,210
9510,5
9511,1
9512,2
9513,6
9514,1
9515,1
9516,3
9517,4
9518,1
9519,5
9520,2
9521,680
9522,6
9523,3
9524,16
9525,2
9526,2
9527,1
9528,3
9529,12
9530,2
9531,1
9532,1
9533,216
9534,2
9535,21
9536,3
9537,4
9538,2
9539,21
9540,1
9541,4
9542,8
9543,11
9544,8
9545,20
9546,3
9547,47
9548,2
9549,6
9550,9
9551,1
9552,1
9553,2
9554,2
9555,1
9556,2
9557,2
9558,3
9559,1
9560,1
9561,8
9562,2
9563,5
9564,1
9565,2
9566,3
9567,3
9568,2
9569,2
9570,1
9571,7
9572,33
9573,4
9574,4
9575,1
9576,11
9577,2
9578,3
9579,1
9580,7
9581,2
9582,1
9583,3
9584,4
9585,78
9586,1
9587,15
9588,1
9589,32
9590,6
9591,1
9592,1
9593,2
9594,3
9595,1
9596,1
9597,42
9598,1
9599,1
9600,2
9601,138
9602,1
9603,1
9604,1
9605,168
9606,8
9607,1
9608,28
9609,14
9610,1
9611,13
9612,5
9613,8
9614,3
9615,NA
9616,1
9617,4
9618,1
9619,3
9620,2
9621,10
9622,3
9623,1
9624,3
9625,10
9626,12
9627,33
9628,5
9629,20
9630,1
9631,69
9632,1
9633,2
9634,1
9635,21
9636,1
9637,6
9638,10
9639,55
9640,3
9641,2
9642,6
9643,NA
9644,14
9645,2
9646,3
9647,1
9648,22
9649,4
9650,1
9651,1
9652,2
9653,32
9654,2
9655,17
9656,5
9657,2
9658,2
9659,3
9660,4
9661,2
9662,1
9663,5
9664,1
9665,6
9666,2
9667,1
9668,1
9669,10
9670,3
9671,1
9672,2
9673,8
9674,6
9675,11
9676,2
9677,4
9678,7
9679,99
9680,1
9681,2
9682,4
9683,1
9684,383
9685,2
9686,7
9687,71
9688,7
9689,2
9690,2
9691,15
9692,1
9693,4
9694,1
9695,3
9696,1
9697,166
9698,1
9699,3
9700,1
9701,12
9702,1
9703,433
9704,3
9705,10
9706,13
9707,23
9708,2
9709,12
9710,7
9711,15
9712,1
9713,2
9714,20
9715,9
9716,2
9717,2
9718,1
9719,1
9720,35
9721,22
9722,6
9723,1
9724,1
9725,48
9726,126
9727,1
9728,5
9729,6
9730,14
9731,3
9732,4
9733,2
9734,1
9735,1
9736,2
9737,10
9738,2
9739,1
9740,3
9741,10
9742,2
9743,5
9744,1
9745,4
9746,1
9747,3
9748,1
9749,2
9750,4
9751,1
9752,2
9753,12
9754,5
9755,41
9756,6
9757,254
9758,17
9759,19
9760,3
9761,74
9762,6
9763,29
9764,3
9765,4
9766,4
9767,NA
9768,1
9769,4
9770,4
9771,13
9772,1
9773,2
9774,2
9775,3
9776,2
9777,26
9778,3
9779,9
9780,1
9781,18
9782,3
9783,NA
9784,2
9785,2
9786,3
9787,13
9788,3
9789,6
9790,4
9791,1
9792,1
9793,18
9794,4
9795,3
9796,1
9797,2
9798,4
9799,1
9800,2
9801,8
9802,1
9803,1
9804,12
9805,16
9806,1
9807,1
9808,6
9809,8
9810,1
9811,1
9812,4
9813,14
9814,1
9815,1
9816,2
9817,10
9818,5
9819,1
9820,2
9821,8
9822,1
9823,1
9824,2
9825,498
9826,1
9827,1
9828,48
9829,12
9830,1
9831,19
9832,1
9833,2
9834,4
9835,27
9836,1
9837,4
9838,1
9839,3
9840,2
9841,16
9842,3
9843,1
9844,1
9845,6
9846,2
9847,11
9848,4
9849,14
9850,5
9851,1
9852,2
9853,2
9854,1
9855,1
9856,3
9857,NA
9858,6
9859,1
9860,3
9861,2
9862,16
9863,1
9864,4
9865,2
9866,4
9867,97
9868,1
9869,4
9870,8
9871,395
9872,4
9873,2
9874,3
9875,9
9876,1
9877,6
9878,1
9879,1
9880,1
9881,4
9882,2
9883,1
9884,2
9885,8
9886,3
9887,3
9888,2
9889,2
9890,1
9891,9
9892,1
9893,476
9894,1
9895,7
9896,3
9897,2
9898,1
9899,3
9900,1
9901,2
9902,1
9903,7
9904,3
9905,4
9906,4
9907,7
9908,4
9909,6
9910,17
9911,3
9912,3
9913,4
9914,1
9915,1
9916,63
9917,4
9918,2
9919,145
9920,3
9921,22
9922,3
9923,31
9924,1
9925,4
9926,1
9927,1
9928,1
9929,2
9930,2
9931,3
9932,1
9933,2
9934,1
9935,9
9936,20
9937,2
9938,2
9939,5
9940,1
9941,2
9942,2
9943,1
9944,1
9945,4
9946,1
9947,3
9948,7
9949,20
9950,1
9951,7
9952,2
9953,28
9954,2
9955,9
9956,1
9957,34
9958,1
9959,15
9960,2
9961,4
9962,3
9963,29
9964,2
9965,4
9966,1
9967,7
9968,1
9969,72
9970,1
9971,3
9972,4
9973,38
9974,4
9975,33
9976,4
9977,12
9978,4
9979,1
9980,2
9981,2
9982,1
9983,1
9984,3
9985,40
9986,1
9987,1
9988,42
9989,8
9990,6
9991,1
9992,10
9993,50
9994,1
9995,1
9996,15
9997,26
9998,1
9999,135
10000,1
