1,1
2,1
3,2
4,1
5,5
6,3
7,1
8,1
9,1
10,3
11,1
12,1
13,1
14,3
15,12
16,1
17,2
18,1
19,4
20,1
21,2
22,8
23,2
24,1
25,2
26,1
27,2
28,2
29,1
30,1
31,2
32,3
33,1
34,2
35,1
36,1
37,1
38,1
39,4
40,1
41,296
42,1
43,1
44,2
45,1
46,2
47,4
48,3
49,2
50,2
51,1
52,1
53,1
54,2
55,1
56,1
57,1
58,1
59,120
60,2
61,63
62,1
63,3
64,1
65,9
66,2
67,7
68,3
69,13
70,1
71,1
72,2
73,591
74,1
75,8
76,1
77,5
78,1
79,6
80,1
81,1
82,1
83,4
84,NA
85,1
86,120
87,1
88,11
89,1
90,2
91,1
92,1
93,1
94,5
95,2
96,3
97,1
98,7
99,1
100,3
101,1
102,1
103,1
104,2
105,5
106,2
107,1
108,1
109,1
110,1
111,1
112,6
113,2
114,10
115,1
116,4
117,4
118,3
119,4
120,2
121,34
122,161
123,1
124,1
125,1
126,1
127,4
128,1
129,1
130,2
131,2
132,1
133,2
134,11
135,2
136,2
137,1
138,3
139,1
140,3
141,87
142,1
143,1
144,2
145,588
146,1
147,1
148,1
149,17
150,1
151,6
152,1
153,1
154,1
155,NA
156,1
157,1
158,21
159,5
160,23
161,1654
162,4
163,2
164,1
165,1
166,1
167,2
168,2
169,9
170,4
171,2
172,1
173,201
174,2
175,1
176,2
177,1
178,3
179,1
180,1
181,1
182,4
183,1
184,1
185,5
186,1
187,1
188,2
189,48
190,2
191,1
192,1
193,3
194,2
195,60
196,NA
197,44
198,28
199,9
200,3
201,1
202,2
203,9
204,2
205,2
206,569
207,1
208,NA
209,1
210,1
211,1
212,2
213,4
214,1
215,2
216,1
217,1
218,1
219,3
220,4
221,8
222,2
223,8
224,1
225,1
226,4
227,1
228,39
229,2
230,2
231,4
232,4
233,1
234,1
235,1
236,24
237,28
238,1
239,6
240,1
241,1
242,16
243,1
244,8
245,1
246,1
247,1
248,27
249,69
250,3
251,4
252,1
253,2
254,1
255,278
256,1
257,3
258,11
259,2
260,1
261,1
262,4
263,1
264,49
265,1
266,2
267,9
268,1
269,8
270,4
271,1
272,1
273,25
274,8
275,5
276,3
277,1
278,4
279,1
280,1
281,4
282,5
283,1
284,2
285,1
286,3
287,2
288,45
289,1
290,1
291,1
292,90
293,92
294,4
295,15
296,88
297,10
298,1
299,1
300,2
301,1
302,3
303,8
304,2
305,1
306,5
307,157
308,1
309,1
310,1
311,26
312,1
313,2
314,4
315,4
316,3
317,3
318,3
319,3
320,2
321,2
322,1
323,2
324,1
325,4
326,67
327,9
328,2
329,891
330,4
331,1
332,8
333,1
334,1
335,NA
336,3
337,1
338,90
339,6
340,3
341,1
342,1
343,5
344,3
345,2
346,6
347,3
348,1
349,1
350,1
351,2
352,1
353,1
354,1
355,2
356,5
357,2
358,3
359,1
360,20
361,13
362,6
363,3
364,4
365,176
366,2
367,1
368,1
369,20
370,12
371,1
372,2
373,22
374,3
375,3
376,1
377,1
378,5
379,2
380,3
381,45
382,1
383,2
384,1
385,2
386,1
387,1
388,2
389,46
390,1
391,2
392,11
393,1
394,3
395,2
396,1
397,1
398,1
399,1
400,1
401,2
402,2
403,1
404,1
405,18
406,11
407,1
408,6
409,1
410,326
411,1
412,13
413,2
414,1
415,1
416,1
417,2
418,1
419,80
420,3
421,NA
422,2
423,18
424,12
425,1
426,1
427,54
428,3
429,2
430,4
431,23
432,1
433,1
434,NA
435,22
436,2
437,6
438,3
439,1
440,8
441,2
442,15
443,3
444,3
445,1
446,2
447,1
448,6
449,1
450,2
451,1
452,1
453,1
454,8
455,3
456,3
457,2
458,10
459,6
460,248
461,1
462,3
463,1
464,186
465,1
466,9
467,1
468,2
469,2
470,1
471,1
472,52
473,3
474,3
475,22
476,2
477,1
478,489
479,3
480,1
481,NA
482,6
483,4
484,1
485,1
486,1
487,8
488,1
489,6
490,2
491,2
492,6
493,1
494,2
495,1
496,4
497,NA
498,1
499,112
500,3
501,162
502,560
503,274
504,6
505,1
506,1
507,4
508,5
509,6
510,1
511,5
512,2
513,1
514,1
515,1
516,4
517,1
518,8
519,8
520,1
521,1
522,2
523,8
524,4
525,770
526,2
527,2
528,126
529,7
530,22
531,2
532,2
533,3
534,5
535,40
536,45
537,1
538,1
539,1
540,6
541,2
542,13
543,2
544,44
545,2
546,2
547,3
548,1
549,1
550,6
551,1
552,1
553,6
554,2
555,2
556,2
557,5
558,3
559,10
560,1
561,4
562,2
563,887
564,1
565,2
566,1
567,2
568,6
569,3
570,1
571,1
572,2
573,3
574,1
575,1
576,2
577,1
578,4
579,1
580,15
581,24
582,1
583,1
584,1
585,1
586,2
587,1
588,1
589,19
590,35
591,1
592,2
593,4
594,73
595,2
596,3
597,1
598,1
599,8
600,3
601,1
602,46
603,1
604,1
605,3
606,3
607,1
608,3
609,1
610,2
611,52
612,1
613,15
614,3
615,2
616,1
617,3
618,27
619,5
620,1
621,2
622,17
623,4
624,21
625,1
626,2
627,5
628,17
629,1
630,7
631,1
632,346
633,12
634,2
635,9
636,2
637,1
638,304
639,3
640,1
641,1
642,4
643,2
644,2
645,1
646,9
647,2
648,4
649,3
650,1
651,1
652,9
653,5
654,90
655,37
656,1
657,4
658,1
659,9
660,1
661,4
662,2
663,5
664,1
665,4
666,3
667,5
668,1371
669,8
670,1
671,6
672,1
673,1
674,1
675,1
676,4
677,10
678,12
679,3
680,53
681,3
682,1
683,1
684,1
685,2
686,1
687,7
688,2
689,210
690,1
691,5
692,2
693,1
694,28
695,3
696,1
697,3
698,3
699,2
700,1
701,5
702,1
703,3
704,1
705,1
706,48
707,15
708,2
709,1
710,7
711,20
712,3
713,3
714,1
715,3
716,3
717,1
718,1
719,13
720,1
721,13
722,4
723,1
724,753
725,2
726,1
727,7
728,1
729,NA
730,2
731,4
732,15
733,1
734,5
735,1
736,7
737,7
738,9
739,115
740,1
741,4
742,1
743,3
744,4
745,1
746,8
747,2
748,1
749,1
750,12
751,1
752,2
753,1
754,2
755,5
756,3
757,2
758,1
759,1
760,1
761,5
762,2
763,4
764,638
765,5
766,1
767,1
768,5
769,9
770,8
771,2
772,10
773,1
774,1
775,1
776,7
777,1
778,6
779,6
780,1389
781,1
782,5
783,1
784,2
785,1
786,1
787,23
788,5
789,1926
790,1
791,1
792,1
793,2
794,7
795,1
796,6
797,29
798,2
799,1
800,1
801,6
802,2
803,3
804,1
805,3
806,2
807,29
808,5
809,5
810,1
811,6
812,1
813,1
814,5
815,5
816,1
817,9
818,1
819,2
820,15
821,1
822,5
823,1
824,29
825,4
826,8
827,5
828,1
829,1
830,3
831,7
832,2
833,5
834,1
835,1
836,2
837,2
838,1
839,4
840,2
841,1
842,453
843,1
844,5
845,1
846,1
847,1
848,75
849,2
850,1
851,9
852,2
853,7
854,1
855,131
856,1
857,4
858,52
859,16
860,38
861,2
862,4
863,1
864,4
865,22
866,30
867,1
868,6
869,2
870,4
871,3
872,95
873,4
874,1
875,9
876,1
877,3
878,11
879,1
880,12
881,1
882,5
883,1
884,1
885,2
886,2
887,2
888,1
889,1
890,1
891,1
892,2
893,103
894,2
895,2
896,3
897,4
898,2
899,4
900,1
901,1
902,3
903,1
904,1
905,8
906,3
907,3
908,4
909,1
910,1
911,457
912,1
913,3
914,8
915,2
916,6
917,7
918,51
919,2
920,1
921,10
922,1
923,9
924,4
925,1
926,52
927,1
928,1
929,108
930,3
931,6
932,3
933,2
934,6
935,2
936,3
937,3
938,1
939,1
940,1
941,14
942,1
943,1
944,4
945,1
946,10
947,1
948,1
949,1
950,243
951,1
952,5
953,5
954,1
955,1
956,1
957,1
958,2
959,2
960,5
961,1
962,1
963,4
964,115
965,6
966,1
967,4
968,11
969,3
970,1
971,1
972,2
973,1
974,NA
975,2
976,1
977,2
978,1
979,1
980,4
981,131
982,11
983,1
984,15
985,949
986,14
987,3
988,1
989,1
990,2
991,6
992,1
993,86
994,4
995,5
996,24
997,1
998,1
999,1
1000,1
1001,3
1002,2
1003,2
1004,8
1005,2
1006,6
1007,2
1008,1
1009,6
1010,453
1011,2
1012,2
1013,8
1014,1
1015,1
1016,31
1017,3
1018,4
1019,7
1020,1
1021,1
1022,2
1023,3
1024,43
1025,2
1026,75
1027,4
1028,40
1029,2
1030,1
1031,3
1032,2
1033,11
1034,26
1035,2
1036,1
1037,1
1038,1
1039,30
1040,2
1041,2
1042,1
1043,44
1044,3
1045,1
1046,16
1047,1
1048,11
1049,2
1050,81
1051,5
1052,2
1053,20
1054,166
1055,1
1056,6
1057,12
1058,866
1059,1
1060,2
1061,5
1062,9
1063,2
1064,1
1065,1
1066,3
1067,8
1068,3
1069,8
1070,283
1071,1
1072,1
1073,12
1074,1
1075,10
1076,3
1077,1
1078,1
1079,13
1080,1
1081,1
1082,6
1083,3
1084,149
1085,195
1086,56
1087,5
1088,11
1089,1
1090,1
1091,1
1092,1
1093,7
1094,5
1095,2
1096,1
1097,1
1098,2
1099,4
1100,1
1101,1
1102,6
1103,3
1104,1
1105,9
1106,19
1107,1
1108,1
1109,16
1110,1
1111,19
1112,9
1113,1
1114,1
1115,14
1116,1
1117,2
1118,1
1119,5
1120,4
1121,342
1122,2
1123,3
1124,2
1125,10
1126,4
1127,3
1128,7
1129,1
1130,3
1131,1
1132,1
1133,2
1134,1
1135,1
1136,1
1137,2
1138,1
1139,3
1140,1
1141,1
1142,1
1143,2
1144,35
1145,63
1146,1
1147,1
1148,2
1149,3
1150,3
1151,17
1152,8
1153,1
1154,16
1155,1
1156,2
1157,8
1158,4
1159,1
1160,1
1161,2
1162,2
1163,1
1164,10
1165,1
1166,3
1167,1
1168,1
1169,4
1170,1
1171,2
1172,15
1173,36
1174,1
1175,18
1176,2
1177,1
1178,1
1179,122
1180,3
1181,645
1182,5
1183,2
1184,5
1185,11
1186,1
1187,1
1188,7
1189,3
1190,1
1191,1
1192,7
1193,2
1194,225
1195,5
1196,1
1197,1
1198,1
1199,1
1200,3
1201,1
1202,5
1203,1
1204,2
1205,7
1206,1
1207,1
1208,7
1209,11
1210,1
1211,8
1212,6
1213,1
1214,5
1215,1
1216,14
1217,21
1218,1
1219,2
1220,237
1221,6
1222,10
1223,1
1224,1
1225,1
1226,6
1227,3
1228,2
1229,3
1230,7
1231,3
1232,1
1233,8
1234,6
1235,1
1236,1
1237,1
1238,8
1239,6
1240,3
1241,7
1242,1
1243,32
1244,12
1245,1
1246,1
1247,2
1248,3
1249,2
1250,1
1251,3
1252,71
1253,19
1254,1
1255,1
1256,2
1257,59
1258,1
1259,1
1260,10
1261,4
1262,NA
1263,2
1264,1
1265,2
1266,1
1267,36
1268,NA
1269,25
1270,2
1271,NA
1272,12
1273,26
1274,2
1275,53
1276,2
1277,1
1278,1
1279,2
1280,16
1281,6
1282,4
1283,14
1284,1
1285,1
1286,2
1287,1
1288,1
1289,1
1290,2
1291,2
1292,18
1293,3
1294,175
1295,11
1296,7
1297,1
1298,12
1299,1
1300,5
1301,2
1302,1
1303,2
1304,5
1305,4
1306,1
1307,3
1308,1
1309,2
1310,5
1311,1
1312,2
1313,NA
1314,258
1315,2
1316,52
1317,371
1318,1
1319,2
1320,1
1321,1
1322,1
1323,1
1324,4
1325,1
1326,64
1327,15
1328,18
1329,10
1330,4
1331,1
1332,3
1333,2
1334,1
1335,2
1336,2
1337,2
1338,1
1339,1
1340,1
1341,8
1342,2
1343,1
1344,82
1345,1
1346,2
1347,1
1348,8
1349,1
1350,1
1351,1
1352,133
1353,4
1354,1
1355,11
1356,15
1357,4
1358,4
1359,14
1360,4
1361,1
1362,1
1363,6
1364,3
1365,1
1366,1
1367,28
1368,3
1369,4
1370,12
1371,2
1372,1
1373,3
1374,1
1375,7
1376,1
1377,5
1378,NA
1379,3
1380,4
1381,4
1382,5
1383,8
1384,100
1385,2
1386,1
1387,1
1388,7
1389,1
1390,1039
1391,6
1392,4
1393,1
1394,268
1395,97
1396,1
1397,NA
1398,3
1399,17
1400,2
1401,37
1402,13
1403,5
1404,5
1405,20
1406,3
1407,1
1408,1
1409,2
1410,3
1411,1
1412,1
1413,1
1414,13
1415,15
1416,3
1417,3
1418,11
1419,19
1420,1
1421,8
1422,42
1423,1
1424,4
1425,2
1426,2
1427,3
1428,3
1429,6
1430,1
1431,29
1432,1
1433,7
1434,6
1435,4
1436,35
1437,1
1438,1
1439,1
1440,1
1441,4
1442,1
1443,3
1444,2
1445,3
1446,2
1447,4
1448,1
1449,93
1450,1
1451,4
1452,1
1453,2
1454,30
1455,1
1456,1
1457,1
1458,14
1459,1
1460,3
1461,2
1462,1
1463,17
1464,1
1465,1
1466,2
1467,14
1468,1
1469,9
1470,90
1471,1
1472,2
1473,7
1474,1
1475,5
1476,1
1477,8
1478,354
1479,1
1480,80
1481,11
1482,1
1483,1
1484,1
1485,4
1486,1
1487,1
1488,1
1489,1
1490,6
1491,12
1492,94
1493,40
1494,NA
1495,1
1496,3
1497,1
1498,2
1499,2
1500,1
1501,5
1502,2
1503,537
1504,3
1505,1
1506,3
1507,1
1508,2
1509,6
1510,1
1511,5
1512,1
1513,28
1514,201
1515,1
1516,27
1517,3
1518,53
1519,3
1520,1
1521,10
1522,5
1523,9
1524,2
1525,7
1526,21
1527,2
1528,82
1529,1
1530,1
1531,2
1532,4
1533,5
1534,1
1535,2
1536,1
1537,3
1538,1
1539,8
1540,1
1541,4
1542,178
1543,1
1544,5
1545,2
1546,5
1547,2
1548,1
1549,676
1550,1
1551,1
1552,1
1553,NA
1554,1
1555,1
1556,121
1557,70
1558,1
1559,1
1560,1
1561,24
1562,6
1563,1
1564,6
1565,16
1566,14
1567,8
1568,4
1569,4
1570,16
1571,2
1572,6
1573,1
1574,2
1575,1
1576,16
1577,4
1578,1
1579,28
1580,2
1581,1
1582,2
1583,1
1584,2
1585,2
1586,1
1587,3
1588,2
1589,30
1590,2
1591,2
1592,10
1593,1
1594,79
1595,1
1596,5
1597,3
1598,2
1599,6
1600,3
1601,2
1602,1
1603,1
1604,1
1605,1
1606,1
1607,24
1608,5
1609,1
1610,5
1611,3
1612,29
1613,15
1614,3
1615,4
1616,3
1617,2
1618,5
1619,2
1620,2
1621,1
1622,1
1623,4
1624,2
1625,6
1626,2
1627,2
1628,1
1629,1
1630,11
1631,3
1632,2
1633,2
1634,84
1635,7
1636,1
1637,14
1638,2
1639,9
1640,3
1641,13
1642,1
1643,12
1644,4
1645,4
1646,10
1647,14
1648,1
1649,6
1650,1
1651,1
1652,26
1653,2
1654,2
1655,1
1656,40
1657,1
1658,9
1659,1
1660,2
1661,2
1662,1
1663,1
1664,8
1665,7
1666,1
1667,64
1668,2
1669,19
1670,2
1671,1
1672,2
1673,1
1674,27
1675,4
1676,1
1677,2
1678,40
1679,72
1680,1
1681,4
1682,1
1683,32
1684,5
1685,76
1686,2
1687,1
1688,8
1689,33
1690,1
1691,1
1692,6
1693,3
1694,4
1695,1
1696,1
1697,6
1698,5
1699,1
1700,92
1701,1
1702,3
1703,1
1704,1
1705,2
1706,2
1707,7
1708,2
1709,2
1710,1
1711,8
1712,12
1713,651
1714,1
1715,2
1716,2
1717,1
1718,8
1719,25
1720,1
1721,97
1722,2
1723,5
1724,41
1725,3
1726,1
1727,1
1728,1
1729,1
1730,1
1731,6
1732,5
1733,2
1734,2
1735,1
1736,2
1737,1
1738,1
1739,4
1740,1
1741,1
1742,2
1743,1
1744,742
1745,11
1746,5
1747,1
1748,1
1749,2
1750,5
1751,2
1752,1
1753,1
1754,2
1755,12
1756,1
1757,16
1758,4
1759,2
1760,2
1761,3
1762,2
1763,1
1764,1
1765,6
1766,138
1767,1
1768,1
1769,2
1770,NA
1771,2
1772,1
1773,1
1774,2
1775,34
1776,1
1777,5
1778,2
1779,1
1780,3
1781,1
1782,17
1783,3
1784,1
1785,2
1786,6
1787,11
1788,2
1789,9
1790,4
1791,1
1792,7
1793,1
1794,2
1795,2
1796,3
1797,3
1798,1
1799,97
1800,122
1801,3
1802,1
1803,1
1804,1
1805,8
1806,5
1807,3
1808,8
1809,1
1810,13
1811,6
1812,21
1813,593
1814,234
1815,9
1816,1
1817,67
1818,2
1819,3
1820,1
1821,7
1822,2
1823,3
1824,13
1825,6
1826,1
1827,3
1828,1
1829,1
1830,1
1831,1
1832,533
1833,2
1834,5
1835,5
1836,4
1837,1
1838,51
1839,1
1840,5
1841,2
1842,1
1843,3
1844,389
1845,1
1846,32
1847,1
1848,5
1849,1
1850,2
1851,4
1852,2
1853,1
1854,NA
1855,1
1856,1
1857,8
1858,4
1859,9
1860,16
1861,NA
1862,8
1863,2
1864,4
1865,18
1866,22
1867,1
1868,24
1869,19
1870,1
1871,1
1872,3
1873,2
1874,7
1875,1
1876,2
1877,6
1878,1
1879,2
1880,1
1881,2
1882,1
1883,6
1884,4
1885,2
1886,3
1887,264
1888,2
1889,1
1890,1
1891,3
1892,3
1893,1
1894,2
1895,5
1896,1
1897,16
1898,4
1899,1
1900,1
1901,1
1902,631
1903,2
1904,2
1905,3
1906,2
1907,2
1908,1
1909,5
1910,7
1911,1
1912,1
1913,NA
1914,1
1915,1
1916,22
1917,9
1918,4
1919,450
1920,2
1921,2
1922,5
1923,58
1924,2
1925,7
1926,2
1927,22
1928,1
1929,1
1930,7
1931,9
1932,2
1933,1
1934,16
1935,4
1936,2
1937,1
1938,1
1939,9
1940,3
1941,4
1942,5
1943,1
1944,143
1945,1
1946,1
1947,2
1948,708
1949,2
1950,26
1951,5
1952,23
1953,8
1954,1
1955,1
1956,3
1957,1
1958,2
1959,20
1960,2
1961,1
1962,1
1963,8
1964,9
1965,1
1966,578
1967,3
1968,7
1969,3
1970,4
1971,NA
1972,12
1973,1
1974,23
1975,12
1976,1260
1977,1
1978,2
1979,7
1980,1
1981,1
1982,1
1983,5
1984,1
1985,45
1986,3
1987,4
1988,506
1989,1
1990,2
1991,1
1992,1
1993,2
1994,8
1995,1
1996,1
1997,4
1998,2
1999,14
2000,3
2001,1
2002,4
2003,8
2004,5
2005,1
2006,1
2007,1
2008,2
2009,1
2010,1
2011,1
2012,107
2013,1
2014,1
2015,8
2016,1
2017,3
2018,4
2019,353
2020,1
2021,3
2022,6
2023,1
2024,NA
2025,6
2026,3
2027,NA
2028,1
2029,1
2030,3
2031,1
2032,1
2033,32
2034,9
2035,9
2036,NA
2037,95
2038,4
2039,114
2040,1
2041,7
2042,17
2043,1
2044,2
2045,3
2046,1
2047,11
2048,6
2049,2
2050,15
2051,1
2052,2
2053,5
2054,1
2055,2
2056,2
2057,2
2058,1
2059,1
2060,1
2061,1
2062,5
2063,3
2064,1
2065,25
2066,6
2067,4
2068,3
2069,49
2070,6
2071,1
2072,6
2073,1
2074,2
2075,27
2076,6
2077,9
2078,NA
2079,1
2080,3
2081,28
2082,1774
2083,4
2084,6
2085,12
2086,1
2087,1
2088,2
2089,3
2090,1
2091,4
2092,1
2093,3
2094,4
2095,1
2096,NA
2097,1
2098,4
2099,1
2100,8
2101,6
2102,2
2103,1
2104,5
2105,4
2106,3
2107,7
2108,1
2109,101
2110,2
2111,39
2112,3
2113,2
2114,8
2115,83
2116,1
2117,1
2118,2
2119,5
2120,108
2121,1
2122,3
2123,8
2124,2
2125,1
2126,1
2127,12
2128,1
2129,12
2130,50
2131,98
2132,1
2133,1
2134,1
2135,1
2136,1
2137,80
2138,5
2139,3
2140,2
2141,2
2142,66
2143,1
2144,3
2145,1
2146,2
2147,5
2148,1
2149,2
2150,2
2151,2
2152,4
2153,1
2154,1
2155,6
2156,2
2157,3
2158,1
2159,1
2160,5
2161,1
2162,24
2163,1
2164,4
2165,23
2166,1
2167,2
2168,NA
2169,2
2170,1
2171,6
2172,1
2173,5
2174,276
2175,1
2176,18
2177,1
2178,1
2179,5
2180,1
2181,1
2182,25
2183,21
2184,4
2185,4
2186,4
2187,4
2188,3
2189,1
2190,1
2191,3
2192,3
2193,2
2194,3
2195,4
2196,2
2197,31
2198,4
2199,1
2200,12
2201,341
2202,16
2203,4
2204,25
2205,14
2206,4
2207,76
2208,4
2209,1
2210,56
2211,1
2212,2
2213,1
2214,3
2215,1
2216,1
2217,3
2218,11
2219,15
2220,3
2221,1
2222,11
2223,1
2224,1
2225,3
2226,2
2227,30
2228,2
2229,10
2230,18
2231,1
2232,1
2233,13
2234,1
2235,11
2236,4
2237,2
2238,9
2239,68
2240,1
2241,3
2242,4
2243,1
2244,42
2245,2
2246,6
2247,27
2248,1
2249,1
2250,8
2251,11
2252,3
2253,2
2254,66
2255,3
2256,1
2257,15
2258,2
2259,2
2260,1
2261,150
2262,1
2263,183
2264,228
2265,1
2266,2
2267,20
2268,1
2269,4
2270,4
2271,14
2272,22
2273,111
2274,1
2275,7
2276,2
2277,1
2278,2
2279,3
2280,1
2281,2
2282,12
2283,2
2284,1
2285,1
2286,1
2287,2
2288,18
2289,3
2290,5
2291,8
2292,2
2293,2
2294,2
2295,1
2296,3
2297,12
2298,3
2299,1
2300,122
2301,1
2302,3
2303,11
2304,6
2305,33
2306,1
2307,351
2308,3
2309,354
2310,6
2311,1
2312,1
2313,2
2314,1
2315,1
2316,3
2317,11
2318,8
2319,3
2320,1
2321,392
2322,4
2323,1
2324,1
2325,1
2326,1
2327,12
2328,42
2329,1
2330,2
2331,1
2332,18
2333,1
2334,1
2335,1
2336,3
2337,1
2338,5
2339,1
2340,15
2341,2
2342,49
2343,1
2344,2
2345,23
2346,1
2347,1
2348,17
2349,27
2350,4
2351,18
2352,1
2353,12
2354,92
2355,1
2356,5
2357,1
2358,2
2359,9
2360,112
2361,44
2362,1
2363,3
2364,1
2365,14
2366,1
2367,2
2368,1
2369,4
2370,1
2371,73
2372,2
2373,3
2374,2
2375,1
2376,3
2377,1
2378,NA
2379,1
2380,26
2381,3
2382,4
2383,2
2384,1
2385,4
2386,1
2387,4
2388,1
2389,5
2390,3
2391,3
2392,2
2393,947
2394,7
2395,6
2396,1
2397,2
2398,3
2399,2
2400,2
2401,1
2402,10
2403,2
2404,3
2405,1
2406,50
2407,5
2408,3
2409,1
2410,4
2411,1
2412,2
2413,3
2414,1
2415,23
2416,27
2417,6
2418,1
2419,2
2420,5
2421,6
2422,2
2423,1
2424,1
2425,1
2426,2
2427,1
2428,1
2429,2
2430,1
2431,1
2432,3
2433,1
2434,1
2435,2
2436,5
2437,2
2438,5
2439,16
2440,1
2441,7
2442,3
2443,1
2444,3
2445,1
2446,5
2447,1
2448,2
2449,1
2450,4
2451,2
2452,4
2453,27
2454,2
2455,1
2456,1
2457,9
2458,1
2459,15
2460,7
2461,23
2462,2
2463,2
2464,1
2465,1
2466,1
2467,6
2468,6
2469,2
2470,9
2471,6
2472,105
2473,3
2474,1
2475,1
2476,2
2477,1
2478,1
2479,1
2480,NA
2481,2
2482,9
2483,49
2484,1
2485,11
2486,1
2487,3
2488,1
2489,126
2490,325
2491,2
2492,2
2493,5
2494,5
2495,1
2496,1
2497,35
2498,2
2499,1
2500,1
2501,2
2502,1
2503,8
2504,1
2505,3
2506,3
2507,8
2508,1
2509,2
2510,1
2511,2
2512,521
2513,1
2514,250
2515,2
2516,24
2517,1
2518,3
2519,110
2520,3
2521,2
2522,1
2523,2
2524,2
2525,9
2526,17
2527,25
2528,14
2529,1
2530,8
2531,7
2532,6
2533,30
2534,2
2535,2
2536,7
2537,17
2538,1
2539,1
2540,1
2541,NA
2542,4
2543,27
2544,2
2545,8
2546,7
2547,NA
2548,19
2549,6
2550,1
2551,24
2552,2
2553,1
2554,5
2555,19
2556,1
2557,1
2558,NA
2559,1
2560,5
2561,NA
2562,4
2563,6
2564,1
2565,3
2566,1
2567,1
2568,41
2569,193
2570,14
2571,4
2572,7
2573,2
2574,18
2575,10
2576,30
2577,2
2578,2
2579,3
2580,3
2581,1
2582,5
2583,1
2584,1
2585,1
2586,19
2587,2
2588,2
2589,1
2590,1
2591,10
2592,1
2593,1
2594,12
2595,1
2596,1
2597,108
2598,2
2599,2
2600,11
2601,1
2602,23
2603,1
2604,1
2605,1
2606,9
2607,2
2608,1
2609,11
2610,264
2611,1
2612,1
2613,19
2614,11
2615,NA
2616,3
2617,2
2618,1
2619,5
2620,2
2621,3
2622,26
2623,11
2624,2
2625,592
2626,69
2627,2
2628,1
2629,2
2630,1
2631,1
2632,1
2633,5
2634,2
2635,25
2636,1
2637,548
2638,7
2639,1
2640,8
2641,1
2642,2
2643,NA
2644,8
2645,1
2646,4
2647,1
2648,13
2649,1
2650,14
2651,6
2652,1
2653,1
2654,1
2655,1
2656,36
2657,3
2658,1
2659,1
2660,2
2661,1
2662,1
2663,2
2664,3
2665,4
2666,4
2667,2
2668,19
2669,2
2670,3
2671,48
2672,1
2673,2
2674,68
2675,1
2676,1
2677,1
2678,2
2679,2
2680,4
2681,38
2682,4
2683,1
2684,36
2685,2
2686,2
2687,9
2688,3
2689,3
2690,229
2691,2
2692,1
2693,6
2694,3
2695,2
2696,5
2697,12
2698,260
2699,1
2700,884
2701,4
2702,1
2703,18
2704,1
2705,NA
2706,6
2707,3
2708,1
2709,7
2710,4
2711,18
2712,15
2713,4
2714,9
2715,1
2716,1
2717,1
2718,2
2719,22
2720,7
2721,1
2722,14
2723,14
2724,1
2725,1
2726,2
2727,3
2728,1398
2729,57
2730,2
2731,11
2732,6
2733,1
2734,27
2735,2
2736,3
2737,1
2738,3
2739,24
2740,1
2741,21
2742,1
2743,4
2744,2
2745,25
2746,7
2747,1
2748,39
2749,1
2750,9
2751,2
2752,85
2753,2
2754,2
2755,5
2756,4
2757,1
2758,18
2759,2
2760,1
2761,2
2762,217
2763,1
2764,21
2765,1
2766,2
2767,3
2768,6
2769,204
2770,1
2771,1
2772,1
2773,1
2774,3
2775,1
2776,1
2777,2
2778,5
2779,NA
2780,16
2781,35
2782,14
2783,40
2784,1
2785,23
2786,102
2787,1
2788,12
2789,205
2790,1
2791,1
2792,60
2793,48
2794,2
2795,2
2796,2
2797,1
2798,1
2799,1
2800,3
2801,1
2802,1
2803,7
2804,2
2805,4
2806,1
2807,1
2808,1
2809,4
2810,1
2811,4
2812,4
2813,18
2814,4
2815,43
2816,1
2817,7
2818,3
2819,3
2820,26
2821,1
2822,5
2823,1
2824,26
2825,1
2826,1
2827,2
2828,63
2829,3
2830,25
2831,5
2832,1
2833,2
2834,2
2835,1
2836,1
2837,3
2838,2
2839,NA
2840,2
2841,6
2842,1
2843,4
2844,2
2845,5
2846,1
2847,2
2848,1
2849,3
2850,6
2851,20
2852,416
2853,12
2854,13
2855,12
2856,1
2857,1
2858,2
2859,2
2860,1
2861,2
2862,2
2863,2
2864,1
2865,4
2866,2
2867,12
2868,1
2869,230
2870,1
2871,8
2872,3
2873,3
2874,3
2875,1
2876,3
2877,65
2878,1
2879,1
2880,2
2881,NA
2882,1
2883,1
2884,21
2885,2
2886,20
2887,47
2888,2
2889,6
2890,1
2891,9
2892,1
2893,4
2894,5
2895,2
2896,65
2897,1
2898,4
2899,8
2900,1
2901,240
2902,2
2903,3
2904,1
2905,126
2906,1
2907,1
2908,2
2909,1
2910,29
2911,1
2912,36
2913,1
2914,1
2915,403
2916,5
2917,7
2918,31
2919,17
2920,1
2921,3
2922,2
2923,1
2924,1
2925,3
2926,1
2927,1
2928,2
2929,3
2930,2
2931,1
2932,2
2933,5
2934,1
2935,1
2936,12
2937,1
2938,1
2939,3
2940,11
2941,39
2942,62
2943,3
2944,4
2945,1
2946,2
2947,1
2948,3
2949,1
2950,7
2951,1
2952,2
2953,1
2954,NA
2955,5
2956,6
2957,2
2958,2
2959,2
2960,1
2961,1
2962,1
2963,1
2964,1
2965,2
2966,5
2967,6
2968,1
2969,52
2970,3
2971,1
2972,15
2973,3
2974,22
2975,2
2976,45
2977,1
2978,8
2979,116
2980,1
2981,6
2982,1
2983,3
2984,72
2985,1
2986,15
2987,2
2988,22
2989,1
2990,13
2991,1
2992,1
2993,3
2994,25
2995,1
2996,1
2997,1
2998,130
2999,7
3000,4
3001,7
3002,14
3003,2
3004,1
3005,5
3006,2
3007,3
3008,1
3009,4
3010,22
3011,8
3012,4
3013,3
3014,1
3015,36
3016,1
3017,4
3018,10
3019,9
3020,3
3021,16
3022,4
3023,NA
3024,2
3025,2
3026,1
3027,1
3028,2
3029,11
3030,2
3031,4
3032,1
3033,1
3034,2
3035,48
3036,1
3037,1
3038,45
3039,1
3040,2
3041,2
3042,4
3043,2
3044,NA
3045,1
3046,2
3047,17
3048,1
3049,41
3050,1
3051,1
3052,1
3053,67
3054,1
3055,48
3056,5
3057,2
3058,5
3059,1
3060,3
3061,2
3062,4
3063,8
3064,8
3065,2
3066,3
3067,569
3068,1
3069,13
3070,8
3071,1
3072,25
3073,1
3074,6
3075,3
3076,5
3077,1
3078,3
3079,2
3080,3
3081,2
3082,1
3083,2
3084,2
3085,1
3086,2
3087,40
3088,1
3089,6
3090,1
3091,1
3092,2
3093,1
3094,2
3095,11
3096,12
3097,42
3098,1
3099,3
3100,2
3101,3
3102,1
3103,5
3104,1
3105,1
3106,1
3107,3
3108,2
3109,2
3110,NA
3111,1
3112,209
3113,1
3114,1
3115,1
3116,1
3117,1
3118,2
3119,132
3120,2
3121,4
3122,1
3123,1
3124,69
3125,12
3126,10
3127,4
3128,12
3129,2
3130,12
3131,2
3132,1
3133,3
3134,349
3135,2
3136,1
3137,5
3138,4
3139,1
3140,4
3141,15
3142,1
3143,6
3144,5
3145,1
3146,2
3147,4
3148,28
3149,2
3150,1
3151,3
3152,795
3153,4
3154,1
3155,2
3156,1
3157,6
3158,52
3159,1
3160,3
3161,1
3162,1
3163,5
3164,59
3165,230
3166,2
3167,1
3168,1
3169,7
3170,3
3171,1
3172,2
3173,12
3174,9
3175,1
3176,8
3177,2
3178,1
3179,1
3180,1
3181,1
3182,2
3183,1
3184,1
3185,2
3186,6
3187,5
3188,1
3189,831
3190,2
3191,3
3192,3
3193,5
3194,4
3195,2
3196,5
3197,1
3198,1
3199,3
3200,11
3201,7
3202,1
3203,1
3204,1
3205,12
3206,1
3207,22
3208,7
3209,6
3210,1
3211,8
3212,1
3213,4
3214,40
3215,96
3216,14
3217,4
3218,33
3219,27
3220,1
3221,19
3222,1
3223,1
3224,6
3225,1
3226,1
3227,6
3228,14
3229,10
3230,NA
3231,8
3232,1
3233,3
3234,2
3235,1
3236,422
3237,3
3238,1
3239,1
3240,5
3241,2
3242,1
3243,5
3244,2
3245,3
3246,1
3247,2
3248,1
3249,4
3250,1
3251,45
3252,2
3253,3
3254,17
3255,59
3256,1
3257,1
3258,78
3259,66
3260,1
3261,1
3262,4
3263,2
3264,11
3265,1
3266,4
3267,1
3268,1
3269,12
3270,2
3271,7
3272,5
3273,12
3274,1
3275,4
3276,2
3277,3
3278,1
3279,10
3280,1
3281,576
3282,1
3283,1
3284,2
3285,21
3286,1
3287,3
3288,2
3289,4
3290,23
3291,1
3292,1
3293,1
3294,12
3295,4
3296,22
3297,26
3298,2
3299,2
3300,6
3301,3
3302,2
3303,2
3304,1
3305,1
3306,4
3307,1
3308,15
3309,2
3310,384
3311,1
3312,3
3313,2
3314,1
3315,2
3316,1
3317,33
3318,1
3319,20
3320,2
3321,1
3322,45
3323,93
3324,136
3325,2
3326,8
3327,5
3328,3
3329,1
3330,4
3331,5
3332,1
3333,2
3334,1
3335,5
3336,3
3337,1
3338,1
3339,3
3340,2
3341,1
3342,1
3343,1
3344,42
3345,5
3346,8
3347,11
3348,3
3349,3
3350,10
3351,55
3352,1
3353,3
3354,1
3355,1
3356,2
3357,1
3358,1
3359,1
3360,12
3361,2
3362,14
3363,3
3364,3
3365,1
3366,2
3367,2
3368,31
3369,17
3370,1
3371,6
3372,8
3373,1
3374,1
3375,74
3376,1
3377,6
3378,3
3379,3
3380,14
3381,2
3382,2
3383,50
3384,2
3385,4
3386,1
3387,1
3388,8
3389,8
3390,1
3391,28
3392,1
3393,1
3394,2
3395,1
3396,1
3397,1
3398,467
3399,1
3400,8
3401,1
3402,19
3403,1
3404,16
3405,4
3406,1
3407,1718
3408,14
3409,1
3410,1
3411,3
3412,2
3413,3
3414,141
3415,19
3416,2
3417,1
3418,24
3419,4
3420,1
3421,1
3422,288
3423,30
3424,2
3425,3
3426,2
3427,3
3428,1
3429,1
3430,6
3431,979
3432,5
3433,1
3434,2
3435,8
3436,1
3437,2
3438,13
3439,4
3440,145
3441,2
3442,6
3443,2
3444,44
3445,1
3446,4
3447,4
3448,3
3449,3
3450,2
3451,18
3452,3
3453,2
3454,2
3455,2
3456,3
3457,1
3458,3
3459,1
3460,4
3461,2
3462,1
3463,1
3464,1
3465,4
3466,5
3467,1
3468,5
3469,54
3470,86
3471,13
3472,NA
3473,1
3474,24
3475,3
3476,4
3477,1
3478,1
3479,8
3480,3
3481,1
3482,4
3483,46
3484,1
3485,6
3486,1
3487,1
3488,6
3489,1
3490,2
3491,20
3492,1
3493,139
3494,402
3495,30
3496,1
3497,6
3498,1
3499,2
3500,2
3501,1
3502,2
3503,NA
3504,15
3505,5
3506,3
3507,2
3508,3
3509,1
3510,1
3511,2
3512,21
3513,6
3514,100
3515,8
3516,6
3517,135
3518,47
3519,33
3520,1
3521,172
3522,1
3523,1
3524,12
3525,3
3526,5
3527,1
3528,1
3529,1
3530,16
3531,3
3532,1
3533,6
3534,6
3535,4
3536,1
3537,29
3538,4
3539,3
3540,2
3541,2
3542,38
3543,2
3544,32
3545,1
3546,1
3547,286
3548,10
3549,1
3550,1
3551,245
3552,2
3553,5
3554,1
3555,2
3556,3
3557,1
3558,8
3559,19
3560,2
3561,356
3562,2
3563,7
3564,1
3565,2
3566,3
3567,1
3568,3
3569,2
3570,2
3571,21
3572,1
3573,161
3574,3
3575,3
3576,1
3577,3
3578,6
3579,1
3580,1
3581,8
3582,15
3583,1
3584,1
3585,2
3586,7
3587,9
3588,1
3589,1
3590,1
3591,1
3592,2
3593,1
3594,3
3595,13
3596,2
3597,1
3598,1
3599,8
3600,1
3601,6
3602,3
3603,38
3604,1
3605,3
3606,3
3607,1
3608,1
3609,31
3610,1
3611,1
3612,1
3613,30
3614,23
3615,2
3616,24
3617,478
3618,1887
3619,2
3620,1
3621,6
3622,1
3623,14
3624,1
3625,2
3626,1
3627,4
3628,1
3629,1
3630,7
3631,6
3632,33
3633,5
3634,1
3635,1
3636,3
3637,9
3638,1
3639,1
3640,2
3641,5
3642,1
3643,1
3644,2
3645,2
3646,4
3647,15
3648,2
3649,386
3650,5
3651,12
3652,1
3653,284
3654,6
3655,3
3656,1
3657,4
3658,NA
3659,2
3660,3
3661,2
3662,1
3663,3
3664,1
3665,28
3666,3
3667,3
3668,3
3669,3
3670,2
3671,4
3672,1
3673,2
3674,84
3675,1
3676,1
3677,960
3678,2
3679,2
3680,83
3681,70
3682,3
3683,1
3684,1
3685,159
3686,2
3687,6
3688,1
3689,NA
3690,2
3691,1569
3692,7
3693,1
3694,2
3695,8
3696,7
3697,5
3698,1
3699,41
3700,1
3701,66
3702,4
3703,1
3704,60
3705,1
3706,1
3707,5
3708,7
3709,10
3710,3
3711,19
3712,2
3713,14
3714,1
3715,9
3716,1
3717,1
3718,1
3719,7
3720,25
3721,5
3722,NA
3723,2
3724,3
3725,1
3726,1
3727,3
3728,12
3729,2
3730,1
3731,2
3732,36
3733,3
3734,61
3735,2
3736,1
3737,283
3738,2
3739,3
3740,2
3741,1
3742,1
3743,2
3744,8
3745,1
3746,15
3747,75
3748,3
3749,53
3750,1
3751,4
3752,1
3753,6
3754,5
3755,16
3756,1
3757,7
3758,26
3759,1
3760,1
3761,1
3762,1
3763,14
3764,6
3765,2
3766,2
3767,81
3768,3
3769,10
3770,4
3771,1
3772,31
3773,7
3774,4
3775,5
3776,2
3777,3
3778,2
3779,2
3780,2
3781,1
3782,3
3783,1
3784,2
3785,3
3786,1
3787,1
3788,2
3789,5
3790,7
3791,10
3792,5
3793,4
3794,2
3795,12
3796,2
3797,1
3798,1
3799,1
3800,1
3801,2
3802,5
3803,3
3804,6
3805,2
3806,4
3807,5
3808,1
3809,1209
3810,7
3811,1
3812,5
3813,9
3814,3
3815,17
3816,9
3817,1
3818,3
3819,3
3820,3
3821,15
3822,30
3823,22
3824,2
3825,1
3826,112
3827,1
3828,5
3829,1
3830,NA
3831,11
3832,9
3833,1
3834,2
3835,1
3836,1
3837,1
3838,23
3839,3
3840,2
3841,18
3842,5
3843,1
3844,2
3845,100
3846,2
3847,3
3848,3
3849,1
3850,4
3851,NA
3852,1
3853,97
3854,1
3855,3
3856,2
3857,2
3858,4
3859,1
3860,8
3861,3
3862,2
3863,1
3864,5
3865,11
3866,18
3867,3
3868,2
3869,10
3870,1
3871,12
3872,1
3873,1
3874,2
3875,5
3876,1
3877,1
3878,2
3879,2
3880,34
3881,6
3882,13
3883,1
3884,2
3885,2
3886,414
3887,1
3888,1
3889,3
3890,1
3891,31
3892,2
3893,2
3894,34
3895,6
3896,5
3897,21
3898,2
3899,1
3900,15
3901,9
3902,249
3903,1
3904,6
3905,1
3906,1
3907,1
3908,24
3909,10
3910,1
3911,2
3912,7
3913,5
3914,35
3915,2
3916,1
3917,31
3918,3
3919,5
3920,36
3921,2
3922,2
3923,4
3924,3
3925,4
3926,1
3927,4
3928,5
3929,26
3930,1
3931,2
3932,4
3933,5
3934,1
3935,13
3936,18
3937,1
3938,NA
3939,1
3940,5
3941,2
3942,2
3943,6
3944,3
3945,992
3946,1
3947,2
3948,12
3949,9
3950,1
3951,3
3952,1
3953,6
3954,5
3955,2
3956,24
3957,1
3958,5
3959,7
3960,6
3961,1
3962,1003
3963,1
3964,1
3965,18
3966,14
3967,2
3968,8
3969,2
3970,1
3971,637
3972,1
3973,1
3974,179
3975,1
3976,23
3977,19
3978,7
3979,11
3980,15
3981,14
3982,3
3983,3
3984,2
3985,2
3986,1
3987,1
3988,4
3989,4
3990,5
3991,5
3992,2
3993,468
3994,2
3995,65
3996,2
3997,1
3998,4
3999,17
4000,4
4001,59
4002,4
4003,1
4004,17
4005,1
4006,52
4007,1
4008,1
4009,2
4010,80
4011,5
4012,3
4013,85
4014,1
4015,1
4016,1
4017,1
4018,1
4019,3
4020,2
4021,25
4022,32
4023,3
4024,3
4025,7
4026,1
4027,4
4028,47
4029,1
4030,3
4031,2
4032,3
4033,2
4034,1
4035,1
4036,13
4037,2
4038,4
4039,1
4040,8
4041,1
4042,7
4043,3
4044,495
4045,1
4046,2
4047,3
4048,2
4049,2
4050,16
4051,2
4052,1
4053,1
4054,5
4055,2
4056,3
4057,4
4058,1
4059,1
4060,1
4061,6
4062,2
4063,2
4064,66
4065,107
4066,1
4067,1
4068,1
4069,14
4070,19
4071,1
4072,10
4073,3
4074,1
4075,1
4076,4
4077,1
4078,3
4079,1
4080,3
4081,21
4082,12
4083,13
4084,1
4085,2
4086,5
4087,12
4088,67
4089,4
4090,1
4091,6
4092,3
4093,28
4094,140
4095,6
4096,4
4097,1
4098,5
4099,1
4100,11
4101,12
4102,3
4103,1
4104,1
4105,1
4106,39
4107,16
4108,7
4109,1670
4110,4
4111,1
4112,2
4113,9
4114,4
4115,70
4116,1
4117,6
4118,17
4119,2
4120,7
4121,16
4122,16
4123,2
4124,1
4125,2
4126,2
4127,582
4128,2
4129,13
4130,2
4131,149
4132,126
4133,1
4134,1
4135,3
4136,945
4137,1
4138,8
4139,1
4140,1
4141,1
4142,4
4143,4
4144,4
4145,5
4146,164
4147,281
4148,1
4149,1
4150,1
4151,33
4152,3
4153,3
4154,45
4155,1
4156,1
4157,2
4158,10
4159,1
4160,1
4161,3
4162,63
4163,2
4164,4
4165,1
4166,1
4167,3
4168,1
4169,4
4170,1
4171,3
4172,3
4173,14
4174,1
4175,8
4176,96
4177,13
4178,4
4179,13
4180,2
4181,2
4182,1
4183,5
4184,2
4185,1
4186,4
4187,1
4188,38
4189,1
4190,3
4191,62
4192,10
4193,1
4194,5
4195,1
4196,1
4197,38
4198,4
4199,24
4200,1
4201,8
4202,2
4203,1
4204,2
4205,52
4206,5
4207,69
4208,2
4209,14
4210,1
4211,1
4212,1
4213,1
4214,16
4215,2
4216,2
4217,29
4218,1
4219,20
4220,2
4221,3
4222,2
4223,9
4224,51
4225,1
4226,6
4227,2
4228,5
4229,1
4230,2
4231,5
4232,33
4233,94
4234,7
4235,3
4236,1
4237,90
4238,1
4239,1
4240,8
4241,3
4242,1
4243,4
4244,9
4245,2
4246,1
4247,109
4248,18
4249,1
4250,43
4251,1
4252,2
4253,5
4254,28
4255,2
4256,46
4257,1084
4258,1
4259,42
4260,1
4261,3
4262,8
4263,3
4264,1
4265,4
4266,1
4267,2
4268,1
4269,4
4270,1
4271,2
4272,1
4273,1
4274,8
4275,20
4276,4
4277,1
4278,2
4279,2
4280,5
4281,18
4282,2
4283,1
4284,47
4285,22
4286,NA
4287,1
4288,3
4289,3
4290,1
4291,2
4292,1
4293,2
4294,2
4295,1
4296,44
4297,41
4298,53
4299,32
4300,1
4301,14
4302,2
4303,12
4304,1
4305,1
4306,12
4307,2
4308,1
4309,1
4310,7
4311,1
4312,7
4313,1
4314,8
4315,2
4316,2
4317,3
4318,10
4319,5
4320,1
4321,1
4322,16
4323,1
4324,1
4325,86
4326,14
4327,5
4328,1
4329,5
4330,1
4331,1
4332,4
4333,3
4334,27
4335,40
4336,1
4337,2
4338,3
4339,8
4340,37
4341,1
4342,1
4343,11
4344,14
4345,21
4346,2
4347,1
4348,5
4349,1
4350,15
4351,3
4352,9
4353,1
4354,16
4355,1
4356,8
4357,4
4358,1
4359,1
4360,2
4361,122
4362,9
4363,61
4364,59
4365,9
4366,1
4367,4
4368,3
4369,2
4370,2
4371,1
4372,2
4373,2
4374,2
4375,14
4376,10
4377,NA
4378,54
4379,3
4380,1
4381,3
4382,7
4383,2
4384,7
4385,1
4386,1
4387,1
4388,209
4389,1
4390,1
4391,47
4392,4
4393,5
4394,4
4395,4
4396,1
4397,131
4398,1
4399,1
4400,5
4401,2
4402,2
4403,46
4404,7
4405,4
4406,24
4407,7
4408,6
4409,2
4410,1
4411,2
4412,4
4413,21
4414,59
4415,3
4416,1
4417,2
4418,7
4419,140
4420,2
4421,1
4422,1
4423,1
4424,21
4425,1
4426,12
4427,2
4428,13
4429,1
4430,205
4431,7
4432,1
4433,3
4434,5
4435,5
4436,4
4437,42
4438,1
4439,4
4440,1
4441,1
4442,6
4443,4
4444,10
4445,358
4446,6
4447,1
4448,9
4449,3
4450,808
4451,NA
4452,8
4453,1
4454,1
4455,21
4456,4
4457,1
4458,1
4459,14
4460,14
4461,732
4462,2
4463,4
4464,1
4465,1
4466,1
4467,3
4468,837
4469,2
4470,1
4471,1
4472,13
4473,2
4474,6
4475,1
4476,1
4477,12
4478,42
4479,3
4480,7
4481,1
4482,2
4483,2
4484,1
4485,1
4486,18
4487,33
4488,1
4489,24
4490,2
4491,2
4492,10
4493,1
4494,13
4495,9
4496,9
4497,1
4498,17
4499,1
4500,2
4501,28
4502,1
4503,26
4504,1
4505,3
4506,2
4507,18
4508,1
4509,1
4510,3
4511,7
4512,1
4513,4
4514,6
4515,18
4516,2
4517,1
4518,1
4519,2
4520,3
4521,1
4522,1
4523,NA
4524,2
4525,3
4526,1
4527,3
4528,2
4529,6
4530,5
4531,1
4532,18
4533,1
4534,2
4535,1
4536,1
4537,12
4538,238
4539,1
4540,1634
4541,2
4542,3
4543,1
4544,4
4545,1
4546,1
4547,478
4548,1
4549,2
4550,11
4551,1
4552,4
4553,4
4554,16
4555,1
4556,1
4557,5
4558,3
4559,20
4560,9
4561,2
4562,769
4563,4
4564,1
4565,1
4566,3
4567,1
4568,90
4569,63
4570,1
4571,19
4572,1
4573,4
4574,NA
4575,2
4576,1
4577,2
4578,2
4579,1
4580,2
4581,1
4582,2
4583,15
4584,1
4585,1
4586,473
4587,2
4588,2
4589,5
4590,68
4591,7
4592,4
4593,9
4594,79
4595,8
4596,1
4597,1
4598,2
4599,1
4600,8
4601,4
4602,1
4603,31
4604,2
4605,19
4606,1
4607,13
4608,6
4609,2
4610,16
4611,1
4612,2
4613,75
4614,1
4615,5
4616,1
4617,1
4618,2
4619,3
4620,67
4621,2
4622,3
4623,4
4624,494
4625,1
4626,12
4627,1
4628,3
4629,1
4630,1
4631,3
4632,2
4633,2
4634,172
4635,65
4636,40
4637,822
4638,5
4639,8
4640,2
4641,1
4642,1
4643,4
4644,5
4645,1
4646,1
4647,4
4648,4
4649,14
4650,21
4651,1
4652,1
4653,3
4654,3
4655,1
4656,24
4657,1
4658,2
4659,2
4660,4
4661,4
4662,1
4663,2
4664,1
4665,3
4666,3
4667,2
4668,38
4669,7
4670,17
4671,4
4672,29
4673,15
4674,66
4675,261
4676,3
4677,2
4678,3
4679,1
4680,1
4681,22
4682,27
4683,1
4684,55
4685,2
4686,5
4687,1
4688,7
4689,1
4690,3
4691,1
4692,7
4693,2
4694,14
4695,2
4696,2
4697,1
4698,4
4699,2
4700,1
4701,2
4702,2
4703,12
4704,21
4705,1
4706,2
4707,11
4708,2
4709,10
4710,5
4711,11
4712,3
4713,2
4714,13
4715,7
4716,1
4717,4
4718,9
4719,2
4720,1
4721,2
4722,1
4723,5
4724,2
4725,14
4726,2
4727,3
4728,1
4729,8
4730,NA
4731,1
4732,142
4733,1
4734,1219
4735,5
4736,7
4737,1
4738,1
4739,29
4740,8
4741,3
4742,1
4743,1
4744,2
4745,6
4746,2
4747,3
4748,2
4749,1
4750,10
4751,2
4752,2
4753,68
4754,1
4755,1
4756,1
4757,11
4758,4
4759,7
4760,1
4761,1
4762,1281
4763,1
4764,3
4765,6
4766,5
4767,2
4768,5
4769,4
4770,1
4771,48
4772,3
4773,4
4774,1
4775,2
4776,1
4777,4
4778,5
4779,1
4780,4
4781,4
4782,9
4783,32
4784,9
4785,6
4786,1
4787,2
4788,8
4789,5
4790,9
4791,2
4792,4
4793,5
4794,2
4795,2
4796,1
4797,2
4798,8
4799,6
4800,1
4801,7
4802,12
4803,10
4804,1
4805,22
4806,46
4807,3
4808,9
4809,2
4810,3
4811,2
4812,1
4813,2
4814,1
4815,1
4816,9
4817,1
4818,1
4819,14
4820,2
4821,1445
4822,1
4823,1
4824,3
4825,1
4826,58
4827,1
4828,6
4829,3
4830,1
4831,1
4832,1
4833,2
4834,1
4835,7
4836,1
4837,1
4838,2
4839,3
4840,2
4841,13
4842,1
4843,4
4844,3
4845,1
4846,3
4847,2
4848,6
4849,37
4850,2
4851,3
4852,1
4853,1
4854,5
4855,1
4856,35
4857,2
4858,1
4859,10
4860,2
4861,6
4862,1
4863,1
4864,1
4865,2
4866,37
4867,231
4868,4
4869,19
4870,58
4871,4
4872,26
4873,18
4874,3
4875,1
4876,1
4877,2
4878,5
4879,2
4880,75
4881,15
4882,3
4883,2
4884,1
4885,4
4886,NA
4887,1
4888,1
4889,936
4890,2
4891,1
4892,30
4893,40
4894,2
4895,4
4896,1
4897,16
4898,3
4899,3
4900,1
4901,24
4902,1
4903,1
4904,2
4905,2
4906,3
4907,1
4908,2
4909,5
4910,182
4911,2
4912,230
4913,1
4914,1
4915,1
4916,6
4917,2
4918,3
4919,47
4920,3
4921,1
4922,1
4923,2
4924,NA
4925,9
4926,4
4927,2
4928,6
4929,38
4930,2
4931,14
4932,6
4933,1
4934,9
4935,1
4936,4
4937,6
4938,2
4939,4
4940,1
4941,1
4942,2
4943,4
4944,4
4945,2
4946,6
4947,9
4948,1
4949,1
4950,1
4951,5
4952,NA
4953,1
4954,1
4955,3
4956,25
4957,2
4958,1
4959,4
4960,1
4961,1
4962,59
4963,5
4964,3
4965,1
4966,107
4967,2
4968,202
4969,3
4970,1
4971,1
4972,1
4973,5
4974,1
4975,13
4976,2
4977,1
4978,14
4979,6
4980,279
4981,4
4982,6
4983,1
4984,4
4985,11
4986,1
4987,6
4988,1
4989,48
4990,1
4991,111
4992,7
4993,12
4994,8
4995,8
4996,23
4997,4
4998,8
4999,2
5000,3
5001,1
5002,1
5003,1
5004,2
5005,10
5006,1
5007,1
5008,1
5009,5
5010,1
5011,25
5012,10
5013,84
5014,1
5015,1
5016,5
5017,1
5018,2
5019,2
5020,2
5021,2
5022,3
5023,4
5024,1
5025,2
5026,1
5027,2
5028,7
5029,1
5030,14
5031,100
5032,2
5033,22
5034,2
5035,3
5036,9
5037,2
5038,3
5039,1
5040,18
5041,12
5042,3
5043,6
5044,8
5045,1247
5046,209
5047,27
5048,1
5049,1
5050,3
5051,1
5052,9
5053,1
5054,2
5055,4
5056,5
5057,4
5058,76
5059,1
5060,1
5061,1
5062,1
5063,650
5064,3
5065,20
5066,4
5067,7
5068,10
5069,4
5070,8
5071,6
5072,2
5073,1
5074,1
5075,8
5076,4
5077,2
5078,4
5079,6
5080,5
5081,32
5082,2
5083,7
5084,1
5085,19
5086,1
5087,12
5088,NA
5089,1
5090,3
5091,4
5092,8
5093,1
5094,3
5095,6
5096,3
5097,7
5098,16
5099,2
5100,4
5101,8
5102,1
5103,2
5104,2
5105,159
5106,1
5107,1
5108,12
5109,1
5110,2
5111,4
5112,1
5113,1
5114,3
5115,4
5116,NA
5117,33
5118,39
5119,10
5120,1
5121,75
5122,1
5123,NA
5124,1
5125,1
5126,204
5127,9
5128,2
5129,2
5130,1
5131,1
5132,15
5133,2
5134,70
5135,2
5136,2
5137,1
5138,71
5139,1
5140,1
5141,1
5142,2
5143,74
5144,227
5145,1
5146,1
5147,1
5148,6
5149,NA
5150,13
5151,3
5152,3
5153,11
5154,3
5155,1
5156,14
5157,2
5158,3
5159,1
5160,1
5161,8
5162,2
5163,2
5164,4
5165,19
5166,86
5167,1
5168,3
5169,34
5170,1
5171,3
5172,1
5173,7
5174,1
5175,1
5176,2
5177,1
5178,1
5179,1
5180,2
5181,4
5182,3
5183,7
5184,1
5185,12
5186,57
5187,4
5188,1
5189,18
5190,23
5191,1
5192,1
5193,2
5194,8
5195,631
5196,9
5197,1
5198,3
5199,149
5200,50
5201,1
5202,2
5203,2
5204,12
5205,6
5206,2
5207,3
5208,3
5209,2
5210,1
5211,20
5212,11
5213,1
5214,14
5215,1
5216,17
5217,6
5218,1
5219,5
5220,7
5221,1
5222,1
5223,7
5224,1
5225,3
5226,8
5227,5
5228,79
5229,2
5230,1
5231,3
5232,16
5233,1
5234,11
5235,1
5236,1
5237,2
5238,2
5239,14
5240,1
5241,4
5242,2
5243,2
5244,360
5245,74
5246,13
5247,9
5248,6
5249,207
5250,1
5251,21
5252,2
5253,98
5254,1
5255,1
5256,2
5257,117
5258,3
5259,1
5260,3
5261,6
5262,25
5263,1
5264,44
5265,46
5266,83
5267,1
5268,3
5269,3
5270,56
5271,2
5272,1
5273,5
5274,NA
5275,12
5276,30
5277,1
5278,1
5279,2
5280,4
5281,1
5282,5
5283,1
5284,2
5285,7
5286,3
5287,1
5288,5
5289,1
5290,1
5291,1
5292,1
5293,8
5294,3
5295,2
5296,1
5297,762
5298,1
5299,1
5300,53
5301,8
5302,NA
5303,3
5304,2
5305,2
5306,8
5307,2
5308,2
5309,1
5310,5
5311,3
5312,1
5313,1
5314,1
5315,6
5316,1
5317,1
5318,1
5319,2
5320,1130
5321,3
5322,1
5323,33
5324,2
5325,1
5326,1
5327,1
5328,1
5329,1
5330,12
5331,1
5332,4
5333,5
5334,776
5335,2
5336,2
5337,1
5338,2
5339,1
5340,1
5341,3
5342,NA
5343,1
5344,3
5345,1
5346,4
5347,1
5348,1
5349,4
5350,1
5351,9
5352,4
5353,2
5354,1
5355,1
5356,7
5357,16
5358,1
5359,7
5360,2
5361,5
5362,11
5363,5
5364,5
5365,60
5366,28
5367,1391
5368,1
5369,87
5370,2
5371,3
5372,1
5373,19
5374,17
5375,57
5376,1
5377,96
5378,NA
5379,1
5380,16
5381,1
5382,5
5383,7
5384,1
5385,8
5386,2
5387,15
5388,1
5389,16
5390,2
5391,2
5392,1
5393,73
5394,35
5395,1
5396,3
5397,2
5398,1
5399,16
5400,2
5401,1
5402,1
5403,532
5404,7
5405,2
5406,6
5407,8
5408,2
5409,5
5410,1
5411,6
5412,5
5413,1
5414,3
5415,2
5416,4
5417,1
5418,7
5419,4
5420,1
5421,21
5422,2
5423,5
5424,9
5425,3
5426,2
5427,1
5428,148
5429,3
5430,1
5431,1
5432,5
5433,4
5434,7
5435,1
5436,3
5437,5
5438,3
5439,1
5440,2
5441,2
5442,28
5443,528
5444,NA
5445,1
5446,2
5447,3
5448,2
5449,336
5450,18
5451,7
5452,2
5453,1
5454,5
5455,2
5456,13
5457,1
5458,6
5459,12
5460,3
5461,1
5462,2
5463,4
5464,1
5465,1
5466,1
5467,1
5468,11
5469,2
5470,3
5471,13
5472,8
5473,2
5474,1
5475,5
5476,1
5477,NA
5478,7
5479,8
5480,2
5481,1
5482,1
5483,1
5484,50
5485,2
5486,3
5487,1
5488,1
5489,4
5490,4
5491,1
5492,1
5493,65
5494,17
5495,65
5496,2
5497,1
5498,1
5499,2
5500,1
5501,7
5502,1
5503,1
5504,51
5505,1
5506,82
5507,52
5508,1
5509,1
5510,1
5511,1
5512,1
5513,2
5514,1
5515,1
5516,14
5517,2
5518,5
5519,10
5520,5
5521,32
5522,2
5523,6
5524,1
5525,19
5526,7
5527,2
5528,3
5529,45
5530,1
5531,2
5532,8
5533,1
5534,941
5535,5
5536,4
5537,1
5538,61
5539,9
5540,60
5541,4
5542,2
5543,1
5544,2
5545,4
5546,1
5547,4
5548,1
5549,14
5550,2
5551,2
5552,385
5553,1
5554,1
5555,1
5556,1
5557,NA
5558,5
5559,27
5560,2
5561,7
5562,1
5563,1
5564,49
5565,2
5566,1
5567,3
5568,1
5569,3
5570,5
5571,1
5572,4
5573,1
5574,6
5575,2
5576,6
5577,9
5578,1
5579,2
5580,1
5581,5
5582,1
5583,2
5584,4
5585,6
5586,2
5587,2
5588,406
5589,9
5590,3
5591,4
5592,9
5593,4
5594,5
5595,1
5596,1
5597,2
5598,1
5599,69
5600,3
5601,1
5602,5
5603,21
5604,1
5605,2
5606,1
5607,1
5608,16
5609,1
5610,4
5611,1
5612,57
5613,1
5614,3
5615,1
5616,3
5617,1
5618,40
5619,2
5620,1
5621,2
5622,11
5623,8
5624,212
5625,6
5626,398
5627,4
5628,6
5629,11
5630,2
5631,23
5632,1
5633,8
5634,6
5635,9
5636,16
5637,1
5638,5
5639,6
5640,1
5641,1
5642,2
5643,1
5644,3
5645,6
5646,2
5647,4
5648,3
5649,2
5650,1
5651,14
5652,1
5653,1
5654,1
5655,2
5656,2
5657,191
5658,7
5659,12
5660,19
5661,6
5662,23
5663,1
5664,1
5665,7
5666,2
5667,2
5668,1
5669,5
5670,216
5671,4
5672,1
5673,5
5674,3
5675,2
5676,12
5677,3
5678,2
5679,2
5680,73
5681,121
5682,2
5683,6
5684,5
5685,1
5686,3
5687,2
5688,1
5689,1
5690,6
5691,12
5692,1
5693,2
5694,19
5695,10
5696,2
5697,7
5698,1
5699,37
5700,5
5701,3
5702,14
5703,3
5704,2
5705,2
5706,1
5707,5
5708,1288
5709,4
5710,5
5711,23
5712,3
5713,2
5714,NA
5715,47
5716,1
5717,24
5718,2
5719,2
5720,5
5721,1
5722,2
5723,1
5724,3
5725,5
5726,3
5727,4
5728,4
5729,17
5730,1
5731,2
5732,1
5733,1
5734,16
5735,1
5736,2
5737,2
5738,2
5739,1
5740,2
5741,1748
5742,1
5743,1
5744,13
5745,158
5746,4
5747,77
5748,32
5749,26
5750,1
5751,1
5752,1
5753,16
5754,2
5755,1
5756,8
5757,1
5758,1
5759,NA
5760,9
5761,3
5762,6
5763,3
5764,1
5765,33
5766,16
5767,3
5768,52
5769,4
5770,NA
5771,NA
5772,60
5773,1
5774,87
5775,2
5776,5
5777,37
5778,10
5779,2
5780,6
5781,2
5782,16
5783,3
5784,167
5785,1
5786,1
5787,2
5788,1
5789,9
5790,1
5791,3
5792,78
5793,1
5794,NA
5795,4
5796,2
5797,4
5798,42
5799,2
5800,12
5801,2
5802,2
5803,2
5804,2
5805,1
5806,1
5807,1
5808,1
5809,20
5810,NA
5811,1
5812,3
5813,23
5814,5
5815,1
5816,1
5817,4
5818,39
5819,14
5820,1
5821,106
5822,32
5823,1
5824,1
5825,19
5826,5
5827,4
5828,3
5829,3
5830,14
5831,2
5832,1
5833,1
5834,1
5835,1
5836,5
5837,6
5838,1
5839,3
5840,2
5841,1
5842,3
5843,1332
5844,12
5845,1
5846,3
5847,7
5848,11
5849,1
5850,8
5851,1
5852,1
5853,1
5854,2
5855,2
5856,2
5857,64
5858,4
5859,54
5860,1
5861,1
5862,3
5863,13
5864,3
5865,113
5866,1
5867,2
5868,4
5869,2
5870,12
5871,1
5872,21
5873,2
5874,2
5875,4
5876,40
5877,2
5878,3
5879,1
5880,5
5881,1
5882,3
5883,16
5884,1
5885,1
5886,4
5887,1
5888,4
5889,1
5890,3
5891,143
5892,71
5893,11
5894,17
5895,6
5896,1
5897,3
5898,1
5899,1
5900,3
5901,1
5902,9
5903,1
5904,45
5905,1
5906,1
5907,1
5908,1
5909,NA
5910,1
5911,2
5912,4
5913,65
5914,4
5915,3
5916,62
5917,22
5918,2
5919,5
5920,3
5921,1
5922,1
5923,9
5924,19
5925,254
5926,1
5927,2
5928,6
5929,1
5930,8
5931,3
5932,2
5933,1
5934,21
5935,2
5936,54
5937,1
5938,1
5939,1318
5940,7
5941,16
5942,1
5943,1
5944,2
5945,3
5946,3
5947,257
5948,11
5949,1
5950,7
5951,3
5952,7
5953,1
5954,2
5955,2
5956,3
5957,4
5958,11
5959,21
5960,9
5961,1
5962,1
5963,3
5964,11
5965,15
5966,1
5967,2
5968,13
5969,4
5970,5
5971,1
5972,27
5973,1
5974,1
5975,1
5976,4
5977,2
5978,16
5979,23
5980,1
5981,3
5982,7
5983,13
5984,1
5985,38
5986,10
5987,1
5988,2
5989,1
5990,24
5991,1
5992,5
5993,2
5994,2
5995,1
5996,1
5997,1
5998,4
5999,3
6000,3
6001,3
6002,1
6003,1
6004,2
6005,7
6006,8
6007,2
6008,3
6009,1
6010,8
6011,4
6012,4
6013,1
6014,1
6015,4
6016,4
6017,2
6018,10
6019,2
6020,2
6021,1
6022,1
6023,4
6024,72
6025,1
6026,NA
6027,1
6028,3
6029,1
6030,1
6031,9
6032,169
6033,6
6034,2
6035,11
6036,1
6037,2
6038,NA
6039,1
6040,2
6041,352
6042,4
6043,1
6044,2
6045,3
6046,1
6047,8
6048,4
6049,6
6050,24
6051,1
6052,3
6053,2
6054,8
6055,6
6056,2
6057,7
6058,1
6059,42
6060,1
6061,2
6062,6
6063,3
6064,18
6065,1
6066,1
6067,3
6068,1
6069,4
6070,2
6071,18
6072,2
6073,2
6074,1
6075,1
6076,1
6077,30
6078,2
6079,5
6080,3
6081,2
6082,1
6083,74
6084,2
6085,2
6086,48
6087,7
6088,9
6089,39
6090,9
6091,1
6092,1
6093,11
6094,2
6095,1
6096,1
6097,2
6098,11
6099,1
6100,2
6101,4
6102,23
6103,4
6104,3
6105,36
6106,287
6107,11
6108,2
6109,7
6110,4
6111,3
6112,1
6113,6
6114,105
6115,2
6116,NA
6117,2
6118,2
6119,10
6120,1
6121,5
6122,4
6123,1
6124,3
6125,32
6126,1
6127,2
6128,53
6129,1
6130,1
6131,1
6132,1
6133,103
6134,156
6135,5
6136,11
6137,34
6138,5
6139,NA
6140,130
6141,2
6142,5
6143,5
6144,5
6145,1
6146,1
6147,1
6148,1
6149,1
6150,7
6151,5
6152,20
6153,3
6154,13
6155,25
6156,1
6157,1
6158,4
6159,2
6160,28
6161,45
6162,2
6163,7
6164,8
6165,1
6166,4
6167,21
6168,3
6169,14
6170,3
6171,1
6172,10
6173,2
6174,1
6175,3
6176,1
6177,2
6178,85
6179,NA
6180,1
6181,1
6182,7
6183,4
6184,1
6185,3
6186,118
6187,1
6188,3
6189,6
6190,1
6191,8
6192,1
6193,1
6194,18
6195,1
6196,1
6197,17
6198,2
6199,2
6200,1
6201,1
6202,7
6203,3
6204,1
6205,8
6206,3
6207,15
6208,2
6209,1
6210,2
6211,2
6212,46
6213,2
6214,1
6215,20
6216,2
6217,1
6218,7
6219,9
6220,8
6221,NA
6222,7
6223,19
6224,3
6225,38
6226,2
6227,7
6228,1
6229,1
6230,48
6231,2
6232,3
6233,5
6234,6
6235,3
6236,8
6237,5
6238,10
6239,1
6240,7
6241,1
6242,21
6243,2
6244,2
6245,23
6246,1
6247,1
6248,1
6249,8
6250,2
6251,6
6252,1
6253,1
6254,5
6255,1
6256,4
6257,15
6258,2
6259,2
6260,3
6261,1
6262,1
6263,8
6264,4
6265,253
6266,1
6267,1
6268,2
6269,3
6270,4
6271,22
6272,2
6273,5
6274,1
6275,1
6276,3
6277,119
6278,114
6279,3
6280,1
6281,1
6282,8
6283,1
6284,30
6285,3
6286,3
6287,2
6288,2
6289,14
6290,115
6291,1
6292,6
6293,1
6294,5
6295,2
6296,29
6297,5
6298,12
6299,1
6300,4
6301,23
6302,3
6303,1
6304,1
6305,2
6306,1
6307,1
6308,1
6309,472
6310,1
6311,3
6312,2
6313,1
6314,9
6315,5
6316,2
6317,2
6318,3
6319,3
6320,25
6321,1
6322,29
6323,18
6324,1
6325,2
6326,1
6327,2
6328,2
6329,1
6330,2
6331,9
6332,2
6333,1
6334,1
6335,1
6336,3
6337,4
6338,1
6339,3
6340,1
6341,2
6342,58
6343,1
6344,4
6345,4
6346,58
6347,6
6348,2
6349,3
6350,15
6351,1
6352,1
6353,4
6354,NA
6355,3
6356,3
6357,1
6358,11
6359,5
6360,1
6361,1
6362,1
6363,8
6364,1625
6365,55
6366,1
6367,30
6368,2
6369,8
6370,2
6371,1
6372,4
6373,28
6374,372
6375,3
6376,2
6377,279
6378,2
6379,1
6380,29
6381,1
6382,1
6383,1
6384,1
6385,1
6386,5
6387,106
6388,1
6389,89
6390,126
6391,2
6392,4
6393,27
6394,3
6395,2
6396,2
6397,25
6398,161
6399,1
6400,2
6401,1
6402,1
6403,32
6404,41
6405,6
6406,5
6407,2
6408,18
6409,1
6410,1
6411,23
6412,1
6413,5
6414,1
6415,85
6416,2
6417,169
6418,7
6419,42
6420,2
6421,3
6422,15
6423,3
6424,2
6425,155
6426,3
6427,382
6428,12
6429,1
6430,7
6431,2
6432,1
6433,2
6434,2
6435,1
6436,42
6437,1
6438,3
6439,1
6440,6
6441,2
6442,1
6443,29
6444,2
6445,4
6446,276
6447,2
6448,3
6449,1338
6450,15
6451,3
6452,2
6453,16
6454,11
6455,1
6456,1
6457,1
6458,6
6459,11
6460,1
6461,5
6462,2
6463,3
6464,1
6465,25
6466,2
6467,33
6468,5
6469,7
6470,1
6471,7
6472,3
6473,1
6474,33
6475,11
6476,5
6477,1
6478,33
6479,1
6480,12
6481,2
6482,4
6483,1
6484,7
6485,8
6486,1
6487,29
6488,1
6489,1
6490,4
6491,1
6492,3
6493,1
6494,2
6495,1
6496,2
6497,1
6498,1
6499,1
6500,1
6501,27
6502,186
6503,2
6504,2
6505,6
6506,1
6507,3
6508,1
6509,19
6510,10
6511,1
6512,6
6513,2
6514,1
6515,37
6516,1
6517,3
6518,3
6519,10
6520,9
6521,2
6522,54
6523,3
6524,1
6525,1
6526,32
6527,9
6528,12
6529,2
6530,6
6531,21
6532,3
6533,7
6534,1
6535,2
6536,100
6537,1
6538,1
6539,35
6540,8
6541,NA
6542,11
6543,2
6544,37
6545,4
6546,1
6547,12
6548,2
6549,1
6550,2
6551,8
6552,2
6553,385
6554,1
6555,2
6556,1
6557,2
6558,13
6559,69
6560,5
6561,7
6562,5
6563,229
6564,1
6565,5
6566,3
6567,1
6568,1
6569,10
6570,2
6571,1
6572,3
6573,28
6574,31
6575,3
6576,2
6577,2
6578,4
6579,5
6580,8
6581,4
6582,7
6583,2
6584,59
6585,2
6586,1
6587,4
6588,1
6589,3
6590,1
6591,5
6592,3
6593,6
6594,3
6595,2
6596,29
6597,3
6598,4
6599,7
6600,279
6601,1
6602,732
6603,3
6604,2
6605,2
6606,7
6607,1
6608,6
6609,27
6610,1
6611,2
6612,1
6613,8
6614,1
6615,2
6616,2
6617,114
6618,1
6619,10
6620,6
6621,3
6622,9
6623,5
6624,16
6625,3
6626,16
6627,6
6628,10
6629,2
6630,4
6631,11
6632,1
6633,71
6634,72
6635,7
6636,87
6637,2
6638,8
6639,4
6640,64
6641,10
6642,11
6643,1
6644,3
6645,3
6646,1
6647,5
6648,1
6649,4
6650,145
6651,1
6652,1
6653,12
6654,NA
6655,2
6656,12
6657,2
6658,1
6659,1
6660,8
6661,4
6662,45
6663,21
6664,1
6665,2
6666,4
6667,1
6668,2
6669,227
6670,3
6671,1
6672,12
6673,1
6674,NA
6675,1
6676,1
6677,1
6678,3
6679,3
6680,1
6681,2
6682,1
6683,27
6684,4
6685,1
6686,1
6687,12
6688,3
6689,1
6690,1
6691,2
6692,2
6693,1
6694,7
6695,26
6696,13
6697,3
6698,13
6699,296
6700,10
6701,3
6702,3
6703,2
6704,323
6705,25
6706,1
6707,1108
6708,1
6709,247
6710,2
6711,14
6712,1
6713,227
6714,4
6715,NA
6716,NA
6717,1
6718,1
6719,119
6720,3
6721,1
6722,1
6723,2
6724,8
6725,1
6726,2
6727,13
6728,35
6729,11
6730,432
6731,1
6732,10
6733,1
6734,1
6735,1
6736,3
6737,3
6738,2
6739,1
6740,1
6741,279
6742,8
6743,1
6744,2
6745,1
6746,2
6747,2
6748,2
6749,4
6750,1
6751,1
6752,4
6753,2
6754,1
6755,6
6756,150
6757,2
6758,1
6759,5
6760,2
6761,81
6762,25
6763,2
6764,3
6765,1
6766,1
6767,1591
6768,1
6769,3
6770,31
6771,4
6772,1
6773,3
6774,1
6775,1
6776,1
6777,2
6778,7
6779,3
6780,5
6781,5
6782,3
6783,2
6784,NA
6785,8
6786,2
6787,1
6788,16
6789,1
6790,7
6791,357
6792,5
6793,3
6794,19
6795,1
6796,1
6797,3
6798,2
6799,1
6800,15
6801,1
6802,1
6803,1
6804,5
6805,2
6806,4
6807,5
6808,1
6809,2
6810,8
6811,6
6812,34
6813,1
6814,3
6815,12
6816,6
6817,1
6818,2
6819,1459
6820,42
6821,4
6822,2
6823,20
6824,6
6825,1
6826,53
6827,45
6828,3
6829,2
6830,1
6831,1
6832,5
6833,82
6834,1
6835,1
6836,146
6837,2
6838,11
6839,1
6840,2
6841,1
6842,1
6843,4
6844,183
6845,2
6846,2
6847,11
6848,5
6849,6
6850,6
6851,15
6852,86
6853,2
6854,3
6855,268
6856,5
6857,1
6858,1
6859,4
6860,1
6861,10
6862,15
6863,2
6864,1
6865,1
6866,26
6867,1
6868,1
6869,33
6870,2
6871,2
6872,11
6873,8
6874,1
6875,2
6876,1
6877,1
6878,1
6879,22
6880,4
6881,5
6882,1
6883,20
6884,2
6885,7
6886,6
6887,1
6888,1
6889,1
6890,2
6891,7
6892,10
6893,1
6894,55
6895,1
6896,NA
6897,1
6898,6
6899,71
6900,2
6901,1
6902,1
6903,2
6904,40
6905,4
6906,15
6907,3
6908,2
6909,1
6910,1
6911,1
6912,24
6913,1
6914,724
6915,17
6916,15
6917,3
6918,3
6919,5
6920,22
6921,3
6922,1
6923,3
6924,9
6925,2
6926,5
6927,5
6928,7
6929,2
6930,1
6931,1
6932,3
6933,57
6934,7
6935,6
6936,9
6937,242
6938,4
6939,1
6940,1
6941,1
6942,3
6943,1
6944,3
6945,4
6946,1
6947,2
6948,1
6949,36
6950,3
6951,4
6952,9
6953,221
6954,2
6955,2
6956,20
6957,7
6958,27
6959,1
6960,1
6961,10
6962,NA
6963,7
6964,1
6965,1
6966,20
6967,3
6968,21
6969,2
6970,1
6971,5
6972,24
6973,1
6974,1
6975,1
6976,12
6977,1
6978,177
6979,20
6980,45
6981,7
6982,1
6983,1
6984,1
6985,7
6986,57
6987,12
6988,3
6989,153
6990,11
6991,2
6992,1
6993,3
6994,2
6995,4
6996,1
6997,3
6998,2
6999,1
7000,7
