1,5
2,1
3,1
4,1
5,1
6,1
7,1
8,1
9,3
10,2
11,1
12,1
13,1
14,2
15,1
16,7
17,1
18,1
19,5
20,1
21,2
22,8
23,27
24,1
25,1
26,1
27,8
28,1
29,3
30,6
31,1
32,4
33,6
34,1
35,3
36,1
37,5
38,21
39,1
40,1
41,1
42,1
43,6
44,1
45,1
46,1
47,1
48,2
49,1
50,1
51,3
52,1
53,1
54,18
55,1
56,1
57,1
58,1
59,1
60,5
61,3
62,3
63,1
64,1
65,2
66,1
67,1
68,4
69,1
70,7
71,1
72,2
73,4
74,3
75,1
76,4
77,1
78,5
79,1
80,2
81,1
82,1
83,21
84,1
85,4
86,1
87,2
88,1
89,3
90,1
91,2
92,2
93,1
94,1
95,1
96,1
97,3
98,2
99,1
100,11
101,1
102,1
103,1
104,1
105,2
106,8
107,6
108,1
109,2
110,2
111,437
112,138
113,2
114,1
115,1
116,2
117,6
118,1
119,2
120,4
121,1
122,1
123,1
124,1
125,2
126,5
127,3
128,1
129,2
130,4
131,10
132,17
133,1
134,1
135,12
136,1
137,1
138,16
139,14
140,2
141,1
142,10
143,1
144,5
145,2
146,1
147,2
148,2
149,3
150,10
151,1
152,2
153,12
154,1
155,1
156,1
157,1
158,1
159,1
160,2
161,1
162,1
163,1
164,878
165,5
166,1
167,5
168,12
169,1
170,1
171,2
172,1
173,1
174,1
175,4
176,3
177,3
178,2
179,2
180,1
181,4
182,1
183,1
184,1
185,3
186,2
187,2
188,1
189,1
190,1
191,2
192,1
193,1
194,1
195,1
196,7
197,352
198,16
199,1
200,2
201,6
202,1
203,1
204,3
205,1
206,3
207,2
208,2
209,17
210,25
211,1
212,1
213,2
214,1
215,1
216,1
217,3
218,3
219,8
220,1
221,13
222,1
223,1
224,1
225,3
226,31
227,1
228,2
229,1
230,2
231,2
232,37
233,10
234,2
235,2
236,1
237,1
238,1
239,1
240,2
241,14
242,5
243,609
244,2
245,1
246,1
247,23
248,1
249,1
250,3
251,1
252,12
253,1
254,25
255,3
256,9
257,1
258,142
259,1
260,1
261,1
262,6
263,6
264,2
265,1
266,6
267,2
268,1
269,9
270,2
271,2
272,2
273,4
274,2
275,1
276,1
277,6
278,1
279,1
280,1
281,1
282,2
283,2
284,2
285,2
286,1
287,1
288,1
289,1
290,10
291,1
292,2
293,1
294,1
295,2
296,2
297,2
298,1
299,1
300,1
301,2
302,3
303,2
304,1
305,1
306,4
307,2
308,3
309,1
310,1
311,5
312,3
313,44
314,2
315,1
316,1
317,1
318,10
319,3
320,21
321,2
322,1
323,25
324,1
325,2
326,1
327,1
328,1
329,2
330,1
331,1
332,1
333,2
334,8
335,2
336,2
337,2
338,1
339,4
340,4
341,16
342,1
343,46
344,1
345,1
346,1
347,6
348,1
349,1
350,1
351,8
352,1
353,1
354,21
355,2
356,1
357,1
358,2
359,2
360,3
361,1
362,2
363,3
364,3
365,1
366,2
367,3
368,1
369,1
370,3
371,1
372,2
373,2
374,1
375,1
376,1
377,4
378,274
379,2
380,1
381,14
382,6
383,1
384,NA
385,1
386,NA
387,1
388,1
389,1
390,16
391,1
392,1
393,1
394,1
395,2
396,3
397,1
398,4
399,2
400,1
401,1
402,1
403,3
404,1
405,3
406,10
407,1
408,7
409,1
410,1
411,2
412,5
413,1
414,18
415,3
416,1
417,2
418,1
419,NA
420,2
421,2
422,2
423,6
424,108
425,8
426,3
427,1
428,14
429,1
430,1
431,1
432,1
433,3
434,3
435,1
436,7
437,8
438,5
439,2
440,5
441,1
442,1
443,2
444,1
445,12
446,5
447,1
448,1
449,4
450,2
451,3
452,19
453,2
454,2
455,9
456,1
457,4
458,1
459,1
460,4
461,100
462,1
463,1
464,6
465,1
466,2
467,1
468,2
469,2
470,5
471,1
472,284
473,4
474,7
475,1
476,1
477,20
478,2
479,2
480,56
481,1
482,1
483,NA
484,1
485,1
486,4
487,1
488,6
489,1
490,18
491,106
492,6
493,1
494,2
495,1
496,7
497,4
498,1
499,1
500,1
501,2
502,33
503,3
504,5
505,6
506,1
507,3
508,5
509,5
510,3
511,1
512,2
513,1
514,2
515,3
516,14
517,1
518,5
519,3
520,9
521,2
522,1
523,3
524,6
525,2
526,6
527,36
528,1
529,137
530,1
531,1
532,1
533,1
534,13
535,2
536,1
537,1
538,6
539,1
540,1
541,1
542,17
543,4
544,2
545,1
546,1
547,1
548,26
549,714
550,3
551,NA
552,1
553,1
554,1
555,2
556,24
557,6
558,1
559,1
560,286
561,16
562,1
563,1
564,1
565,19
566,2
567,2
568,35
569,1
570,1
571,32
572,1
573,7
574,1
575,1
576,1
577,1
578,3
579,5
580,3
581,5
582,2
583,1
584,1
585,1
586,2
587,1
588,24
589,2
590,2
591,1
592,1
593,2
594,2
595,1
596,1
597,24
598,3
599,1
600,1
601,156
602,2
603,1
604,2
605,12
606,1
607,2
608,1
609,1
610,1
611,4
612,8
613,1
614,1
615,4
616,2
617,9
618,1
619,1
620,5
621,4
622,57
623,1
624,8
625,17
626,6
627,1
628,49
629,1
630,1
631,2
632,20
633,3
634,1
635,2
636,10
637,16
638,1
639,1
640,55
641,1
642,2
643,4
644,1
645,1
646,2
647,1
648,2
649,2
650,1
651,2
652,1
653,4
654,1
655,80
656,4
657,1
658,18
659,2
660,6
661,1
662,5
663,1
664,218
665,2
666,4
667,1
668,6
669,1
670,8
671,2
672,NA
673,6
674,6
675,27
676,1
677,1
678,1
679,3
680,1
681,8
682,1
683,3
684,25
685,159
686,2
687,1
688,1
689,2
690,1
691,2
692,142
693,3
694,1
695,1
696,2
697,1
698,6
699,3
700,6
701,2
702,1
703,2
704,4
705,3
706,1
707,3
708,5
709,2
710,1
711,2
712,1
713,2
714,4
715,4
716,11
717,3
718,7
719,3
720,1
721,15
722,1
723,71
724,5
725,6
726,1
727,413
728,1
729,1
730,4
731,1
732,1
733,1
734,1
735,10
736,12
737,2
738,3
739,13
740,1
741,1
742,2
743,4
744,3
745,1
746,1
747,20
748,1
749,21
750,126
751,2
752,1
753,1
754,3
755,1
756,3
757,3
758,2
759,1
760,1
761,4
762,5
763,6
764,2
765,3
766,1
767,10
768,5
769,4
770,1
771,1
772,1
773,11
774,3
775,7
776,2
777,1
778,1
779,1
780,58
781,1
782,249
783,1
784,1
785,1
786,5
787,1
788,1
789,2
790,6
791,6
792,1
793,49
794,1
795,3
796,42
797,2
798,2
799,1
800,1
801,2
802,8
803,23
804,1
805,12
806,3
807,5
808,1
809,4
810,3
811,3
812,5
813,2
814,14
815,3
816,1
817,10
818,2
819,2
820,1
821,1
822,1
823,5
824,NA
825,1
826,1
827,1
828,171
829,2
830,6
831,1
832,1
833,23
834,3
835,36
836,2
837,19
838,1
839,4
840,1
841,15
842,24
843,1
844,1
845,1
846,NA
847,4
848,1
849,1
850,1
851,1
852,48
853,1
854,3
855,1
856,5
857,14
858,2
859,1
860,5
861,1
862,3
863,6
864,25
865,6
866,1
867,21
868,2
869,1
870,1
871,5
872,1
873,1
874,1
875,1
876,1
877,1
878,1
879,2
880,20
881,23
882,2
883,1
884,3
885,1
886,1
887,3
888,4
889,12
890,NA
891,6
892,9
893,3
894,1
895,18
896,2
897,1
898,2
899,9
900,1
901,NA
902,1
903,1
904,1
905,2
906,20
907,2
908,1
909,8
910,1
911,5
912,12
913,4
914,7
915,3
916,1
917,1
918,1
919,48
920,9
921,8
922,2
923,2
924,1
925,35
926,1
927,24
928,2
929,4
930,1
931,3
932,20
933,1
934,48
935,1
936,1
937,2
938,1
939,1
940,1
941,1
942,1
943,1
944,1
945,6
946,1
947,3
948,1
949,2
950,5
951,2
952,3
953,2
954,1
955,1
956,24
957,2
958,9
959,1
960,6
961,1
962,2
963,5
964,1
965,6
966,5
967,6
968,1
969,1
970,2
971,2
972,1
973,2
974,3
975,3
976,1
977,1
978,4
979,2
980,5
981,691
982,1
983,1
984,2
985,2
986,2
987,1
988,1
989,146
990,1
991,NA
992,1
993,1
994,3
995,2
996,6
997,9
998,1
999,4
1000,2
1001,3
1002,5
1003,3
1004,6
1005,2
1006,4
1007,2
1008,2
1009,2
1010,5
1011,2
1012,1
1013,1
1014,2
1015,8
1016,1
1017,1
1018,54
1019,1
1020,1
1021,1
1022,4
1023,6
1024,NA
1025,3
1026,2
1027,1
1028,2
1029,1
1030,1
1031,1
1032,2
1033,2
1034,2
1035,1
1036,2
1037,5
1038,2
1039,1
1040,1
1041,1
1042,13
1043,3
1044,2
1045,1
1046,7
1047,1
1048,3
1049,11
1050,6
1051,2
1052,118
1053,1
1054,14
1055,6
1056,1
1057,1
1058,2
1059,1
1060,4
1061,4
1062,12
1063,33
1064,1
1065,1
1066,424
1067,17
1068,1
1069,54
1070,1
1071,1
1072,3
1073,8
1074,1
1075,8
1076,1
1077,NA
1078,2
1079,29
1080,2
1081,1
1082,13
1083,1
1084,1
1085,1
1086,1
1087,1
1088,78
1089,1
1090,9
1091,3
1092,4
1093,7
1094,34
1095,NA
1096,1
1097,1
1098,1
1099,2
1100,2
1101,27
1102,2
1103,21
1104,6
1105,3
1106,11
1107,14
1108,3
1109,19
1110,46
1111,1
1112,1
1113,1
1114,2
1115,8
1116,1
1117,1
1118,7
1119,2
1120,1
1121,18
1122,1
1123,1
1124,3
1125,1
1126,1
1127,2
1128,3
1129,1
1130,1
1131,1
1132,NA
1133,5
1134,NA
1135,1
1136,1
1137,2
1138,1
1139,13
1140,2
1141,3
1142,1
1143,2
1144,1
1145,1
1146,1
1147,1
1148,6
1149,1
1150,1
1151,56
1152,1
1153,3
1154,2
1155,1
1156,5
1157,1
1158,1
1159,1
1160,1
1161,11
1162,1
1163,1
1164,2
1165,184
1166,3
1167,5
1168,1
1169,3
1170,6
1171,2
1172,1
1173,1
1174,1
1175,2
1176,58
1177,1
1178,1
1179,147
1180,4
1181,1
1182,21
1183,1
1184,1
1185,3
1186,1
1187,62
1188,1
1189,5
1190,1
1191,1
1192,17
1193,1
1194,2
1195,17
1196,1
1197,4
1198,2
1199,1
1200,1
1201,3
1202,3
1203,51
1204,1
1205,3
1206,1
1207,1
1208,1
1209,34
1210,7
1211,7
1212,22
1213,7
1214,1
1215,1
1216,2
1217,2
1218,53
1219,1
1220,12
1221,1
1222,1
1223,4
1224,5
1225,1
1226,1
1227,10
1228,2
1229,2
1230,2
1231,132
1232,13
1233,31
1234,1
1235,1
1236,14
1237,1
1238,3
1239,2
1240,2
1241,6
1242,14
1243,1
1244,9
1245,1
1246,1
1247,1
1248,1
1249,31
1250,28
1251,18
1252,1
1253,10
1254,4
1255,NA
1256,3
1257,6
1258,1
1259,1
1260,4
1261,1
1262,22
1263,3
1264,16
1265,1
1266,19
1267,1
1268,1
1269,2
1270,2
1271,1
1272,1
1273,3
1274,1
1275,2
1276,1
1277,45
1278,1
1279,2
1280,2
1281,1
1282,1
1283,2
1284,1
1285,2
1286,2
1287,1
1288,23
1289,6
1290,1
1291,5
1292,24
1293,1
1294,2
1295,1
1296,3
1297,92
1298,2
1299,3
1300,133
1301,1
1302,6
1303,4
1304,6
1305,2
1306,1
1307,3
1308,2
1309,NA
1310,1
1311,5
1312,2
1313,1
1314,1
1315,1
1316,39
1317,2
1318,4
1319,2
1320,3
1321,1
1322,738
1323,1
1324,1
1325,4
1326,1
1327,4
1328,2
1329,21
1330,14
1331,1
1332,1
1333,3
1334,1
1335,5
1336,1
1337,2
1338,1
1339,5
1340,160
1341,2
1342,1
1343,1
1344,3
1345,1
1346,3
1347,1
1348,21
1349,1
1350,1
1351,1
1352,6
1353,1
1354,9
1355,10
1356,40
1357,1
1358,5
1359,1
1360,1
1361,3
1362,2
1363,6
1364,1
1365,5
1366,1
1367,1
1368,15
1369,1
1370,17
1371,4
1372,39
1373,1
1374,6
1375,1
1376,35
1377,4
1378,4
1379,1
1380,13
1381,1
1382,2
1383,27
1384,2
1385,NA
1386,1
1387,5
1388,3
1389,1
1390,1
1391,1
1392,1
1393,1
1394,NA
1395,2
1396,8
1397,4
1398,1
1399,1
1400,30
1401,2
1402,2
1403,5
1404,5
1405,1
1406,1
1407,10
1408,1
1409,1
1410,1
1411,1
1412,1
1413,8
1414,2
1415,347
1416,1
1417,88
1418,10
1419,1
1420,3
1421,3
1422,4
1423,1
1424,2
1425,18
1426,11
1427,2
1428,543
1429,598
1430,5
1431,1
1432,20
1433,4
1434,1
1435,1
1436,7
1437,1
1438,5
1439,2
1440,6
1441,4
1442,1
1443,2
1444,7
1445,11
1446,3
1447,4
1448,7
1449,12
1450,21
1451,2
1452,9
1453,13
1454,3
1455,1
1456,8
1457,1
1458,1
1459,1
1460,3
1461,3
1462,12
1463,2
1464,1
1465,15
1466,1
1467,6
1468,1
1469,9
1470,10
1471,2
1472,4
1473,12
1474,4
1475,11
1476,2
1477,1
1478,3
1479,5
1480,33
1481,5
1482,1
1483,2
1484,10
1485,1
1486,643
1487,1
1488,1
1489,2
1490,1
1491,17
1492,1
1493,2
1494,2
1495,4
1496,1
1497,1
1498,3
1499,3
1500,1
1501,2
1502,1
1503,4
1504,2
1505,2
1506,2
1507,3
1508,1
1509,7
1510,1
1511,3
1512,1
1513,6
1514,1
1515,2
1516,1
1517,24
1518,1
1519,1
1520,2
1521,1
1522,1
1523,2
1524,28
1525,1
1526,1
1527,1
1528,6
1529,1
1530,11
1531,7
1532,3
1533,1
1534,1
1535,1
1536,2
1537,9
1538,1
1539,2
1540,2
1541,1
1542,2
1543,2
1544,3
1545,5
1546,1
1547,2
1548,125
1549,7
1550,162
1551,1
1552,1
1553,3
1554,1
1555,4
1556,3
1557,11
1558,1
1559,2
1560,2
1561,2
1562,1
1563,1
1564,2
1565,1
1566,2
1567,7
1568,1
1569,23
1570,8
1571,1
1572,2
1573,2
1574,13
1575,1
1576,1
1577,1
1578,2
1579,1
1580,1
1581,3
1582,2
1583,610
1584,5
1585,3
1586,51
1587,5
1588,41
1589,3
1590,4
1591,3
1592,1
1593,2
1594,42
1595,5
1596,1
1597,3
1598,9
1599,1
1600,1
1601,2
1602,1
1603,12
1604,489
1605,12
1606,2
1607,7
1608,18
1609,2
1610,2
1611,1
1612,7
1613,1
1614,1
1615,1
1616,2
1617,2
1618,1
1619,11
1620,9
1621,2
1622,3
1623,2
1624,8
1625,10
1626,28
1627,2
1628,1
1629,1
1630,1
1631,20
1632,3
1633,1
1634,2
1635,3
1636,5
1637,1
1638,4
1639,1
1640,1
1641,1
1642,6
1643,1
1644,1
1645,20
1646,2
1647,5
1648,1
1649,12
1650,4
1651,93
1652,2
1653,2
1654,1
1655,1
1656,1
1657,1
1658,1
1659,3
1660,2
1661,4
1662,5
1663,1
1664,1
1665,1
1666,2
1667,43
1668,1
1669,2
1670,11
1671,74
1672,1
1673,3
1674,1
1675,2
1676,1
1677,3
1678,1
1679,4
1680,1
1681,1
1682,2
1683,2
1684,1
1685,2
1686,5
1687,2
1688,2
1689,1
1690,1
1691,5
1692,1
1693,NA
1694,1
1695,3
1696,2
1697,2
1698,2
1699,30
1700,1
1701,1
1702,29
1703,1
1704,2
1705,1
1706,1
1707,13
1708,3
1709,1
1710,2
1711,1
1712,36
1713,1
1714,10
1715,6
1716,9
1717,1
1718,9
1719,1
1720,1
1721,1
1722,1
1723,1
1724,1
1725,5
1726,6
1727,1
1728,23
1729,1
1730,5
1731,1
1732,46
1733,3
1734,11
1735,3
1736,1
1737,66
1738,9
1739,3
1740,1
1741,6
1742,1
1743,1
1744,2
1745,4
1746,1
1747,1
1748,4
1749,2
1750,11
1751,2
1752,2
1753,1
1754,9
1755,1
1756,1
1757,1
1758,1
1759,2
1760,1
1761,1
1762,2
1763,1
1764,29
1765,2
1766,4
1767,1
1768,5
1769,1
1770,34
1771,10
1772,3
1773,5
1774,2
1775,1
1776,1
1777,11
1778,1
1779,1
1780,1
1781,2
1782,22
1783,3
1784,4
1785,6
1786,1
1787,1
1788,1
1789,3
1790,2
1791,2
1792,6
1793,3
1794,1
1795,1
1796,2
1797,NA
1798,2
1799,2
1800,120
1801,1
1802,3
1803,2
1804,13
1805,3
1806,1
1807,1
1808,2
1809,4
1810,1
1811,1
1812,1
1813,1
1814,6
1815,3
1816,17
1817,2
1818,7
1819,1
1820,5
1821,7
1822,12
1823,7
1824,4
1825,2
1826,1
1827,5
1828,1
1829,6
1830,1
1831,4
1832,1
1833,1
1834,203
1835,5
1836,4
1837,1
1838,1
1839,3
1840,2
1841,1
1842,2
1843,1
1844,5
1845,1
1846,3
1847,10
1848,46
1849,165
1850,1
1851,2
1852,5
1853,2
1854,2
1855,2
1856,1
1857,1
1858,2
1859,14
1860,203
1861,1
1862,1
1863,3
1864,1
1865,6
1866,1
1867,33
1868,2
1869,2
1870,1
1871,97
1872,22
1873,1
1874,4
1875,6
1876,1
1877,5
1878,9
1879,1
1880,2
1881,3
1882,1
1883,2
1884,1
1885,1
1886,2
1887,2
1888,1
1889,214
1890,1
1891,2
1892,7
1893,1
1894,2
1895,1
1896,1
1897,2
1898,1
1899,4
1900,2
1901,3
1902,12
1903,1
1904,1
1905,3
1906,6
1907,27
1908,1
1909,3
1910,1
1911,2
1912,2
1913,550
1914,99
1915,1
1916,6
1917,2
1918,4
1919,7
1920,6
1921,NA
1922,1
1923,2
1924,74
1925,1
1926,7
1927,25
1928,1
1929,1
1930,1
1931,1
1932,1
1933,30
1934,1
1935,18
1936,17
1937,1
1938,56
1939,1
1940,4
1941,1
1942,4
1943,1
1944,1
1945,3
1946,24
1947,1
1948,1
1949,1
1950,2
1951,8
1952,1
1953,124
1954,2
1955,1
1956,1
1957,16
1958,1
1959,11
1960,1
1961,1
1962,1
1963,1
1964,1
1965,8
1966,1
1967,3
1968,4
1969,10
1970,1
1971,1
1972,2
1973,3
1974,1
1975,1
1976,12
1977,5
1978,5
1979,678
1980,7
1981,5
1982,3
1983,1
1984,1
1985,6
1986,3
1987,1
1988,2
1989,2
1990,752
1991,1
1992,57
1993,3
1994,2
1995,5
1996,1
1997,2
1998,14
1999,1
2000,1
2001,6
2002,2
2003,1
2004,1
2005,1
2006,1
2007,2
2008,1
2009,1
2010,1
2011,32
2012,104
2013,1
2014,1
2015,2
2016,1
2017,73
2018,24
2019,1
2020,1
2021,1
2022,1
2023,12
2024,9
2025,1
2026,1
2027,1
2028,2
2029,1
2030,6
2031,354
2032,1
2033,2
2034,2
2035,1
2036,NA
2037,3
2038,12
2039,2
2040,2
2041,1
2042,1
2043,2
2044,1
2045,2
2046,1
2047,1
2048,1
2049,15
2050,23
2051,1
2052,3
2053,6
2054,13
2055,1
2056,4
2057,1
2058,367
2059,3
2060,2
2061,5
2062,1
2063,2
2064,26
2065,1
2066,18
2067,2
2068,4
2069,117
2070,4
2071,4
2072,1
2073,1
2074,1
2075,4
2076,2
2077,2
2078,4
2079,3
2080,43
2081,7
2082,33
2083,6
2084,12
2085,1
2086,2
2087,6
2088,3
2089,2
2090,1
2091,1
2092,1
2093,1
2094,1
2095,16
2096,1
2097,1
2098,7
2099,1
2100,2
2101,1
2102,5
2103,1
2104,2
2105,3
2106,3
2107,4
2108,1
2109,1
2110,129
2111,2
2112,1
2113,3
2114,1
2115,3
2116,1
2117,1
2118,4
2119,1
2120,91
2121,1
2122,6
2123,4
2124,1
2125,5
2126,3
2127,1
2128,3
2129,1
2130,3
2131,3
2132,1
2133,NA
2134,1
2135,1
2136,3
2137,6
2138,2
2139,18
2140,1
2141,104
2142,2
2143,1
2144,2
2145,1
2146,1
2147,1
2148,412
2149,1
2150,1
2151,1
2152,56
2153,2
2154,17
2155,16
2156,7
2157,5
2158,1
2159,7
2160,2
2161,10
2162,5
2163,4
2164,1
2165,7
2166,6
2167,5
2168,3
2169,6
2170,1
2171,1
2172,5
2173,10
2174,1
2175,1
2176,22
2177,NA
2178,1
2179,395
2180,2
2181,6
2182,3
2183,1
2184,1
2185,2
2186,2
2187,6
2188,2
2189,2
2190,255
2191,7
2192,2
2193,8
2194,3
2195,1
2196,1
2197,4
2198,1
2199,4
2200,30
2201,5
2202,8
2203,1
2204,9
2205,1
2206,24
2207,1
2208,1
2209,1
2210,4
2211,1
2212,7
2213,7
2214,2
2215,2
2216,4
2217,2
2218,1
2219,2
2220,5
2221,2
2222,2
2223,1
2224,52
2225,1
2226,3
2227,1
2228,1
2229,1
2230,25
2231,1
2232,8
2233,1
2234,5
2235,1
2236,46
2237,1
2238,2
2239,9
2240,5
2241,2
2242,1
2243,258
2244,2
2245,33
2246,1
2247,2
2248,2
2249,1
2250,13
2251,3
2252,1
2253,14
2254,10
2255,2
2256,1
2257,3
2258,NA
2259,1
2260,2
2261,6
2262,1
2263,4
2264,3
2265,6
2266,1
2267,1
2268,3
2269,3
2270,1
2271,2
2272,4
2273,1
2274,1
2275,1
2276,4
2277,9
2278,1
2279,1
2280,4
2281,1
2282,3
2283,2
2284,2
2285,1
2286,4
2287,124
2288,2
2289,1
2290,14
2291,9
2292,1
2293,1
2294,2
2295,1
2296,6
2297,2
2298,2
2299,7
2300,1
2301,42
2302,1
2303,1
2304,15
2305,1
2306,17
2307,1
2308,4
2309,8
2310,6
2311,3
2312,3
2313,3
2314,8
2315,31
2316,1
2317,3
2318,3
2319,1
2320,2
2321,2
2322,1
2323,30
2324,1
2325,1
2326,1
2327,5
2328,5
2329,1
2330,1
2331,2
2332,3
2333,13
2334,12
2335,1
2336,6
2337,3
2338,2
2339,7
2340,14
2341,2
2342,6
2343,1
2344,1
2345,2
2346,3
2347,1
2348,4
2349,2
2350,23
2351,15
2352,1
2353,2
2354,NA
2355,1
2356,7
2357,2
2358,1
2359,1
2360,8
2361,2
2362,2
2363,7
2364,14
2365,1
2366,3
2367,1
2368,1
2369,6
2370,2
2371,7
2372,2
2373,1
2374,1
2375,8
2376,1
2377,13
2378,2
2379,2
2380,1
2381,6
2382,1
2383,2
2384,3
2385,1
2386,NA
2387,12
2388,431
2389,4
2390,4
2391,6
2392,2
2393,1
2394,1
2395,1
2396,2
2397,2
2398,1
2399,71
2400,2
2401,3
2402,1
2403,1
2404,5
2405,13
2406,2
2407,1
2408,150
2409,5
2410,NA
2411,1
2412,1
2413,1
2414,12
2415,1
2416,2
2417,1
2418,2
2419,2
2420,1
2421,187
2422,16
2423,4
2424,1
2425,1
2426,2
2427,9
2428,1
2429,3
2430,44
2431,3
2432,1
2433,58
2434,1
2435,4
2436,1
2437,1
2438,2
2439,1
2440,8
2441,10
2442,2
2443,7
2444,1
2445,1
2446,2
2447,1
2448,2
2449,2
2450,1
2451,1
2452,NA
2453,2
2454,1
2455,4
2456,5
2457,40
2458,4
2459,1
2460,1
2461,1
2462,1
2463,26
2464,2
2465,1
2466,2
2467,9
2468,1
2469,1
2470,13
2471,1
2472,56
2473,4
2474,4
2475,2
2476,3
2477,4
2478,1
2479,3
2480,8
2481,1
2482,3
2483,3
2484,5
2485,6
2486,30
2487,5
2488,1
2489,1
2490,1
2491,8
2492,6
2493,1
2494,2
2495,5
2496,4
2497,2
2498,3
2499,13
2500,1
2501,1
2502,1
2503,10
2504,4
2505,2
2506,1
2507,6
2508,7
2509,1
2510,2
2511,1
2512,12
2513,5
2514,12
2515,2
2516,6
2517,3
2518,8
2519,1
2520,1
2521,19
2522,3
2523,1
2524,2
2525,1
2526,1
2527,5
2528,4
2529,2
2530,4
2531,123
2532,1
2533,1
2534,5
2535,1
2536,13
2537,1
2538,1
2539,2
2540,4
2541,2
2542,1
2543,3
2544,6
2545,8
2546,3
2547,1
2548,1
2549,4
2550,1
2551,106
2552,1
2553,1
2554,1
2555,237
2556,10
2557,2
2558,2
2559,1
2560,2
2561,2
2562,358
2563,27
2564,7
2565,16
2566,1
2567,2
2568,1
2569,3
2570,5
2571,1
2572,1
2573,2
2574,5
2575,1
2576,5
2577,7
2578,1
2579,1
2580,1
2581,4
2582,2
2583,5
2584,18
2585,2
2586,47
2587,1
2588,1
2589,2
2590,3
2591,1
2592,2
2593,45
2594,1
2595,20
2596,8
2597,11
2598,1
2599,36
2600,2
2601,11
2602,1
2603,10
2604,33
2605,1
2606,86
2607,1
2608,15
2609,2
2610,11
2611,3
2612,1
2613,3
2614,1
2615,28
2616,13
2617,2
2618,1
2619,7
2620,1
2621,2
2622,15
2623,7
2624,1
2625,21
2626,2
2627,2
2628,2
2629,246
2630,1
2631,15
2632,2
2633,1
2634,3
2635,5
2636,2
2637,1
2638,2
2639,2
2640,7
2641,1
2642,7
2643,1
2644,1
2645,1
2646,5
2647,1
2648,20
2649,2
2650,NA
2651,2
2652,31
2653,4
2654,1
2655,6
2656,4
2657,102
2658,9
2659,3
2660,6
2661,132
2662,1
2663,17
2664,1
2665,3
2666,1
2667,1
2668,1
2669,3
2670,5
2671,2
2672,34
2673,1
2674,5
2675,2
2676,2
2677,1
2678,1
2679,2
2680,3
2681,57
2682,2
2683,4
2684,1
2685,3
2686,1
2687,57
2688,1
2689,2
2690,8
2691,1
2692,2
2693,3
2694,66
2695,2
2696,NA
2697,3
2698,1
2699,1
2700,2
2701,1
2702,1
2703,1
2704,1
2705,712
2706,2
2707,1
2708,3
2709,1
2710,1
2711,1
2712,1
2713,3
2714,5
2715,3
2716,NA
2717,3
2718,1
2719,3
2720,10
2721,1
2722,210
2723,3
2724,2
2725,1
2726,822
2727,4
2728,2
2729,1
2730,1
2731,1
2732,1
2733,45
2734,2
2735,2
2736,2
2737,1
2738,8
2739,15
2740,7
2741,1
2742,10
2743,2
2744,11
2745,1
2746,1
2747,1
2748,9
2749,6
2750,1
2751,459
2752,35
2753,1
2754,5
2755,1
2756,1
2757,1
2758,3
2759,1
2760,26
2761,1
2762,3
2763,25
2764,3
2765,2
2766,1
2767,1
2768,1
2769,3
2770,1
2771,2
2772,3
2773,5
2774,5
2775,6
2776,2
2777,2
2778,2
2779,1
2780,1
2781,1
2782,2
2783,1
2784,5
2785,1
2786,1
2787,1
2788,5
2789,1
2790,2
2791,5
2792,15
2793,4
2794,2
2795,3
2796,1
2797,2
2798,12
2799,1
2800,1
2801,1
2802,1
2803,15
2804,8
2805,1
2806,3
2807,12
2808,2
2809,7
2810,2
2811,3
2812,20
2813,10
2814,2
2815,2
2816,1
2817,11
2818,1
2819,1
2820,3
2821,3
2822,2
2823,1
2824,4
2825,1
2826,26
2827,1
2828,3
2829,1
2830,2
2831,426
2832,1
2833,1
2834,1
2835,2
2836,2
2837,12
2838,1
2839,3
2840,1
2841,1
2842,24
2843,17
2844,2
2845,9
2846,2
2847,4
2848,2
2849,1
2850,1
2851,2
2852,1
2853,1
2854,4
2855,1
2856,2
2857,13
2858,2
2859,6
2860,1
2861,17
2862,34
2863,1
2864,3
2865,1
2866,2
2867,1
2868,3
2869,2
2870,2
2871,9
2872,1
2873,1
2874,1
2875,10
2876,7
2877,2
2878,13
2879,1
2880,1
2881,32
2882,14
2883,3
2884,1
2885,3
2886,4
2887,1
2888,1
2889,3
2890,7
2891,1
2892,2
2893,2
2894,3
2895,3
2896,1
2897,3
2898,1
2899,1
2900,4
2901,3
2902,1
2903,4
2904,6
2905,5
2906,3
2907,1
2908,11
2909,1
2910,1
2911,6
2912,194
2913,1
2914,2
2915,472
2916,1
2917,1
2918,1
2919,7
2920,3
2921,6
2922,4
2923,2
2924,2
2925,2
2926,2
2927,1
2928,1
2929,1
2930,1
2931,2
2932,23
2933,1
2934,9
2935,10
2936,2
2937,2
2938,651
2939,22
2940,12
2941,1
2942,246
2943,5
2944,2
2945,2
2946,6
2947,98
2948,3
2949,1
2950,2
2951,5
2952,2
2953,7
2954,1
2955,87
2956,5
2957,1
2958,6
2959,1
2960,11
2961,5
2962,1
2963,1
2964,1
2965,1
2966,2
2967,1
2968,3
2969,2
2970,1
2971,3
2972,2
2973,89
2974,73
2975,1
2976,1
2977,1
2978,1
2979,3
2980,958
2981,6
2982,1
2983,1
2984,1
2985,2
2986,3
2987,2
2988,5
2989,2
2990,1
2991,16
2992,5
2993,9
2994,1
2995,6
2996,38
2997,4
2998,2
2999,5
3000,8
3001,9
3002,28
3003,24
3004,NA
3005,2
3006,21
3007,32
3008,1
3009,9
3010,1
3011,261
3012,131
3013,6
3014,1
3015,1
3016,1
3017,2
3018,2
3019,3
3020,4
3021,5
3022,7
3023,1
3024,6
3025,NA
3026,1
3027,5
3028,1
3029,7
3030,40
3031,1
3032,1
3033,1
3034,1
3035,4
3036,34
3037,567
3038,6
3039,3
3040,4
3041,1
3042,1
3043,1
3044,1
3045,3
3046,4
3047,1
3048,1
3049,14
3050,5
3051,36
3052,1
3053,2
3054,1
3055,1
3056,5
3057,2
3058,63
3059,3
3060,1
3061,2
3062,2
3063,1
3064,5
3065,5
3066,7
3067,13
3068,14
3069,1
3070,1
3071,4
3072,2
3073,2
3074,1
3075,2
3076,1
3077,2
3078,1
3079,2
3080,2
3081,1
3082,101
3083,1
3084,7
3085,1
3086,2
3087,1
3088,1
3089,1
3090,50
3091,1
3092,17
3093,7
3094,263
3095,1
3096,60
3097,1
3098,2
3099,3
3100,1
3101,8
3102,3
3103,5
3104,2
3105,2
3106,1
3107,1
3108,4
3109,2
3110,1
3111,3
3112,8
3113,4
3114,3
3115,8
3116,3
3117,1
3118,1
3119,2
3120,1
3121,8
3122,1
3123,NA
3124,1
3125,7
3126,1
3127,6
3128,1
3129,9
3130,1
3131,8
3132,2
3133,15
3134,14
3135,1
3136,7
3137,1
3138,2
3139,1
3140,8
3141,2
3142,137
3143,2
3144,1
3145,4
3146,2
3147,31
3148,3
3149,36
3150,1
3151,2
3152,1
3153,15
3154,4
3155,5
3156,6
3157,9
3158,121
3159,2
3160,1
3161,1
3162,1
3163,13
3164,1
3165,2
3166,2
3167,2
3168,2
3169,3
3170,3
3171,2
3172,1
3173,23
3174,1
3175,6
3176,6
3177,1
3178,NA
3179,1
3180,1
3181,29
3182,5
3183,8
3184,14
3185,4
3186,1
3187,2
3188,10
3189,NA
3190,13
3191,1
3192,2
3193,5
3194,71
3195,1
3196,1
3197,1
3198,1
3199,4
3200,2
3201,7
3202,9
3203,1
3204,1
3205,1
3206,1
3207,2
3208,9
3209,1
3210,1
3211,2
3212,2
3213,1
3214,NA
3215,3
3216,3
3217,1
3218,1
3219,1
3220,5
3221,1
3222,6
3223,4
3224,7
3225,2
3226,31
3227,15
3228,1
3229,5
3230,3
3231,1
3232,1
3233,146
3234,3
3235,1
3236,1
3237,2
3238,2
3239,49
3240,7
3241,2
3242,10
3243,2
3244,2
3245,1
3246,113
3247,12
3248,2
3249,1
3250,1
3251,1
3252,2
3253,1
3254,1
3255,4
3256,1
3257,167
3258,1
3259,15
3260,1
3261,7
3262,4
3263,2
3264,1
3265,3
3266,10
3267,6
3268,1
3269,1
3270,19
3271,1
3272,3
3273,1
3274,1
3275,3
3276,4
3277,52
3278,4
3279,1
3280,2
3281,2
3282,1
3283,2
3284,2
3285,8
3286,1
3287,4
3288,48
3289,5
3290,NA
3291,1
3292,1
3293,1
3294,12
3295,2
3296,51
3297,3
3298,2
3299,12
3300,3
3301,1
3302,1
3303,52
3304,1
3305,3
3306,1
3307,47
3308,2
3309,3
3310,2
3311,146
3312,87
3313,2
3314,8
3315,1
3316,2
3317,1
3318,3
3319,1
3320,2
3321,2
3322,2
3323,1
3324,84
3325,60
3326,7
3327,1
3328,4
3329,97
3330,2
3331,1
3332,20
3333,1
3334,3
3335,1
3336,15
3337,2
3338,1
3339,1
3340,6
3341,2
3342,1
3343,NA
3344,1
3345,39
3346,1
3347,NA
3348,24
3349,3
3350,11
3351,2
3352,1
3353,1
3354,2
3355,4
3356,13
3357,3
3358,2
3359,1
3360,2
3361,47
3362,1
3363,5
3364,1
3365,66
3366,2
3367,1
3368,1
3369,21
3370,1
3371,12
3372,5
3373,2
3374,2
3375,2
3376,2
3377,1
3378,183
3379,2
3380,1
3381,1
3382,1
3383,1
3384,1
3385,243
3386,7
3387,8
3388,1
3389,5
3390,5
3391,9
3392,3
3393,11
3394,4
3395,2
3396,1
3397,1
3398,2
3399,1
3400,NA
3401,1
3402,2
3403,1
3404,1
3405,3
3406,1
3407,NA
3408,1
3409,24
3410,7
3411,29
3412,7
3413,5
3414,9
3415,3
3416,3
3417,2
3418,3
3419,1
3420,4
3421,1
3422,51
3423,1
3424,2
3425,1
3426,1
3427,4
3428,2
3429,1
3430,8
3431,6
3432,26
3433,NA
3434,4
3435,1
3436,2
3437,3
3438,1
3439,10
3440,2
3441,2
3442,4
3443,1
3444,5
3445,5
3446,2
3447,2
3448,1
3449,1
3450,2
3451,2
3452,2
3453,2
3454,272
3455,3
3456,9
3457,4
3458,1
3459,2
3460,2
3461,1
3462,196
3463,1
3464,2
3465,1
3466,1
3467,5
3468,1
3469,13
3470,1
3471,6
3472,2
3473,2
3474,9
3475,6
3476,1
3477,1
3478,2
3479,1
3480,2
3481,1
3482,1
3483,1
3484,1
3485,1
3486,134
3487,18
3488,1
3489,3
3490,1
3491,2
3492,6
3493,2
3494,3
3495,2
3496,3
3497,52
3498,4
3499,3
3500,1
3501,1
3502,6
3503,2
3504,1
3505,1
3506,9
3507,270
3508,20
3509,1
3510,3
3511,41
3512,6
3513,1
3514,6
3515,1
3516,12
3517,3
3518,2
3519,2
3520,1
3521,7
3522,2
3523,1
3524,1
3525,2
3526,9
3527,4
3528,2
3529,1
3530,38
3531,3
3532,3
3533,3
3534,1
3535,1
3536,1
3537,1
3538,1
3539,1
3540,2
3541,20
3542,1
3543,1
3544,1
3545,725
3546,1
3547,2
3548,2
3549,1
3550,14
3551,2
3552,4
3553,3
3554,1
3555,3
3556,3
3557,7
3558,23
3559,1
3560,2
3561,2
3562,1
3563,2
3564,2
3565,397
3566,1
3567,1
3568,4
3569,2
3570,2
3571,2
3572,1
3573,1
3574,2
3575,2
3576,1
3577,100
3578,4
3579,2
3580,1
3581,1
3582,2
3583,2
3584,5
3585,32
3586,1
3587,3
3588,7
3589,4
3590,1
3591,18
3592,2
3593,2
3594,10
3595,1
3596,NA
3597,2
3598,1
3599,11
3600,5
3601,22
3602,2
3603,1
3604,1
3605,1
3606,3
3607,6
3608,1
3609,1
3610,6
3611,1
3612,1
3613,2
3614,1
3615,2
3616,7
3617,1
3618,2
3619,33
3620,1
3621,203
3622,2
3623,11
3624,3
3625,2
3626,4
3627,3
3628,1
3629,38
3630,6
3631,13
3632,1
3633,3
3634,1
3635,163
3636,2
3637,1
3638,4
3639,4
3640,284
3641,1
3642,7
3643,1
3644,1
3645,11
3646,1
3647,11
3648,2
3649,2
3650,4
3651,6
3652,317
3653,3
3654,1
3655,5
3656,15
3657,7
3658,15
3659,2
3660,1
3661,2
3662,12
3663,1
3664,5
3665,1
3666,1
3667,1
3668,1
3669,1
3670,1
3671,3
3672,6
3673,4
3674,9
3675,143
3676,3
3677,2
3678,1
3679,1
3680,4
3681,6
3682,1
3683,8
3684,114
3685,3
3686,1
3687,1
3688,6
3689,19
3690,29
3691,1
3692,1
3693,1
3694,3
3695,4
3696,3
3697,1
3698,1
3699,1
3700,1
3701,2
3702,17
3703,14
3704,6
3705,2
3706,14
3707,3
3708,3
3709,2
3710,1
3711,1
3712,2
3713,2
3714,21
3715,1
3716,4
3717,26
3718,1
3719,1
3720,1
3721,3
3722,15
3723,1
3724,3
3725,1
3726,1
3727,2
3728,2
3729,2
3730,5
3731,10
3732,1
3733,4
3734,6
3735,1
3736,2
3737,10
3738,30
3739,524
3740,2
3741,1
3742,2
3743,3
3744,5
3745,1
3746,1
3747,4
3748,1
3749,1
3750,34
3751,2
3752,1
3753,156
3754,1
3755,1
3756,1
3757,1
3758,5
3759,13
3760,319
3761,4
3762,1
3763,5
3764,1
3765,1
3766,2
3767,1
3768,1
3769,1
3770,2
3771,1
3772,8
3773,1
3774,9
3775,1
3776,1
3777,1
3778,2
3779,18
3780,1
3781,1
3782,2
3783,2
3784,1
3785,1
3786,NA
3787,6
3788,1
3789,1
3790,1
3791,1
3792,5
3793,1
3794,30
3795,9
3796,145
3797,4
3798,2
3799,27
3800,1
3801,1
3802,2
3803,2
3804,75
3805,14
3806,4
3807,3
3808,1
3809,8
3810,10
3811,1
3812,39
3813,1
3814,1
3815,1
3816,4
3817,1
3818,3
3819,7
3820,1
3821,80
3822,1
3823,1
3824,1
3825,6
3826,8
3827,14
3828,5
3829,1
3830,1
3831,5
3832,2
3833,2
3834,1
3835,2
3836,2
3837,1
3838,34
3839,4
3840,3
3841,1
3842,2
3843,1
3844,15
3845,7
3846,5
3847,1
3848,49
3849,2
3850,62
3851,9
3852,1
3853,3
3854,4
3855,2
3856,1
3857,2
3858,1
3859,11
3860,6
3861,1
3862,637
3863,9
3864,1
3865,2
3866,1
3867,3
3868,15
3869,1
3870,2
3871,46
3872,1
3873,3
3874,1
3875,1
3876,1
3877,1
3878,12
3879,33
3880,29
3881,2
3882,2
3883,2
3884,1
3885,3
3886,1
3887,8
3888,20
3889,5
3890,7
3891,1
3892,5
3893,74
3894,1
3895,1
3896,2
3897,10
3898,2
3899,1
3900,3
3901,5
3902,1
3903,1
3904,8
3905,1
3906,1
3907,1
3908,8
3909,6
3910,28
3911,3
3912,1
3913,9
3914,2
3915,154
3916,1
3917,1
3918,4
3919,1
3920,1
3921,1
3922,117
3923,24
3924,4
3925,1
3926,6
3927,7
3928,31
3929,42
3930,29
3931,1
3932,4
3933,1
3934,2
3935,101
3936,1
3937,58
3938,1
3939,5
3940,1
3941,5
3942,1
3943,1
3944,1
3945,1
3946,1
3947,4
3948,2
3949,2
3950,1
3951,1
3952,12
3953,1
3954,1
3955,3
3956,11
3957,1
3958,1
3959,108
3960,5
3961,63
3962,1
3963,2
3964,1
3965,4
3966,4
3967,1
3968,12
3969,1
3970,138
3971,1
3972,1
3973,1
3974,3
3975,3
3976,2
3977,4
3978,1
3979,1
3980,10
3981,136
3982,1
3983,5
3984,2
3985,1
3986,2
3987,12
3988,2
3989,1
3990,2
3991,238
3992,158
3993,5
3994,NA
3995,2
3996,2
3997,1
3998,26
3999,1
4000,3
4001,5
4002,2
4003,NA
4004,13
4005,7
4006,2
4007,1
4008,1
4009,23
4010,1
4011,3
4012,1
4013,8
4014,12
4015,2
4016,9
4017,1
4018,5
4019,1
4020,1
4021,1
4022,3
4023,1
4024,13
4025,6
4026,3
4027,1
4028,12
4029,3
4030,1
4031,1
4032,1
4033,97
4034,1
4035,2
4036,8
4037,1
4038,5
4039,17
4040,1
4041,4
4042,3
4043,249
4044,2
4045,2
4046,1
4047,70
4048,4
4049,5
4050,4
4051,1
4052,2
4053,7
4054,1
4055,29
4056,4
4057,1
4058,2
4059,1
4060,19
4061,2
4062,4
4063,9
4064,1
4065,26
4066,6
4067,28
4068,1
4069,2
4070,1
4071,25
4072,1
4073,1
4074,1
4075,1
4076,4
4077,1
4078,6
4079,1
4080,4
4081,1
4082,NA
4083,1
4084,85
4085,3
4086,61
4087,200
4088,1
4089,7
4090,3
4091,12
4092,1
4093,1
4094,1
4095,2
4096,5
4097,1
4098,1
4099,10
4100,2
4101,85
4102,244
4103,2
4104,5
4105,3
4106,1
4107,1
4108,2
4109,98
4110,1
4111,3
4112,2
4113,42
4114,2
4115,73
4116,1
4117,18
4118,3
4119,2
4120,5
4121,1
4122,1
4123,1
4124,4
4125,17
4126,1
4127,3
4128,1
4129,30
4130,2
4131,28
4132,1
4133,1
4134,1
4135,2
4136,2
4137,1
4138,1
4139,4
4140,2
4141,1
4142,2
4143,21
4144,1
4145,3
4146,2
4147,2
4148,23
4149,1
4150,1
4151,1
4152,14
4153,2
4154,2
4155,1
4156,11
4157,2
4158,6
4159,13
4160,12
4161,4
4162,1
4163,1
4164,1
4165,3
4166,1
4167,6
4168,702
4169,2
4170,7
4171,1
4172,22
4173,1
4174,137
4175,3
4176,3
4177,3
4178,10
4179,34
4180,2
4181,1
4182,3
4183,1
4184,1
4185,2
4186,21
4187,1
4188,3
4189,9
4190,16
4191,1
4192,1
4193,1
4194,3
4195,3
4196,11
4197,10
4198,13
4199,1
4200,2
4201,2
4202,12
4203,1
4204,1
4205,1
4206,7
4207,7
4208,3
4209,2
4210,4
4211,1
4212,2
4213,1
4214,5
4215,213
4216,1
4217,3
4218,3
4219,3
4220,10
4221,3
4222,3
4223,18
4224,3
4225,1
4226,1
4227,3
4228,1
4229,1
4230,1
4231,1
4232,1
4233,5
4234,876
4235,3
4236,1
4237,1
4238,1
4239,22
4240,1
4241,1
4242,3
4243,2
4244,31
4245,6
4246,48
4247,11
4248,4
4249,1
4250,2
4251,2
4252,2
4253,2
4254,13
4255,3
4256,2
4257,1
4258,13
4259,4
4260,2
4261,3
4262,1
4263,1
4264,3
4265,7
4266,6
4267,4
4268,11
4269,645
4270,2
4271,5
4272,2
4273,3
4274,5
4275,1
4276,4
4277,1
4278,16
4279,1
4280,3
4281,1
4282,1
4283,5
4284,1
4285,2
4286,5
4287,2
4288,3
4289,10
4290,3
4291,13
4292,2
4293,12
4294,1
4295,7
4296,1
4297,1
4298,2
4299,5
4300,4
4301,4
4302,1
4303,1
4304,13
4305,1
4306,6
4307,1
4308,1
4309,1
4310,2
4311,18
4312,3
4313,3
4314,3
4315,2
4316,1
4317,10
4318,1
4319,12
4320,NA
4321,2
4322,4
4323,1
4324,279
4325,2
4326,1
4327,1
4328,1
4329,2
4330,14
4331,49
4332,24
4333,4
4334,1
4335,45
4336,3
4337,28
4338,2
4339,1
4340,2
4341,12
4342,1
4343,4
4344,198
4345,1
4346,1
4347,2
4348,18
4349,1
4350,1
4351,149
4352,1
4353,1
4354,1
4355,2
4356,1
4357,1
4358,1
4359,3
4360,3
4361,3
4362,4
4363,7
4364,8
4365,6
4366,36
4367,12
4368,5
4369,1
4370,3
4371,1
4372,2
4373,3
4374,2
4375,1
4376,1
4377,8
4378,1
4379,5
4380,1
4381,1
4382,1
4383,2
4384,4
4385,1
4386,48
4387,4
4388,12
4389,1
4390,833
4391,3
4392,3
4393,1
4394,2
4395,1
4396,2
4397,1
4398,3
4399,NA
4400,5
4401,3
4402,2
4403,6
4404,1
4405,3
4406,1
4407,3
4408,2
4409,3
4410,4
4411,1
4412,57
4413,2
4414,3
4415,2
4416,2
4417,24
4418,4
4419,1
4420,8
4421,4
4422,6
4423,NA
4424,4
4425,3
4426,2
4427,1
4428,1
4429,2
4430,5
4431,2
4432,2
4433,4
4434,11
4435,1
4436,12
4437,1
4438,1
4439,3
4440,4
4441,1
4442,8
4443,6
4444,2
4445,1
4446,5
4447,2
4448,4
4449,1
4450,1
4451,5
4452,6
4453,3
4454,2
4455,3
4456,35
4457,1
4458,4
4459,7
4460,NA
4461,1
4462,4
4463,2
4464,1
4465,222
4466,1
4467,17
4468,2
4469,1
4470,1
4471,2
4472,1
4473,20
4474,1
4475,1
4476,4
4477,3
4478,3
4479,6
4480,1
4481,3
4482,3
4483,2
4484,1
4485,1
4486,14
4487,2
4488,7
4489,1
4490,1
4491,2
4492,1
4493,1
4494,153
4495,26
4496,2
4497,1
4498,12
4499,5
4500,NA
4501,1
4502,3
4503,13
4504,2
4505,1
4506,2
4507,2
4508,2
4509,32
4510,2
4511,11
4512,1
4513,129
4514,37
4515,1
4516,1
4517,2
4518,2
4519,11
4520,8
4521,1
4522,11
4523,1
4524,2
4525,1
4526,4
4527,6
4528,1
4529,4
4530,23
4531,532
4532,11
4533,63
4534,10
4535,1
4536,3
4537,2
4538,4
4539,4
4540,3
4541,1
4542,14
4543,28
4544,7
4545,62
4546,20
4547,59
4548,1
4549,8
4550,3
4551,1
4552,1
4553,48
4554,1
4555,1
4556,1
4557,23
4558,1
4559,111
4560,20
4561,70
4562,4
4563,1
4564,2
4565,19
4566,3
4567,1
4568,3
4569,15
4570,1
4571,1
4572,2
4573,11
4574,4
4575,10
4576,3
4577,NA
4578,2
4579,1
4580,2
4581,1
4582,1
4583,3
4584,8
4585,3
4586,72
4587,1
4588,715
4589,1
4590,5
4591,2
4592,1
4593,1
4594,10
4595,9
4596,1
4597,2
4598,6
4599,29
4600,1
4601,356
4602,1
4603,2
4604,7
4605,7
4606,2
4607,1
4608,2
4609,4
4610,3
4611,2
4612,1
4613,2
4614,12
4615,2
4616,1
4617,3
4618,4
4619,4
4620,4
4621,7
4622,1
4623,1
4624,77
4625,1
4626,1
4627,2
4628,1
4629,10
4630,30
4631,10
4632,3
4633,11
4634,2
4635,7
4636,2
4637,8
4638,1
4639,1
4640,1
4641,30
4642,4
4643,1
4644,6
4645,7
4646,1
4647,1
4648,1
4649,1
4650,5
4651,2
4652,6
4653,15
4654,1
4655,1
4656,1
4657,4
4658,27
4659,1
4660,5
4661,1
4662,2
4663,6
4664,1
4665,1
4666,2
4667,1
4668,1
4669,3
4670,10
4671,11
4672,1
4673,302
4674,64
4675,3
4676,NA
4677,1
4678,1
4679,3
4680,1
4681,17
4682,1
4683,9
4684,3
4685,NA
4686,2
4687,1
4688,2
4689,8
4690,2
4691,8
4692,1
4693,2
4694,5
4695,18
4696,10
4697,2
4698,1
4699,2
4700,1
4701,3
4702,17
4703,1
4704,7
4705,1
4706,9
4707,16
4708,1
4709,13
4710,1
4711,1
4712,1
4713,1
4714,5
4715,6
4716,1
4717,2
4718,418
4719,1
4720,23
4721,3
4722,1
4723,1
4724,1
4725,1
4726,1
4727,5
4728,2
4729,4
4730,4
4731,1
4732,110
4733,2
4734,3
4735,16
4736,2
4737,1
4738,2
4739,1
4740,18
4741,2
4742,187
4743,1
4744,1
4745,166
4746,8
4747,3
4748,1
4749,2
4750,5
4751,2
4752,4
4753,1
4754,72
4755,2
4756,1
4757,1
4758,1
4759,4
4760,1
4761,1
4762,2
4763,3
4764,1
4765,1
4766,2
4767,2
4768,1
4769,3
4770,1
4771,1
4772,1
4773,78
4774,1
4775,3
4776,1
4777,2
4778,27
4779,1
4780,2
4781,1
4782,3
4783,4
4784,4
4785,164
4786,19
4787,1
4788,4
4789,4
4790,1
4791,2
4792,4
4793,17
4794,3
4795,22
4796,1
4797,17
4798,2
4799,2
4800,12
4801,1
4802,8
4803,2
4804,3
4805,8
4806,36
4807,10
4808,3
4809,2
4810,1
4811,7
4812,1
4813,1
4814,2
4815,1
4816,1
4817,14
4818,2
4819,NA
4820,1
4821,5
4822,15
4823,39
4824,28
4825,1
4826,1
4827,1
4828,6
4829,3
4830,NA
4831,2
4832,2
4833,5
4834,1
4835,3
4836,3
4837,22
4838,4
4839,NA
4840,3
4841,1
4842,148
4843,3
4844,3
4845,2
4846,11
4847,1
4848,2
4849,6
4850,28
4851,1
4852,1
4853,10
4854,4
4855,5
4856,1
4857,2
4858,8
4859,18
4860,11
4861,2
4862,2
4863,1
4864,5
4865,4
4866,1
4867,2
4868,38
4869,1
4870,1
4871,48
4872,4
4873,1
4874,1
4875,1
4876,1
4877,9
4878,3
4879,9
4880,4
4881,8
4882,1
4883,30
4884,2
4885,3
4886,1
4887,1
4888,17
4889,1
4890,5
4891,1
4892,8
4893,2
4894,2
4895,3
4896,1
4897,14
4898,2
4899,2
4900,1
4901,1
4902,1
4903,1
4904,9
4905,6
4906,24
4907,1
4908,1
4909,2
4910,119
4911,4
4912,1
4913,2
4914,1
4915,2
4916,16
4917,9
4918,9
4919,1
4920,1
4921,3
4922,1
4923,6
4924,2
4925,3
4926,5
4927,2
4928,2
4929,59
4930,1
4931,1
4932,15
4933,1
4934,7
4935,1
4936,NA
4937,4
4938,4
4939,11
4940,5
4941,1
4942,2
4943,1
4944,2
4945,1
4946,1
4947,3
4948,14
4949,6
4950,1
4951,1
4952,13
4953,1
4954,2
4955,27
4956,3
4957,1
4958,1
4959,11
4960,2
4961,1
4962,5
4963,2
4964,2
4965,30
4966,2
4967,2
4968,1
4969,1
4970,1
4971,10
4972,3
4973,9
4974,1
4975,2
4976,2
4977,1
4978,4
4979,26
4980,1
4981,2
4982,84
4983,6
4984,1
4985,9
4986,16
4987,1
4988,2
4989,2
4990,1
4991,23
4992,1
4993,8
4994,3
4995,1
4996,1
4997,2
4998,1
4999,3
5000,1
5001,6
5002,1
5003,1
5004,160
5005,6
5006,1
5007,2
5008,1
5009,1
5010,2
5011,1
5012,1
5013,2
5014,6
5015,2
5016,1
5017,1
5018,4
5019,1
5020,2
5021,136
5022,1
5023,1
5024,4
5025,1
5026,18
5027,11
5028,3
5029,3
5030,3
5031,1
5032,4
5033,1
5034,1
5035,59
5036,1
5037,140
5038,1
5039,9
5040,2
5041,15
5042,1
5043,2
5044,181
5045,2
5046,26
5047,1
5048,4
5049,1
5050,5
5051,4
5052,4
5053,2
5054,2
5055,3
5056,3
5057,1
5058,1
5059,10
5060,1
5061,1
5062,2
5063,9
5064,51
5065,4
5066,3
5067,2
5068,12
5069,422
5070,2
5071,1
5072,5
5073,1
5074,4
5075,1
5076,3
5077,2
5078,1
5079,2
5080,1
5081,2
5082,3
5083,7
5084,2
5085,1
5086,4
5087,1
5088,1
5089,3
5090,1
5091,1
5092,212
5093,2
5094,1
5095,9
5096,2
5097,2
5098,2
5099,1
5100,1
5101,1
5102,11
5103,10
5104,45
5105,NA
5106,1
5107,2
5108,6
5109,4
5110,1
5111,2
5112,1
5113,1
5114,4
5115,11
5116,707
5117,4
5118,3
5119,1
5120,6
5121,2
5122,1
5123,1
5124,6
5125,NA
5126,4
5127,13
5128,20
5129,1
5130,1
5131,3
5132,1
5133,13
5134,1
5135,5
5136,2
5137,1
5138,7
5139,6
5140,1
5141,4
5142,1
5143,2
5144,3
5145,4
5146,2
5147,2
5148,1
5149,1
5150,19
5151,1
5152,2
5153,1
5154,3
5155,3
5156,1
5157,14
5158,42
5159,1
5160,5
5161,2
5162,103
5163,2
5164,30
5165,3
5166,2
5167,2
5168,1
5169,2
5170,39
5171,1
5172,1
5173,1
5174,2
5175,1
5176,2
5177,1
5178,1
5179,4
5180,938
5181,1
5182,75
5183,2
5184,5
5185,2
5186,1
5187,26
5188,1
5189,2
5190,4
5191,8
5192,2
5193,101
5194,1
5195,1
5196,8
5197,2
5198,1
5199,1
5200,4
5201,1
5202,6
5203,6
5204,1
5205,1
5206,3
5207,1
5208,5
5209,2
5210,1
5211,1
5212,3
5213,2
5214,20
5215,9
5216,1
5217,4
5218,1
5219,64
5220,1
5221,1
5222,2
5223,4
5224,2
5225,2
5226,1
5227,11
5228,17
5229,1
5230,1
5231,3
5232,3
5233,3
5234,165
5235,56
5236,1
5237,1
5238,4
5239,1
5240,1
5241,9
5242,3
5243,5
5244,1
5245,3
5246,6
5247,9
5248,3
5249,2
5250,3
5251,1
5252,2
5253,10
5254,1
5255,NA
5256,1
5257,2
5258,2
5259,11
5260,2
5261,18
5262,3
5263,1
5264,1
5265,10
5266,7
5267,2
5268,34
5269,13
5270,3
5271,4
5272,3
5273,3
5274,2
5275,2
5276,2
5277,3
5278,1
5279,20
5280,1
5281,13
5282,3
5283,223
5284,1
5285,1
5286,1
5287,2
5288,2
5289,1
5290,78
5291,3
5292,1
5293,2
5294,1
5295,17
5296,1
5297,1
5298,29
5299,1
5300,3
5301,8
5302,3
5303,1
5304,5
5305,1
5306,1
5307,1
5308,2
5309,1
5310,1
5311,1
5312,2
5313,3
5314,1
5315,6
5316,2
5317,2
5318,1
5319,6
5320,15
5321,3
5322,1
5323,2
5324,7
5325,1
5326,2
5327,5
5328,4
5329,5
5330,1
5331,1
5332,1
5333,1
5334,10
5335,1
5336,383
5337,2
5338,2
5339,2
5340,3
5341,1
5342,1
5343,13
5344,1
5345,4
5346,1
5347,1
5348,3
5349,3
5350,4
5351,2
5352,2
5353,1
5354,4
5355,2
5356,28
5357,5
5358,7
5359,3
5360,1
5361,13
5362,1
5363,2
5364,3
5365,3
5366,1
5367,360
5368,1
5369,9
5370,2
5371,1
5372,4
5373,3
5374,25
5375,1
5376,2
5377,1
5378,NA
5379,5
5380,1
5381,4
5382,1
5383,7
5384,1
5385,1
5386,229
5387,11
5388,7
5389,2
5390,1
5391,3
5392,1
5393,3
5394,3
5395,1
5396,104
5397,4
5398,3
5399,7
5400,146
5401,1
5402,1
5403,4
5404,54
5405,1
5406,1
5407,1
5408,8
5409,1
5410,5
5411,10
5412,2
5413,1
5414,11
5415,1
5416,82
5417,5
5418,112
5419,2
5420,29
5421,1
5422,172
5423,1
5424,1
5425,5
5426,4
5427,1
5428,4
5429,5
5430,2
5431,2
5432,1
5433,2
5434,1
5435,13
5436,1
5437,3
5438,1
5439,3
5440,1
5441,5
5442,10
5443,3
5444,8
5445,2
5446,1
5447,1
5448,2
5449,1
5450,4
5451,2
5452,3
5453,7
5454,1
5455,8
5456,5
5457,1
5458,5
5459,2
5460,2
5461,17
5462,1
5463,1
5464,2
5465,2
5466,12
5467,1
5468,5
5469,6
5470,4
5471,1
5472,4
5473,2
5474,2
5475,1
5476,15
5477,2
5478,3
5479,3
5480,2
5481,1
5482,2
5483,1
5484,1
5485,1
5486,1
5487,2
5488,74
5489,4
5490,3
5491,1
5492,1
5493,1
5494,1
5495,233
5496,57
5497,1
5498,1
5499,8
5500,1
5501,1
5502,82
5503,2
5504,6
5505,1
5506,1
5507,2
5508,20
5509,4
5510,24
5511,10
5512,1
5513,7
5514,1
5515,315
5516,15
5517,58
5518,5
5519,34
5520,51
5521,8
5522,1
5523,7
5524,5
5525,1
5526,5
5527,1
5528,1
5529,3
5530,1
5531,46
5532,6
5533,1
5534,711
5535,1
5536,1
5537,4
5538,135
5539,1
5540,1
5541,4
5542,1
5543,164
5544,1
5545,3
5546,12
5547,3
5548,6
5549,16
5550,76
5551,1
5552,1
5553,2
5554,10
5555,1
5556,3
5557,9
5558,1
5559,11
5560,20
5561,5
5562,3
5563,1
5564,4
5565,2
5566,3
5567,3
5568,1
5569,4
5570,12
5571,2
5572,3
5573,2
5574,1
5575,1
5576,4
5577,1
5578,1
5579,1
5580,9
5581,14
5582,1
5583,4
5584,6
5585,1
5586,5
5587,2
5588,1
5589,59
5590,9
5591,1
5592,1
5593,1
5594,1
5595,5
5596,1
5597,4
5598,8
5599,8
5600,1
5601,1
5602,4
5603,3
5604,2
5605,2
5606,4
5607,3
5608,1
5609,18
5610,1
5611,1
5612,9
5613,5
5614,3
5615,5
5616,2
5617,5
5618,1
5619,13
5620,50
5621,2
5622,1
5623,1
5624,1
5625,87
5626,2
5627,1
5628,1
5629,1
5630,NA
5631,2
5632,1
5633,1
5634,63
5635,2
5636,4
5637,2
5638,2
5639,1
5640,6
5641,1
5642,24
5643,1
5644,3
5645,1
5646,3
5647,1
5648,3
5649,3
5650,1
5651,2
5652,3
5653,22
5654,1
5655,1
5656,1
5657,2
5658,1
5659,3
5660,4
5661,1
5662,2
5663,4
5664,2
5665,8
5666,1
5667,1
5668,1
5669,4
5670,1
5671,99
5672,2
5673,1
5674,1
5675,10
5676,2
5677,5
5678,2
5679,1
5680,3
5681,1
5682,1
5683,8
5684,1
5685,2
5686,NA
5687,1
5688,7
5689,1
5690,3
5691,11
5692,1
5693,1
5694,3
5695,5
5696,2
5697,4
5698,1
5699,19
5700,4
5701,1
5702,1
5703,2
5704,4
5705,1
5706,10
5707,2
5708,32
5709,4
5710,1
5711,1
5712,61
5713,4
5714,1
5715,2
5716,12
5717,1
5718,2
5719,4
5720,1
5721,1
5722,1
5723,4
5724,1
5725,3
5726,2
5727,2
5728,1
5729,9
5730,NA
5731,3
5732,1
5733,8
5734,1
5735,4
5736,24
5737,4
5738,3
5739,1
5740,1
5741,4
5742,3
5743,21
5744,1
5745,2
5746,14
5747,16
5748,2
5749,1
5750,2
5751,1
5752,2
5753,4
5754,27
5755,2
5756,1
5757,1
5758,2
5759,1
5760,1
5761,2
5762,66
5763,2
5764,12
5765,1
5766,1
5767,3
5768,6
5769,1
5770,1
5771,2
5772,8
5773,2
5774,2
5775,31
5776,1
5777,13
5778,1
5779,10
5780,6
5781,6
5782,2
5783,1
5784,1
5785,10
5786,1
5787,13
5788,1
5789,3
5790,1
5791,1
5792,45
5793,3
5794,2
5795,2
5796,8
5797,1
5798,1
5799,1
5800,1
5801,1
5802,1
5803,1
5804,1
5805,4
5806,1
5807,2
5808,59
5809,1
5810,5
5811,3
5812,4
5813,4
5814,6
5815,1
5816,2
5817,1
5818,6
5819,6
5820,3
5821,2
5822,3
5823,3
5824,7
5825,10
5826,1
5827,7
5828,2
5829,2
5830,5
5831,1
5832,1
5833,2
5834,1
5835,1
5836,1
5837,3
5838,8
5839,3
5840,88
5841,1
5842,31
5843,1
5844,1
5845,1
5846,2
5847,4
5848,5
5849,4
5850,3
5851,2
5852,1
5853,3
5854,5
5855,1
5856,20
5857,6
5858,6
5859,2
5860,4
5861,4
5862,6
5863,1
5864,1
5865,33
5866,4
5867,11
5868,2
5869,1
5870,1
5871,2
5872,5
5873,4
5874,4
5875,1
5876,1
5877,382
5878,4
5879,13
5880,6
5881,2
5882,4
5883,5
5884,2
5885,2
5886,3
5887,2
5888,1
5889,1
5890,199
5891,1
5892,85
5893,1
5894,1
5895,12
5896,222
5897,3
5898,2
5899,23
5900,1
5901,1
5902,4
5903,1
5904,1
5905,1
5906,4
5907,1
5908,1
5909,3
5910,3
5911,9
5912,4
5913,2
5914,1
5915,1
5916,2
5917,2
5918,4
5919,21
5920,1
5921,1
5922,3
5923,1
5924,2
5925,2
5926,4
5927,2
5928,18
5929,1
5930,31
5931,3
5932,1
5933,1
5934,1
5935,1
5936,1
5937,17
5938,2
5939,14
5940,2
5941,7
5942,1
5943,1
5944,24
5945,1
5946,10
5947,2
5948,5
5949,2
5950,26
5951,7
5952,153
5953,76
5954,1
5955,5
5956,1
5957,1
5958,7
5959,6
5960,4
5961,16
5962,1
5963,477
5964,1
5965,15
5966,1
5967,124
5968,2
5969,1
5970,1
5971,2
5972,2
5973,3
5974,5
5975,7
5976,5
5977,87
5978,23
5979,1
5980,2
5981,1
5982,8
5983,48
5984,4
5985,5
5986,7
5987,2
5988,1
5989,2
5990,2
5991,1
5992,5
5993,12
5994,4
5995,7
5996,25
5997,1
5998,2
5999,23
6000,2
6001,15
6002,6
6003,1
6004,15
6005,4
6006,2
6007,7
6008,9
6009,1
6010,1
6011,1
6012,1
6013,3
6014,2
6015,5
6016,10
6017,25
6018,1
6019,1
6020,2
6021,1
6022,1
6023,4
6024,3
6025,3
6026,1
6027,2
6028,2
6029,1
6030,149
6031,3
6032,1
6033,1
6034,1
6035,1
6036,3
6037,7
6038,14
6039,13
6040,31
6041,2
6042,1
6043,1
6044,8
6045,1
6046,1
6047,1
6048,6
6049,2
6050,1
6051,81
6052,3
6053,1
6054,2
6055,1
6056,2
6057,1
6058,2
6059,1
6060,2
6061,4
6062,3
6063,5
6064,17
6065,1
6066,2
6067,2
6068,619
6069,11
6070,1
6071,2
6072,1
6073,3
6074,4
6075,2
6076,3
6077,2
6078,1
6079,2
6080,17
6081,1
6082,2
6083,3
6084,1
6085,1
6086,2
6087,1
6088,1
6089,1
6090,1
6091,1
6092,3
6093,18
6094,9
6095,23
6096,3
6097,1
6098,1
6099,2
6100,1
6101,3
6102,1
6103,2
6104,66
6105,5
6106,3
6107,25
6108,1
6109,9
6110,4
6111,16
6112,NA
6113,1
6114,57
6115,2
6116,1
6117,29
6118,1
6119,41
6120,2
6121,1
6122,2
6123,1
6124,1
6125,17
6126,30
6127,1
6128,1
6129,1
6130,6
6131,1
6132,39
6133,1
6134,2
6135,2
6136,8
6137,70
6138,5
6139,1
6140,9
6141,8
6142,1
6143,1
6144,1
6145,2
6146,5
6147,2
6148,10
6149,3
6150,1
6151,3
6152,103
6153,12
6154,2
6155,4
6156,2
6157,1
6158,3
6159,104
6160,1
6161,433
6162,1
6163,4
6164,3
6165,1
6166,8
6167,2
6168,3
6169,1
6170,816
6171,26
6172,7
6173,2
6174,17
6175,2
6176,1
6177,4
6178,213
6179,1
6180,1
6181,2
6182,1
6183,3
6184,5
6185,1
6186,4
6187,1
6188,1
6189,2
6190,3
6191,16
6192,2
6193,1
6194,1
6195,3
6196,1
6197,3
6198,116
6199,6
6200,3
6201,4
6202,1
6203,798
6204,7
6205,1
6206,2
6207,27
6208,1
6209,4
6210,8
6211,2
6212,4
6213,5
6214,2
6215,7
6216,5
6217,73
6218,12
6219,2
6220,74
6221,2
6222,8
6223,78
6224,2
6225,4
6226,4
6227,1
6228,19
6229,3
6230,1
6231,3
6232,1
6233,34
6234,2
6235,1
6236,152
6237,3
6238,1
6239,17
6240,2
6241,NA
6242,2
6243,6
6244,1
6245,1
6246,9
6247,26
6248,2
6249,83
6250,2
6251,1
6252,3
6253,5
6254,2
6255,1
6256,1
6257,23
6258,36
6259,27
6260,1
6261,1
6262,131
6263,2
6264,3
6265,1
6266,16
6267,52
6268,4
6269,112
6270,3
6271,1
6272,1
6273,2
6274,2
6275,14
6276,2
6277,2
6278,2
6279,13
6280,14
6281,1
6282,1
6283,1
6284,6
6285,6
6286,5
6287,1
6288,2
6289,15
6290,6
6291,6
6292,13
6293,37
6294,1
6295,1
6296,13
6297,12
6298,1
6299,1
6300,7
6301,3
6302,10
6303,4
6304,3
6305,5
6306,1
6307,1
6308,1
6309,2
6310,4
6311,1
6312,3
6313,8
6314,3
6315,53
6316,19
6317,8
6318,1
6319,1
6320,4
6321,1
6322,1
6323,2
6324,552
6325,1
6326,3
6327,2
6328,1
6329,1
6330,1
6331,1
6332,NA
6333,1
6334,1
6335,2
6336,3
6337,15
6338,10
6339,2
6340,2
6341,5
6342,10
6343,50
6344,397
6345,1
6346,8
6347,3
6348,3
6349,1
6350,9
6351,2
6352,1
6353,11
6354,1
6355,1
6356,2
6357,NA
6358,1
6359,1
6360,6
6361,5
6362,3
6363,1
6364,1
6365,3
6366,5
6367,2
6368,14
6369,3
6370,1
6371,5
6372,2
6373,7
6374,17
6375,1
6376,1
6377,5
6378,6
6379,6
6380,4
6381,3
6382,586
6383,3
6384,1
6385,2
6386,31
6387,1
6388,1
6389,1
6390,10
6391,10
6392,753
6393,1
6394,1
6395,1
6396,2
6397,106
6398,1
6399,13
6400,3
6401,8
6402,6
6403,1
6404,1
6405,27
6406,6
6407,22
6408,2
6409,9
6410,1
6411,1
6412,4
6413,1
6414,9
6415,1
6416,1
6417,1
6418,3
6419,5
6420,3
6421,1
6422,1
6423,2
6424,31
6425,NA
6426,7
6427,1
6428,1
6429,4
6430,2
6431,5
6432,14
6433,2
6434,976
6435,2
6436,5
6437,1
6438,6
6439,5
6440,5
6441,3
6442,1
6443,1
6444,3
6445,2
6446,12
6447,21
6448,7
6449,1
6450,1
6451,1
6452,1
6453,2
6454,4
6455,30
6456,18
6457,11
6458,1
6459,1
6460,2
6461,5
6462,1
6463,7
6464,3
6465,2
6466,1
6467,16
6468,1
6469,93
6470,18
6471,5
6472,9
6473,1
6474,1
6475,10
6476,4
6477,19
6478,2
6479,1
6480,17
6481,5
6482,1
6483,2
6484,1
6485,22
6486,1
6487,1
6488,1
6489,14
6490,7
6491,9
6492,1
6493,1
6494,2
6495,2
6496,5
6497,2
6498,5
6499,1
6500,8
6501,1
6502,427
6503,3
6504,1
6505,3
6506,1
6507,57
6508,5
6509,9
6510,1
6511,8
6512,11
6513,1
6514,7
6515,1
6516,1
6517,4
6518,10
6519,2
6520,22
6521,1
6522,2
6523,2
6524,19
6525,1
6526,1
6527,7
6528,1
6529,3
6530,1
6531,1
6532,1
6533,4
6534,2
6535,3
6536,7
6537,2
6538,2
6539,1
6540,1
6541,1
6542,4
6543,1
6544,6
6545,3
6546,3
6547,4
6548,2
6549,1
6550,2
6551,6
6552,2
6553,1
6554,2
6555,6
6556,1
6557,11
6558,1
6559,1
6560,2
6561,47
6562,1
6563,1
6564,9
6565,15
6566,8
6567,1
6568,1
6569,5
6570,1
6571,2
6572,4
6573,3
6574,89
6575,1
6576,3
6577,12
6578,2
6579,29
6580,1
6581,NA
6582,2
6583,1
6584,7
6585,1
6586,2
6587,2
6588,2
6589,2
6590,7
6591,3
6592,5
6593,1
6594,525
6595,2
6596,1
6597,1
6598,2
6599,10
6600,210
6601,1
6602,1
6603,1
6604,1
6605,10
6606,3
6607,6
6608,1
6609,42
6610,136
6611,2
6612,1
6613,5
6614,1
6615,7
6616,1
6617,1
6618,2
6619,11
6620,1
6621,80
6622,2
6623,1
6624,1
6625,1
6626,2
6627,1
6628,4
6629,1
6630,1
6631,1
6632,10
6633,4
6634,7
6635,29
6636,3
6637,1
6638,27
6639,24
6640,1
6641,2
6642,1
6643,4
6644,2
6645,1
6646,4
6647,6
6648,4
6649,21
6650,12
6651,13
6652,2
6653,5
6654,4
6655,1
6656,9
6657,8
6658,2
6659,3
6660,3
6661,6
6662,2
6663,5
6664,1
6665,2
6666,67
6667,3
6668,1
6669,2
6670,1
6671,1
6672,1
6673,1
6674,1
6675,1
6676,NA
6677,2
6678,NA
6679,10
6680,2
6681,4
6682,3
6683,1
6684,2
6685,4
6686,1
6687,206
6688,2
6689,13
6690,1
6691,2
6692,3
6693,3
6694,3
6695,1
6696,1
6697,31
6698,4
6699,1
6700,7
6701,1
6702,1
6703,2
6704,23
6705,12
6706,12
6707,8
6708,7
6709,290
6710,24
6711,15
6712,6
6713,1
6714,2
6715,1
6716,1
6717,3
6718,1
6719,3
6720,50
6721,6
6722,1
6723,2
6724,3
6725,1
6726,1
6727,25
6728,1
6729,1
6730,11
6731,72
6732,2
6733,1
6734,9
6735,10
6736,74
6737,1
6738,1
6739,1
6740,14
6741,1
6742,2
6743,2
6744,5
6745,1
6746,2
6747,6
6748,1
6749,6
6750,24
6751,7
6752,1
6753,14
6754,18
6755,NA
6756,14
6757,1
6758,2
6759,6
6760,1
6761,4
6762,5
6763,9
6764,2
6765,1
6766,1
6767,2
6768,15
6769,2
6770,36
6771,1
6772,1
6773,1
6774,5
6775,2
6776,3
6777,1
6778,2
6779,3
6780,2
6781,13
6782,2
6783,21
6784,1
6785,1
6786,2
6787,8
6788,1
6789,21
6790,1
6791,140
6792,5
6793,1
6794,1
6795,2
6796,1
6797,14
6798,1
6799,3
6800,11
6801,4
6802,1
6803,3
6804,8
6805,1
6806,13
6807,1
6808,2
6809,208
6810,7
6811,1
6812,37
6813,5
6814,1
6815,4
6816,1
6817,4
6818,4
6819,26
6820,1
6821,NA
6822,4
6823,4
6824,7
6825,1
6826,1
6827,1
6828,3
6829,2
6830,8
6831,1
6832,17
6833,10
6834,9
6835,1
6836,1
6837,2
6838,1
6839,1
6840,7
6841,366
6842,1
6843,3
6844,2
6845,3
6846,1
6847,2
6848,1
6849,1
6850,1
6851,7
6852,NA
6853,18
6854,1
6855,1
6856,2
6857,1
6858,5
6859,148
6860,2
6861,1
6862,2
6863,2
6864,1
6865,1
6866,65
6867,1
6868,3
6869,1
6870,1
6871,7
6872,2
6873,54
6874,10
6875,3
6876,5
6877,2
6878,290
6879,1
6880,18
6881,11
6882,1
6883,1
6884,7
6885,2
6886,2
6887,3
6888,1
6889,51
6890,1
6891,34
6892,1
6893,3
6894,6
6895,11
6896,12
6897,1
6898,3
6899,2
6900,3
6901,1
6902,1
6903,1
6904,13
6905,7
6906,10
6907,4
6908,2
6909,43
6910,1
6911,1
6912,8
6913,2
6914,3
6915,3
6916,15
6917,29
6918,36
6919,1
6920,1
6921,2
6922,1
6923,119
6924,2
6925,9
6926,2
6927,1
6928,5
6929,2
6930,1
6931,71
6932,18
6933,6
6934,1
6935,8
6936,2
6937,3
6938,3
6939,1
6940,50
6941,1
6942,49
6943,38
6944,3
6945,1
6946,4
6947,17
6948,1
6949,14
6950,1
6951,NA
6952,2
6953,7
6954,2
6955,1
6956,5
6957,3
6958,1
6959,1
6960,84
6961,1
6962,12
6963,1
6964,21
6965,6
6966,1
6967,3
6968,1
6969,2
6970,4
6971,1
6972,3
6973,66
6974,1
6975,167
6976,2
6977,36
6978,1
6979,2
6980,1
6981,9
6982,NA
6983,9
6984,16
6985,3
6986,3
6987,2
6988,10
6989,2
6990,5
6991,1
6992,2
6993,7
6994,7
6995,2
6996,1
6997,NA
6998,2
6999,1
7000,1
7001,1
7002,1
7003,2
7004,1
7005,2
7006,2
7007,1
7008,NA
7009,1
7010,27
7011,10
7012,3
7013,1
7014,2
7015,3
7016,3
7017,10
7018,1
7019,1
7020,1
7021,1
7022,2
7023,1
7024,1
7025,2
7026,6
7027,8
7028,4
7029,3
7030,147
7031,2
7032,3
7033,12
7034,146
7035,1
7036,3
7037,1
7038,6
7039,6
7040,26
7041,31
7042,3
7043,1
7044,1
7045,2
7046,3
7047,143
7048,8
7049,1
7050,38
7051,5
7052,15
7053,1
7054,2
7055,6
7056,1
7057,1
7058,6
7059,1
7060,2
7061,16
7062,3
7063,7
7064,3
7065,5
7066,1
7067,9
7068,29
7069,3
7070,1
7071,2
7072,18
7073,1
7074,1
7075,4
7076,1
7077,4
7078,2
7079,6
7080,1
7081,27
7082,1
7083,6
7084,4
7085,843
7086,2
7087,1
7088,6
7089,1
7090,1
7091,2
7092,1
7093,1
7094,2
7095,3
7096,1
7097,1
7098,2
7099,1
7100,29
7101,19
7102,1
7103,2
7104,2
7105,2
7106,2
7107,3
7108,1
7109,1
7110,7
7111,1
7112,1
7113,1
7114,60
7115,1
7116,2
7117,1
7118,1
7119,3
7120,6
7121,2
7122,13
7123,8
7124,1
7125,1
7126,1
7127,88
7128,1
7129,29
7130,2
7131,1
7132,45
7133,9
7134,5
7135,9
7136,6
7137,2
7138,2
7139,2
7140,1
7141,2
7142,1
7143,10
7144,2
7145,564
7146,2
7147,23
7148,2
7149,10
7150,2
7151,11
7152,1
7153,3
7154,1
7155,4
7156,8
7157,13
7158,1
7159,3
7160,32
7161,2
7162,1
7163,1
7164,1
7165,1
7166,1
7167,7
7168,2
7169,2
7170,1
7171,2
7172,3
7173,1
7174,6
7175,1
7176,1
7177,1
7178,37
7179,3
7180,1
7181,1
7182,38
7183,14
7184,3
7185,3
7186,1
7187,2
7188,1
7189,9
7190,8
7191,1
7192,1
7193,6
7194,1
7195,3
7196,9
7197,1
7198,3
7199,1
7200,4
7201,1
7202,7
7203,1
7204,8
7205,15
7206,5
7207,4
7208,1
7209,3
7210,22
7211,14
7212,5
7213,4
7214,2
7215,142
7216,4
7217,9
7218,1
7219,1
7220,1
7221,1
7222,1
7223,1
7224,65
7225,5
7226,16
7227,2
7228,5
7229,7
7230,17
7231,1
7232,4
7233,1
7234,11
7235,1
7236,20
7237,6
7238,1
7239,1
7240,1
7241,3
7242,1
7243,426
7244,7
7245,1
7246,399
7247,2
7248,24
7249,1
7250,155
7251,3
7252,1
7253,1
7254,1
7255,2
7256,5
7257,19
7258,3
7259,6
7260,1
7261,9
7262,1
7263,2
7264,1
7265,2
7266,1
7267,1
7268,1
7269,2
7270,34
7271,3
7272,21
7273,7
7274,2
7275,1
7276,3
7277,3
7278,1
7279,2
7280,37
7281,10
7282,2
7283,1
7284,19
7285,3
7286,6
7287,5
7288,5
7289,38
7290,1
7291,1
7292,2
7293,3
7294,1
7295,3
7296,1
7297,11
7298,1
7299,6
7300,2
7301,2
7302,5
7303,4
7304,1
7305,7
7306,1
7307,2
7308,2
7309,6
7310,1
7311,1
7312,2
7313,2
7314,6
7315,2
7316,15
7317,1
7318,1
7319,1
7320,2
7321,2
7322,4
7323,2
7324,3
7325,194
7326,1
7327,1
7328,69
7329,3
7330,37
7331,16
7332,1
7333,8
7334,2
7335,1
7336,2
7337,1
7338,1
7339,3
7340,1
7341,2
7342,4
7343,1
7344,1
7345,2
7346,2
7347,2
7348,7
7349,7
7350,15
7351,2
7352,1
7353,1
7354,3
7355,1
7356,1
7357,4
7358,18
7359,2
7360,557
7361,13
7362,7
7363,5
7364,2
7365,1
7366,15
7367,2
7368,1
7369,2
7370,3
7371,5
7372,4
7373,5
7374,12
7375,1
7376,2
7377,1
7378,1
7379,18
7380,74
7381,45
7382,1
7383,1
7384,5
7385,1
7386,5
7387,9
7388,2
7389,58
7390,1
7391,12
7392,4
7393,45
7394,2
7395,1
7396,3
7397,7
7398,1
7399,2
7400,1
7401,2
7402,4
7403,1
7404,1
7405,4
7406,14
7407,8
7408,1
7409,3
7410,5
7411,7
7412,1
7413,NA
7414,3
7415,5
7416,7
7417,2
7418,1
7419,6
7420,2
7421,1
7422,2
7423,11
7424,28
7425,1
7426,13
7427,1
7428,3
7429,25
7430,2
7431,5
7432,2
7433,33
7434,1
7435,2
7436,30
7437,1
7438,1
7439,4
7440,2
7441,1
7442,6
7443,2
7444,8
7445,2
7446,2
7447,1
7448,3
7449,8
7450,1
7451,1
7452,1
7453,3
7454,3
7455,7
7456,1
7457,4
7458,20
7459,1
7460,3
7461,1
7462,3
7463,17
7464,3
7465,1
7466,4
7467,2
7468,92
7469,2
7470,NA
7471,12
7472,3
7473,57
7474,1
7475,7
7476,1
7477,5
7478,1
7479,4
7480,27
7481,1
7482,6
7483,5
7484,20
7485,1
7486,1
7487,1
7488,4
7489,7
7490,10
7491,27
7492,3
7493,1
7494,5
7495,4
7496,1
7497,2
7498,1
7499,8
7500,2
7501,12
7502,11
7503,3
7504,9
7505,1
7506,1
7507,3
7508,1
7509,1
7510,5
7511,4
7512,8
7513,2
7514,1
7515,1
7516,1
7517,1
7518,2
7519,2
7520,13
7521,7
7522,1
7523,NA
7524,2
7525,3
7526,3
7527,3
7528,1
7529,1
7530,520
7531,3
7532,4
7533,5
7534,2
7535,8
7536,15
7537,11
7538,1
7539,1
7540,20
7541,1
7542,4
7543,58
7544,22
7545,NA
7546,2
7547,15
7548,1
7549,NA
7550,1
7551,1
7552,43
7553,2
7554,1
7555,4
7556,34
7557,1
7558,51
7559,4
7560,1
7561,7
7562,2
7563,34
7564,5
7565,3
7566,1
7567,266
7568,1
7569,3
7570,2
7571,3
7572,2
7573,1
7574,1
7575,2
7576,1
7577,1
7578,4
7579,5
7580,1
7581,2
7582,6
7583,1
7584,2
7585,1
7586,21
7587,2
7588,2
7589,4
7590,1
7591,13
7592,1
7593,1
7594,2
7595,6
7596,24
7597,4
7598,251
7599,1
7600,30
7601,6
7602,1
7603,1
7604,2
7605,2
7606,10
7607,1
7608,1
7609,3
7610,1
7611,14
7612,18
7613,3
7614,2
7615,1
7616,4
7617,1
7618,8
7619,1
7620,6
7621,1
7622,40
7623,3
7624,3
7625,13
7626,5
7627,11
7628,121
7629,1
7630,5
7631,1
7632,1
7633,2
7634,1
7635,9
7636,1
7637,21
7638,3
7639,1
7640,2
7641,2
7642,1
7643,1
7644,2
7645,2
7646,1
7647,6
7648,1
7649,35
7650,3
7651,3
7652,99
7653,2
7654,2
7655,4
7656,7
7657,1
7658,1
7659,1
7660,10
7661,1
7662,17
7663,1
7664,1
7665,1
7666,374
7667,1
7668,9
7669,1
7670,1
7671,1
7672,2
7673,3
7674,535
7675,1
7676,5
7677,2
7678,4
7679,111
7680,582
7681,108
7682,1
7683,1
7684,1
7685,3
7686,3
7687,1
7688,2
7689,1
7690,15
7691,8
7692,2
7693,2
7694,6
7695,1
7696,3
7697,2
7698,2
7699,4
7700,2
7701,15
7702,1
7703,1
7704,5
7705,3
7706,1
7707,2
7708,1
7709,1
7710,2
7711,2
7712,15
7713,1
7714,1
7715,1
7716,4
7717,12
7718,11
7719,2
7720,1
7721,40
7722,4
7723,19
7724,1
7725,4
7726,2
7727,2
7728,7
7729,2
7730,41
7731,2
7732,6
7733,2
7734,1
7735,4
7736,10
7737,2
7738,1
7739,1
7740,1
7741,2
7742,16
7743,16
7744,29
7745,1
7746,3
7747,1
7748,6
7749,4
7750,1
7751,1
7752,4
7753,1
7754,2
7755,3
7756,1
7757,35
7758,2
7759,2
7760,1
7761,1
7762,4
7763,155
7764,1
7765,2
7766,6
7767,1
7768,2
7769,4
7770,9
7771,2
7772,5
7773,2
7774,1
7775,1
7776,2
7777,10
7778,1
7779,1
7780,46
7781,36
7782,1
7783,6
7784,1
7785,7
7786,1
7787,4
7788,17
7789,NA
7790,1
7791,1
7792,5
7793,10
7794,2
7795,1
7796,5
7797,1
7798,4
7799,1
7800,1
7801,1
7802,5
7803,NA
7804,56
7805,1
7806,5
7807,8
7808,3
7809,8
7810,2
7811,27
7812,3
7813,2
7814,1
7815,2
7816,1
7817,16
7818,5
7819,1
7820,NA
7821,1
7822,23
7823,21
7824,1
7825,42
7826,1
7827,1
7828,1
7829,3
7830,1
7831,68
7832,1
7833,5
7834,6
7835,9
7836,1
7837,5
7838,65
7839,5
7840,2
7841,1
7842,234
7843,1
7844,35
7845,10
7846,1
7847,13
7848,447
7849,1
7850,1
7851,9
7852,5
7853,184
7854,1
7855,33
7856,1
7857,2
7858,2
7859,1
7860,1
7861,8
7862,1
7863,3
7864,14
7865,1
7866,5
7867,1
7868,3
7869,3
7870,1
7871,1
7872,2
7873,7
7874,2
7875,4
7876,1
7877,5
7878,1
7879,1
7880,2
7881,9
7882,51
7883,4
7884,1
7885,2
7886,50
7887,15
7888,285
7889,2
7890,1
7891,1
7892,604
7893,7
7894,6
7895,2
7896,13
7897,50
7898,2
7899,3
7900,6
7901,58
7902,2
7903,5
7904,1
7905,2
7906,1
7907,1
7908,8
7909,2
7910,NA
7911,1
7912,1
7913,14
7914,2
7915,5
7916,4
7917,1
7918,76
7919,2
7920,18
7921,1
7922,1
7923,1
7924,1
7925,2
7926,12
7927,12
7928,9
7929,1
7930,80
7931,5
7932,1
7933,1
7934,5
7935,1
7936,2
7937,1
7938,1
7939,474
7940,5
7941,6
7942,1
7943,87
7944,281
7945,1
7946,1
7947,1
7948,6
7949,2
7950,2
7951,4
7952,2
7953,1
7954,11
7955,1
7956,1
7957,1
7958,2
7959,3
7960,2
7961,1
7962,1
7963,48
7964,10
7965,9
7966,1
7967,150
7968,2
7969,3
7970,1
7971,3
7972,6
7973,1
7974,8
7975,1
7976,1
7977,4
7978,2
7979,47
7980,1
7981,7
7982,11
7983,1
7984,4
7985,NA
7986,1
7987,1
7988,26
7989,1
7990,4
7991,5
7992,4
7993,1
7994,1
7995,4
7996,134
7997,6
7998,1
7999,1
8000,40
8001,1
8002,1
8003,3
8004,84
8005,4
8006,2
8007,54
8008,1
8009,19
8010,118
8011,1
8012,3
8013,22
8014,1
8015,4
8016,3
8017,2
8018,2
8019,2
8020,9
8021,22
8022,58
8023,1
8024,4
8025,2
8026,3
8027,1
8028,2
8029,2
8030,2
8031,1
8032,1
8033,5
8034,8
8035,1
8036,18
8037,1
8038,1
8039,1
8040,4
8041,4
8042,1
8043,299
8044,5
8045,1
8046,1
8047,1
8048,1
8049,5
8050,3
8051,2
8052,2
8053,3
8054,2
8055,7
8056,2
8057,6
8058,4
8059,21
8060,8
8061,1
8062,6
8063,997
8064,3
8065,19
8066,1
8067,2
8068,1
8069,2
8070,25
8071,1
8072,5
8073,84
8074,1
8075,9
8076,10
8077,1
8078,1
8079,1
8080,1
8081,1
8082,27
8083,6
8084,4
8085,5
8086,1
8087,41
8088,2
8089,73
8090,1
8091,2
8092,1
8093,1
8094,1
8095,42
8096,46
8097,1
8098,1
8099,5
8100,NA
8101,1
8102,13
8103,5
8104,3
8105,1
8106,2
8107,1
8108,9
8109,3
8110,2
8111,11
8112,1
8113,2
8114,2
8115,3
8116,1
8117,2
8118,1
8119,1
8120,2
8121,2
8122,4
8123,2
8124,1
8125,1
8126,7
8127,1
8128,6
8129,3
8130,1
8131,5
8132,6
8133,4
8134,50
8135,1
8136,17
8137,1
8138,1
8139,22
8140,1
8141,1
8142,7
8143,11
8144,1
8145,2
8146,30
8147,6
8148,14
8149,1
8150,4
8151,9
8152,1
8153,1
8154,1
8155,1
8156,32
8157,1
8158,3
8159,6
8160,3
8161,38
8162,1
8163,3
8164,2
8165,4
8166,1
8167,3
8168,1
8169,3
8170,1
8171,6
8172,26
8173,3
8174,125
8175,1
8176,2
8177,1
8178,1
8179,43
8180,1
8181,4
8182,2
8183,8
8184,1
8185,3
8186,11
8187,41
8188,1
8189,3
8190,84
8191,1
8192,90
8193,4
8194,6
8195,1
8196,1
8197,3
8198,5
8199,2
8200,4
8201,1
8202,2
8203,1
8204,175
8205,NA
8206,3
8207,13
8208,1
8209,1
8210,5
8211,2
8212,9
8213,2
8214,1
8215,1
8216,6
8217,13
8218,7
8219,1
8220,3
8221,1
8222,2
8223,1
8224,13
8225,3
8226,4
8227,4
8228,2
8229,9
8230,1
8231,2
8232,3
8233,2
8234,4
8235,1
8236,1
8237,1
8238,6
8239,3
8240,1
8241,2
8242,3
8243,2
8244,1
8245,12
8246,1
8247,2
8248,10
8249,2
8250,1
8251,9
8252,1
8253,1
8254,1
8255,1
8256,1
8257,5
8258,13
8259,1
8260,30
8261,2
8262,3
8263,3
8264,5
8265,3
8266,3
8267,3
8268,5
8269,64
8270,11
8271,64
8272,9
8273,15
8274,3
8275,11
8276,10
8277,3
8278,12
8279,1
8280,5
8281,3
8282,110
8283,3
8284,43
8285,1
8286,1
8287,2
8288,1
8289,1
8290,2
8291,2
8292,82
8293,16
8294,2
8295,1
8296,1
8297,1
8298,270
8299,4
8300,2
8301,1
8302,8
8303,2
8304,24
8305,1
8306,3
8307,2
8308,2
8309,2
8310,34
8311,1
8312,1
8313,3
8314,1
8315,10
8316,3
8317,33
8318,3
8319,182
8320,1
8321,22
8322,2
8323,1
8324,1
8325,4
8326,4
8327,1
8328,1
8329,23
8330,1
8331,4
8332,2
8333,1
8334,10
8335,1
8336,4
8337,2
8338,7
8339,1
8340,2
8341,1
8342,6
8343,1
8344,1
8345,2
8346,2
8347,1
8348,12
8349,9
8350,5
8351,3
8352,1
8353,1
8354,11
8355,3
8356,1
8357,7
8358,2
8359,6
8360,1
8361,3
8362,12
8363,8
8364,1
8365,7
8366,6
8367,8
8368,2
8369,1
8370,2
8371,2
8372,411
8373,1
8374,2
8375,3
8376,3
8377,1
8378,1
8379,10
8380,2
8381,96
8382,1
8383,1
8384,14
8385,2
8386,10
8387,3
8388,1
8389,2
8390,1
8391,3
8392,4
8393,14
8394,441
8395,2
8396,1
8397,34
8398,1
8399,20
8400,6
8401,12
8402,1
8403,8
8404,5
8405,7
8406,1
8407,15
8408,4
8409,4
8410,1
8411,1
8412,1
8413,1
8414,4
8415,4
8416,1
8417,4
8418,2
8419,2
8420,24
8421,1
8422,2
8423,1
8424,2
8425,2
8426,7
8427,1
8428,1
8429,1
8430,1
8431,1
8432,13
8433,9
8434,1
8435,2
8436,376
8437,1
8438,1
8439,1
8440,27
8441,1
8442,2
8443,1
8444,1
8445,1
8446,9
8447,6
8448,27
8449,1
8450,1
8451,2
8452,3
8453,1
8454,2
8455,2
8456,1
8457,2
8458,4
8459,3
8460,1
8461,2
8462,2
8463,1
8464,NA
8465,5
8466,1
8467,258
8468,1
8469,2
8470,1
8471,13
8472,9
8473,55
8474,1
8475,2
8476,1
8477,2
8478,8
8479,1
8480,576
8481,1
8482,3
8483,1
8484,1
8485,15
8486,7
8487,1
8488,1
8489,1
8490,2
8491,2
8492,1
8493,91
8494,4
8495,1
8496,9
8497,1
8498,18
8499,9
8500,3
8501,3
8502,8
8503,2
8504,5
8505,1
8506,151
8507,1
8508,1
8509,8
8510,1
8511,17
8512,5
8513,2
8514,2
8515,1
8516,1
8517,14
8518,1
8519,13
8520,1
8521,1
8522,1
8523,6
8524,650
8525,8
8526,3
8527,3
8528,58
8529,11
8530,2
8531,1
8532,1
8533,2
8534,1
8535,12
8536,1
8537,15
8538,1
8539,13
8540,1
8541,1
8542,1
8543,2
8544,1
8545,8
8546,14
8547,3
8548,17
8549,27
8550,11
8551,1
8552,2
8553,1
8554,1
8555,2
8556,5
8557,234
8558,3
8559,3
8560,1
8561,1
8562,1
8563,8
8564,1
8565,1
8566,9
8567,3
8568,56
8569,1
8570,85
8571,2
8572,6
8573,2
8574,7
8575,1
8576,3
8577,2
8578,1
8579,8
8580,7
8581,5
8582,1
8583,1
8584,2
8585,3
8586,1
8587,1
8588,7
8589,6
8590,2
8591,1
8592,17
8593,5
8594,1
8595,1
8596,3
8597,1
8598,1
8599,2
8600,1
8601,4
8602,9
8603,1
8604,7
8605,2
8606,3
8607,1
8608,1
8609,1
8610,3
8611,1
8612,2
8613,1
8614,1
8615,2
8616,4
8617,32
8618,6
8619,2
8620,5
8621,4
8622,1
8623,120
8624,1
8625,3
8626,2
8627,4
8628,3
8629,1
8630,1
8631,11
8632,1
8633,1
8634,2
8635,3
8636,1
8637,4
8638,10
8639,76
8640,1
8641,9
8642,4
8643,6
8644,2
8645,4
8646,2
8647,NA
8648,1
8649,1
8650,3
8651,1
8652,2
8653,3
8654,18
8655,1
8656,8
8657,18
8658,149
8659,11
8660,1
8661,6
8662,53
8663,4
8664,4
8665,1
8666,9
8667,2
8668,1
8669,71
8670,2
8671,4
8672,2
8673,14
8674,3
8675,5
8676,1
8677,1
8678,2
8679,2
8680,11
8681,1
8682,3
8683,3
8684,20
8685,5
8686,43
8687,1
8688,1
8689,2
8690,1
8691,33
8692,12
8693,2
8694,1
8695,1
8696,2
8697,1
8698,1
8699,2
8700,192
8701,2
8702,35
8703,15
8704,1
8705,82
8706,3
8707,1
8708,4
8709,1
8710,1
8711,16
8712,3
8713,1
8714,1
8715,1
8716,1
8717,12
8718,5
8719,12
8720,1
8721,1
8722,4
8723,15
8724,11
8725,1
8726,1
8727,1
8728,2
8729,1
8730,10
8731,3
8732,2
8733,2
8734,5
8735,13
8736,12
8737,7
8738,1
8739,1
8740,1
8741,1
8742,1
8743,2
8744,36
8745,2
8746,1
8747,1
8748,6
8749,3
8750,1
8751,4
8752,1
8753,2
8754,2
8755,2
8756,2
8757,39
8758,9
8759,1
8760,3
8761,1
8762,3
8763,1
8764,2
8765,7
8766,14
8767,1
8768,305
8769,1
8770,5
8771,6
8772,1
8773,1
8774,2
8775,3
8776,13
8777,2
8778,13
8779,1
8780,2
8781,2
8782,4
8783,1
8784,2
8785,1
8786,1
8787,1
8788,4
8789,1
8790,1
8791,3
8792,1
8793,4
8794,2
8795,1
8796,3
8797,2
8798,11
8799,24
8800,2
8801,39
8802,2
8803,16
8804,1
8805,1
8806,1
8807,21
8808,1
8809,6
8810,NA
8811,2
8812,NA
8813,13
8814,9
8815,2
8816,1
8817,3
8818,10
8819,2
8820,10
8821,10
8822,1
8823,5
8824,3
8825,1
8826,1
8827,2
8828,1
8829,1
8830,1
8831,2
8832,94
8833,3
8834,3
8835,14
8836,15
8837,5
8838,10
8839,2
8840,2
8841,5
8842,2
8843,4
8844,1
8845,17
8846,5
8847,28
8848,1
8849,2
8850,2
8851,5
8852,3
8853,2
8854,40
8855,1
8856,1
8857,2
8858,3
8859,1
8860,5
8861,1
8862,5
8863,1
8864,3
8865,112
8866,1
8867,25
8868,1
8869,NA
8870,8
8871,1
8872,3
8873,4
8874,2
8875,6
8876,2
8877,3
8878,17
8879,1
8880,2
8881,2
8882,1
8883,6
8884,1
8885,13
8886,1
8887,6
8888,8
8889,29
8890,4
8891,1
8892,4
8893,1
8894,42
8895,69
8896,3
8897,1
8898,6
8899,1
8900,1
8901,125
8902,2
8903,2
8904,2
8905,1
8906,1
8907,2
8908,18
8909,4
8910,1
8911,7
8912,1
8913,3
8914,3
8915,4
8916,1
8917,1
8918,7
8919,1
8920,14
8921,10
8922,NA
8923,9
8924,6
8925,2
8926,1
8927,2
8928,1
8929,1
8930,35
8931,6
8932,2
8933,1
8934,4
8935,1
8936,4
8937,1
8938,2
8939,14
8940,2
8941,1
8942,4
8943,1
8944,1
8945,1
8946,2
8947,9
8948,5
8949,1
8950,2
8951,16
8952,3
8953,18
8954,2
8955,43
8956,1
8957,1
8958,10
8959,1
8960,1
8961,3
8962,3
8963,6
8964,NA
8965,5
8966,NA
8967,1
8968,3
8969,1
8970,1
8971,1
8972,1
8973,9
8974,1
8975,10
8976,3
8977,1
8978,17
8979,2
8980,1
8981,1
8982,5
8983,3
8984,8
8985,1
8986,4
8987,3
8988,1
8989,1
8990,5
8991,1
8992,320
8993,3
8994,1
8995,1
8996,86
8997,NA
8998,2
8999,1
9000,1
9001,1
9002,7
9003,25
9004,1
9005,6
9006,13
9007,12
9008,2
9009,1
9010,NA
9011,1
9012,16
9013,9
9014,1
9015,3
9016,1
9017,27
9018,5
9019,NA
9020,1
9021,3
9022,8
9023,10
9024,14
9025,1
9026,1
9027,4
9028,1
9029,10
9030,6
9031,6
9032,1
9033,4
9034,1
9035,2
9036,2
9037,2
9038,1
9039,10
9040,1
9041,12
9042,9
9043,1
9044,24
9045,7
9046,6
9047,4
9048,3
9049,5
9050,2
9051,1
9052,28
9053,4
9054,37
9055,2
9056,13
9057,NA
9058,4
9059,3
9060,2
9061,3
9062,5
9063,6
9064,1
9065,1
9066,2
9067,1
9068,1
9069,4
9070,NA
9071,1
9072,1
9073,1
9074,78
9075,17
9076,3
9077,1
9078,1
9079,3
9080,1
9081,4
9082,4
9083,2
9084,2
9085,6
9086,3
9087,1
9088,5
9089,7
9090,1
9091,1
9092,11
9093,1
9094,2
9095,1
9096,6
9097,1
9098,5
9099,3
9100,8
9101,11
9102,3
9103,6
9104,1
9105,34
9106,7
9107,34
9108,2
9109,5
9110,1
9111,7
9112,2
9113,1
9114,1
9115,1
9116,507
9117,3
9118,26
9119,3
9120,3
9121,1
9122,5
9123,1
9124,125
9125,1
9126,1
9127,1
9128,3
9129,226
9130,2
9131,1
9132,1
9133,1
9134,1
9135,30
9136,3
9137,2
9138,1
9139,3
9140,238
9141,1
9142,1
9143,13
9144,21
9145,4
9146,44
9147,1
9148,3
9149,1
9150,2
9151,2
9152,26
9153,655
9154,1
9155,4
9156,5
9157,2
9158,2
9159,1
9160,1
9161,2
9162,62
9163,1
9164,1
9165,1
9166,8
9167,1
9168,16
9169,1
9170,10
9171,1
9172,2
9173,2
9174,2
9175,17
9176,14
9177,2
9178,6
9179,2
9180,2
9181,12
9182,1
9183,1
9184,4
9185,1
9186,23
9187,2
9188,9
9189,1
9190,2
9191,7
9192,17
9193,5
9194,1
9195,2
9196,1
9197,1
9198,1
9199,88
9200,2
9201,1
9202,3
9203,4
9204,1
9205,1
9206,2
9207,13
9208,1
9209,3
9210,3
9211,7
9212,4
9213,11
9214,3
9215,2
9216,1
9217,112
9218,1
9219,1
9220,3
9221,4
9222,10
9223,4
9224,5
9225,1
9226,5
9227,8
9228,2
9229,1
9230,33
9231,13
9232,1
9233,34
9234,4
9235,4
9236,3
9237,2
9238,1
9239,2
9240,5
9241,669
9242,8
9243,1
9244,5
9245,1
9246,3
9247,1
9248,1
9249,1
9250,2
9251,3
9252,3
9253,2
9254,1
9255,1
9256,1
9257,1
9258,1
9259,168
9260,2
9261,4
9262,1
9263,1
9264,20
9265,233
9266,1
9267,4
9268,1
9269,102
9270,29
9271,1
9272,54
9273,2
9274,3
9275,17
9276,1
9277,1
9278,470
9279,2
9280,1
9281,1
9282,5
9283,4
9284,2
9285,7
9286,27
9287,11
9288,3
9289,2
9290,3
9291,27
9292,6
9293,4
9294,6
9295,1
9296,1
9297,9
9298,1
9299,1
9300,1
9301,4
9302,20
9303,5
9304,9
9305,450
9306,3
9307,3
9308,4
9309,1
9310,1
9311,1
9312,1
9313,3
9314,1
9315,1
9316,2
9317,3
9318,1
9319,8
9320,2
9321,1
9322,2
9323,2
9324,7
9325,1
9326,5
9327,6
9328,1
9329,5
9330,3
9331,9
9332,1
9333,1
9334,5
9335,5
9336,1
9337,16
9338,24
9339,17
9340,1
9341,1
9342,3
9343,35
9344,2
9345,2
9346,1
9347,2
9348,4
9349,2
9350,4
9351,511
9352,2
9353,16
9354,829
9355,1
9356,5
9357,5
9358,6
9359,1
9360,4
9361,1
9362,1
9363,4
9364,9
9365,14
9366,1
9367,3
9368,4
9369,14
9370,2
9371,4
9372,1
9373,1
9374,1
9375,2
9376,42
9377,4
9378,1
9379,1
9380,1
9381,1
9382,408
9383,3
9384,3
9385,2
9386,1
9387,1
9388,2
9389,51
9390,3
9391,92
9392,1
9393,18
9394,3
9395,NA
9396,4
9397,13
9398,3
9399,6
9400,67
9401,44
9402,3
9403,6
9404,2
9405,1
9406,1
9407,2
9408,2
9409,11
9410,2
9411,2
9412,1
9413,1
9414,1
9415,352
9416,8
9417,1
9418,2
9419,5
9420,4
9421,29
9422,1
9423,2
9424,3
9425,16
9426,4
9427,1
9428,3
9429,1
9430,2
9431,2
9432,1
9433,1
9434,15
9435,1
9436,2
9437,2
9438,2
9439,1
9440,4
9441,1
9442,1
9443,1
9444,2
9445,6
9446,1
9447,3
9448,2
9449,2
9450,3
9451,1
9452,1
9453,3
9454,1
9455,22
9456,1
9457,3
9458,2
9459,40
9460,8
9461,11
9462,1
9463,2
9464,2
9465,1
9466,1
9467,10
9468,88
9469,9
9470,2
9471,3
9472,215
9473,11
9474,6
9475,1
9476,2
9477,7
9478,4
9479,2
9480,3
9481,6
9482,5
9483,1
9484,4
9485,3
9486,2
9487,5
9488,1
9489,1
9490,7
9491,1
9492,2
9493,6
9494,3
9495,3
9496,1
9497,8
9498,22
9499,3
9500,2
9501,11
9502,1
9503,4
9504,11
9505,293
9506,16
9507,5
9508,1
9509,5
9510,2
9511,1
9512,3
9513,2
9514,20
9515,4
9516,3
9517,1
9518,1
9519,1
9520,4
9521,1
9522,3
9523,1
9524,6
9525,42
9526,3
9527,1
9528,1
9529,2
9530,22
9531,1
9532,4
9533,1
9534,8
9535,5
9536,2
9537,1
9538,9
9539,4
9540,3
9541,1
9542,4
9543,11
9544,4
9545,3
9546,4
9547,14
9548,3
9549,1
9550,1
9551,2
9552,5
9553,5
9554,9
9555,1
9556,8
9557,3
9558,10
9559,4
9560,3
9561,6
9562,42
9563,11
9564,NA
9565,3
9566,123
9567,1
9568,2
9569,8
9570,1
9571,9
9572,1
9573,7
9574,1
9575,1
9576,3
9577,14
9578,2
9579,2
9580,6
9581,6
9582,11
9583,3
9584,3
9585,1
9586,2
9587,2
9588,23
9589,4
9590,15
9591,4
9592,96
9593,1
9594,2
9595,1
9596,1
9597,1
9598,31
9599,1
9600,1
9601,1
9602,2
9603,3
9604,13
9605,3
9606,1
9607,4
9608,4
9609,4
9610,1
9611,2
9612,3
9613,60
9614,5
9615,1
9616,5
9617,1
9618,1
9619,54
9620,2
9621,4
9622,1
9623,1
9624,10
9625,7
9626,NA
9627,1
9628,6
9629,3
9630,2
9631,4
9632,6
9633,2
9634,1
9635,410
9636,15
9637,7
9638,6
9639,3
9640,1
9641,3
9642,6
9643,1
9644,1
9645,3
9646,2
9647,2
9648,1
9649,7
9650,2
9651,2
9652,20
9653,2
9654,8
9655,2
9656,1
9657,12
9658,4
9659,1
9660,1
9661,1
9662,163
9663,2
9664,3
9665,2
9666,1
9667,1
9668,44
9669,1
9670,175
9671,1
9672,1
9673,5
9674,3
9675,1
9676,10
9677,1
9678,2
9679,2
9680,1
9681,3
9682,9
9683,5
9684,1
9685,4
9686,20
9687,2
9688,1
9689,6
9690,2
9691,14
9692,1
9693,1
9694,2
9695,3
9696,13
9697,2
9698,1
9699,1
9700,2
9701,216
9702,3
9703,11
9704,1
9705,1
9706,7
9707,3
9708,5
9709,1
9710,1
9711,3
9712,NA
9713,8
9714,3
9715,1
9716,1
9717,2
9718,4
9719,2
9720,200
9721,2
9722,1
9723,4
9724,3
9725,11
9726,9
9727,12
9728,1
9729,2
9730,1
9731,11
9732,1
9733,2
9734,4
9735,12
9736,1
9737,5
9738,2
9739,4
9740,1
9741,1
9742,1
9743,2
9744,2
9745,4
9746,2
9747,13
9748,1
9749,1
9750,4
9751,1
9752,1
9753,4
9754,5
9755,1
9756,4
9757,2
9758,5
9759,11
9760,1
9761,1
9762,3
9763,16
9764,4
9765,2
9766,73
9767,34
9768,2
9769,1
9770,4
9771,2
9772,2
9773,1
9774,2
9775,100
9776,11
9777,1
9778,236
9779,33
9780,7
9781,3
9782,2
9783,1
9784,1
9785,11
9786,1
9787,1
9788,2
9789,4
9790,35
9791,1
9792,1
9793,1
9794,4
9795,24
9796,2
9797,9
9798,17
9799,2
9800,2
9801,29
9802,1
9803,4
9804,2
9805,1
9806,11
9807,2
9808,4
9809,45
9810,1
9811,2
9812,2
9813,3
9814,4
9815,2
9816,1
9817,1
9818,1
9819,2
9820,3
9821,23
9822,4
9823,2
9824,3
9825,2
9826,14
9827,7
9828,2
9829,11
9830,1
9831,13
9832,1
9833,8
9834,4
9835,3
9836,1
9837,2
9838,3
9839,2
9840,1
9841,2
9842,1
9843,1
9844,24
9845,2
9846,1
9847,2
9848,1
9849,1
9850,2
9851,6
9852,2
9853,6
9854,1
9855,32
9856,36
9857,1
9858,3
9859,1
9860,1
9861,8
9862,2
9863,12
9864,1
9865,1
9866,8
9867,6
9868,7
9869,2
9870,1
9871,1
9872,16
9873,1
9874,14
9875,3
9876,2
9877,2
9878,6
9879,21
9880,22
9881,5
9882,3
9883,3
9884,1
9885,1
9886,2
9887,1
9888,2
9889,NA
9890,23
9891,6
9892,94
9893,1
9894,1
9895,1
9896,7
9897,1
9898,2
9899,4
9900,1
9901,407
9902,11
9903,1
9904,10
9905,10
9906,1
9907,1
9908,7
9909,3
9910,44
9911,3
9912,229
9913,1
9914,4
9915,2
9916,1
9917,2
9918,1
9919,1
9920,1
9921,NA
9922,1
9923,9
9924,28
9925,10
9926,1
9927,3
9928,17
9929,5
9930,2
9931,1
9932,48
9933,10
9934,13
9935,1
9936,10
9937,8
9938,1
9939,1
9940,14
9941,2
9942,7
9943,40
9944,2
9945,1
9946,1
9947,3
9948,1
9949,2
9950,20
9951,3
9952,5
9953,5
9954,NA
9955,5
9956,11
9957,26
9958,1
9959,13
9960,20
9961,217
9962,1
9963,1
9964,1
9965,18
9966,1
9967,5
9968,4
9969,5
9970,1
9971,1
9972,4
9973,2
9974,69
9975,1
9976,68
9977,1
9978,1
9979,1
9980,32
9981,4
9982,2
9983,2
9984,27
9985,2
9986,5
9987,10
9988,2
9989,1
9990,2
9991,124
9992,1
9993,NA
9994,9
9995,4
9996,3
9997,4
9998,16
9999,1
10000,1
