1,2
2,1
3,1
4,1
5,2
6,1
7,1
8,2
9,1
10,1
11,2
12,1
13,3
14,4
15,1
16,1
17,2
18,2
19,1
20,2
21,1
22,1
23,4
24,1
25,3
26,2
27,1
28,3
29,4
30,1
31,1
32,2
33,2
34,1
35,2
36,1
37,1
38,2
39,3
40,1
41,2
42,1
43,7
44,24
45,1
46,3
47,4
48,2
49,1
50,2
51,1
52,1
53,2
54,1
55,1
56,2
57,1
58,3
59,12
60,2
61,3
62,4
63,2
64,1
65,4
66,1
67,5
68,2
69,1
70,1
71,2
72,4
73,7
74,2552
75,1
76,1
77,2
78,2
79,1
80,4
81,3
82,1
83,2
84,1
85,5
86,6
87,1
88,23
89,4
90,1
91,1
92,2
93,3
94,3
95,2
96,1
97,1
98,4
99,1
100,1
101,10
102,8
103,3
104,4
105,2
106,1
107,10
108,2
109,9
110,2
111,2
112,1
113,8
114,1
115,1
116,2
117,1
118,11
119,12
120,1
121,1
122,2
123,2
124,3
125,2
126,1
127,25
128,6
129,1
130,3
131,2
132,1
133,3
134,4
135,1
136,1
137,2
138,3
139,1
140,4
141,1
142,1
143,2
144,3
145,5
146,6
147,1
148,2551
149,4
150,2
151,5
152,2
153,3
154,1
155,2
156,1
157,1
158,2
159,1
160,3
161,2
162,2
163,3
164,8
165,2
166,1
167,4
168,4
169,1
170,4
171,2
172,5
173,2
174,1
175,1
176,22
177,1
178,3
179,8
180,1
181,3
182,2
183,4
184,1
185,2
186,2
187,1
188,2
189,3
190,1
191,226
192,1
193,3
194,8
195,1
196,3
197,2
198,3
199,1
200,6
201,1
202,9
203,2
204,7
205,1
206,2
207,2
208,3
209,4
210,1
211,1
212,4
213,4
214,9
215,2
216,1
217,1
218,8
219,7
220,1
221,2
222,1
223,3
224,4
225,1
226,7
227,2
228,2
229,1
230,2
231,1
232,1
233,4
234,1
235,3
236,10
237,2
238,11
239,4
240,1
241,11
242,2
243,2
244,1
245,4
246,1
247,133
248,2
249,8
250,1
251,6
252,1
253,71
254,24
255,1
256,5
257,4
258,2
259,5
260,2
261,1
262,1
263,2
264,3
265,11
266,2
267,4
268,3
269,8
270,8
271,1
272,2
273,2
274,1
275,6
276,2
277,5
278,4
279,1
280,3
281,2
282,1
283,11
284,12
285,1
286,1
287,4
288,2
289,1
290,4
291,2
292,5
293,2
294,1
295,5
296,2550
297,1
298,3
299,4
300,1
301,1
302,4
303,3
304,1
305,8
306,2
307,1
308,2
309,1
310,1
311,26
312,21
313,3
314,4
315,2
316,1
317,6
318,3
319,3
320,2
321,1
322,1
323,2
324,1
325,5
326,2
327,1
328,7
329,8
330,1
331,1
332,2
333,3
334,3
335,18
336,3
337,1
338,4
339,1
340,3
341,10
342,1
343,23
344,4
345,4
346,1
347,18
348,6
349,3
350,2
351,1
352,21
353,4
354,11
355,1
356,2
357,2
358,7
359,4
360,1
361,3
362,2
363,2
364,1
365,2
366,3
367,1
368,2
369,4
370,1
371,2
372,1
373,7
374,16
375,2
376,1
377,10
378,2
379,1
380,4
381,1
382,225
383,2
384,4
385,1
386,2
387,1
388,7
389,20
390,2
391,5
392,2
393,2
394,1
395,2
396,2
397,5
398,4
399,1
400,5
401,10
402,2
403,11
404,8
405,1
406,1
407,2
408,6
409,3
410,8
411,1
412,1
413,4
414,1
415,1
416,2
417,2
418,3
419,4
420,1
421,7
422,12
423,8
424,3
425,2
426,3
427,1
428,8
429,1
430,1
431,2
432,1
433,3
434,8
435,4
436,7
437,2
438,6
439,1
440,2
441,1
442,1
443,6
444,1
445,3
446,2
447,2
448,3
449,112
450,22
451,3
452,6
453,2
454,1
455,20
456,1
457,9
458,2
459,3
460,1
461,10
462,2
463,7
464,12
465,1
466,3
467,2
468,2
469,1
470,2
471,1
472,9
473,6
474,1
475,5
476,10
477,1
478,3
479,12
480,5
481,3
482,10
483,2
484,1
485,4
486,1
487,5
488,2
489,1
490,3
491,46
492,1
493,3
494,132
495,2
496,1
497,2
498,7
499,1
500,2
501,2
502,5
503,2
504,5
505,1
506,70
507,1
508,23
509,8
510,1
511,1
512,4
513,6
514,3
515,8
516,1
517,1
518,4
519,5
520,1
521,2
522,2
523,7
524,12
525,1
526,1
527,4
528,2
529,3
530,10
531,1
532,1
533,2
534,3
535,1
536,2
537,5
538,7
539,4
540,7
541,3
542,6
543,15
544,1
545,2
546,1
547,1
548,16
549,1
550,5
551,2
552,1
553,3
554,4
555,1
556,3
557,8
558,3
559,1
560,2
561,2
562,1
563,2
564,5
565,1
566,10
567,2
568,11
569,4
570,6
571,3
572,2
573,3
574,3
575,4
576,1
577,1
578,2
579,11
580,3
581,18
582,1
583,3
584,4
585,2
586,1
587,2
588,2
589,7
590,4
591,1
592,2549
593,2
594,1
595,3
596,2
597,1
598,3
599,8
600,2
601,1
602,4
603,2
604,3
605,4
606,2
607,1
608,16
609,1
610,7
611,6
612,1
613,3
614,12
615,1
616,1
617,2
618,3
619,1
620,6
621,3
622,25
623,4
624,20
625,1
626,2
627,5
628,3
629,16
630,1
631,17
632,4
633,2
634,5
635,2
636,2
637,9
638,2
639,1
640,1
641,6
642,1
643,47
644,4
645,1
646,1
647,10
648,2
649,1
650,4
651,1
652,1
653,10
654,1
655,5
656,6
657,5
658,7
659,800516
660,1
661,1
662,2
663,3
664,1
665,2
666,2
667,69
668,2
669,3
670,17
671,2
672,2
673,7
674,11676
675,2
676,3
677,2
678,2
679,3
680,2
681,1
682,9
683,2
684,1
685,3
686,22
687,1
688,3
689,8
690,3
691,1
692,2
693,4
694,17
695,4
696,5
697,5
698,2
699,3
700,1
701,2
702,6
703,3
704,20
705,1
706,3
707,4
708,10
709,69
710,6
711,2
712,1
713,2
714,1
715,1
716,6
717,1
718,3
719,4
720,1
721,5
722,2
723,3
724,1
725,6
726,1
727,1
728,6
729,5
730,1
731,14
732,2
733,19
734,4
735,2
736,1
737,60
738,3
739,107
740,4
741,1
742,1
743,2
744,1
745,1
746,6
747,1
748,15
749,12
750,1
751,3
752,10
753,2
754,9
755,2
756,1
757,5
758,12
759,4
760,3
761,22
762,1
763,55
764,224
765,4
766,1
767,2
768,3
769,3
770,2
771,2
772,1
773,8
774,5
775,1
776,6
777,1
778,19
779,16
780,1
781,3
782,4
783,3
784,1
785,52
786,1
787,5
788,14
789,3
790,1
791,2
792,1
793,3
794,4
795,3
796,3
797,2
798,2
799,1
800,4
801,1
802,9
803,12
804,1
805,1
806,10
807,1
808,7
809,12
810,1
811,1
812,20
813,2
814,1
815,2
816,5
817,9
818,2
819,1
820,7
821,6
822,4
823,11
824,4
825,2
826,3
827,2
828,7
829,1
830,2
831,2
832,1
833,2
834,1
835,1
836,2
837,2
838,3
839,8
840,2
841,7
842,6
843,2
844,11
845,8
846,7
847,1
848,2
849,1
850,1
851,14
852,2
853,3
854,8
855,1
856,7
857,4
858,3
859,3
860,4
861,1
862,1
863,4
864,3
865,9
866,2
867,1
868,7
869,4
870,3
871,1
872,6
873,2
874,1
875,2
876,5
877,1
878,2
879,8
880,1
881,6
882,2
883,7
884,4
885,2
886,5
887,2
888,3
889,1
890,2
891,3
892,1
893,2
894,1
895,1
896,2
897,5
898,111
899,8
900,21
901,1
902,2
903,4
904,5
905,4
906,1
907,5
908,2
909,4
910,19
911,2
912,1
913,11
914,8
915,2
916,1
917,6
918,2
919,3
920,8
921,6
922,9
923,2
924,1
925,5
926,6
927,4
928,11
929,12
930,2
931,1
932,2
933,10
934,1
935,2
936,1
937,1
938,50
939,1
940,1
941,6
942,2
943,23
944,8
945,1
946,5
947,6
948,3
949,3
950,4
951,1
952,9
953,14
954,1
955,3
956,2
957,1
958,11
959,20
960,4
961,3
962,2
963,2
964,9
965,4
966,1
967,1
968,18
969,8
970,3
971,6
972,4
973,7
974,4
975,1
976,1
977,2
978,2
979,5
980,2
981,2
982,45
983,2
984,8
985,3
986,2
987,1
988,131
989,4
990,1
991,3
992,2
993,4
994,1
995,4
996,6
997,1
998,8
999,1
1000,1
1001,2
1002,1
1003,15
1004,4
1005,2
1006,1
1007,2
1008,4
1009,1
1010,10
1011,3
1012,69
1013,2
1014,1
1015,1
1016,22
1017,9
1018,7
1019,8
1020,1
1021,3
1022,6
1023,2
1024,3
1025,2
1026,5
1027,1
1028,2
1029,3
1030,7
1031,6
1032,1
1033,3
1034,12
1035,1
1036,3
1037,8
1038,4
1039,3
1040,2
1041,1
1042,1
1043,6
1044,1
1045,1
1046,6
1047,5
1048,11
1049,12
1050,1
1051,13
1052,4
1053,2
1054,3
1055,2
1056,1
1057,1
1058,2
1059,4
1060,9
1061,2
1062,6
1063,31
1064,8
1065,1
1066,1
1067,16
1068,2
1069,1
1070,8
1071,1
1072,1
1073,4
1074,4
1075,3
1076,6
1077,1
1078,3
1079,16
1080,6
1081,1
1082,2
1083,3
1084,5
1085,2
1086,14
1087,25
1088,10
1089,5
1090,1
1091,2
1092,4
1093,31
1094,652
1095,4
1096,15
1097,4
1098,2
1099,21
1100,4
1101,3
1102,1
1103,4406
1104,1
1105,3
1106,2
1107,1
1108,3
1109,20
1110,6
1111,1
1112,2
1113,2
1114,7
1115,4
1116,2
1117,9
1118,6
1119,1
1120,1
1121,2
1122,1
1123,7
1124,36
1125,3
1126,1
1127,2
1128,4
1129,7
1130,2
1131,2
1132,9
1133,4
1134,1
1135,1
1136,10
1137,1
1138,3
1139,4
1140,5
1141,1
1142,2
1143,4
1144,1
1145,14
1146,2
1147,1
1148,2
1149,1
1150,3
1151,2
1152,6
1153,7
1154,28
1155,1
1156,1
1157,6
1158,10
1159,5
1160,2
1161,2
1162,17
1163,2
1164,3
1165,3
1166,2
1167,1
1168,3
1169,16
1170,1
1171,1
1172,24
1173,2
1174,1
1175,8
1176,1
1177,5
1178,6
1179,1
1180,3
1181,2
1182,4
1183,3
1184,2548
1185,3
1186,1
1187,6
1188,2
1189,1
1190,2
1191,1
1192,1
1193,4
1194,3
1195,1
1196,2
1197,1
1198,7
1199,4
1200,1
1201,5
1202,4
1203,3
1204,3
1205,22
1206,1
1207,9
1208,2
1209,1
1210,3
1211,25242
1212,1
1213,19
1214,4
1215,3
1216,15
1217,4
1218,2
1219,1
1220,6
1221,1
1222,5
1223,8
1224,1
1225,5
1226,2
1227,12
1228,11
1229,8
1230,1
1231,13
1232,10
1233,2
1234,1
1235,4
1236,2
1237,1
1238,2
1239,1
1240,5
1241,6
1242,2
1243,27
1244,24
1245,4
1246,3
1247,2
1248,19
1249,7
1250,2
1251,2
1252,1
1253,2
1254,4
1255,3
1256,2
1257,6
1258,15
1259,4
1260,2
1261,1
1262,16
1263,2
1264,3
1265,2
1266,1
1267,5
1268,4
1269,3
1270,1
1271,6
1272,1
1273,15
1274,8
1275,1
1276,1
1277,2
1278,3
1279,1
1280,2
1281,3
1282,5
1283,12
1284,3
1285,11
1286,46
1287,2
1288,3
1289,16
1290,1
1291,7
1292,2
1293,2
1294,9
1295,2
1296,1
1297,1
1298,6
1299,3
1300,3
1301,14
1302,12
1303,7
1304,28
1305,1
1306,9
1307,2
1308,2
1309,1
1310,4
1311,1
1312,5
1313,26
1314,4
1315,17
1316,6
1317,1
1318,800515
1319,12
1320,2
1321,3
1322,8
1323,7
1324,1
1325,72
1326,2
1327,5
1328,4
1329,1
1330,1
1331,2
1332,1
1333,3
1334,68
1335,5
1336,1
1337,2
1338,2
1339,1
1340,16
1341,14
1342,1
1343,4
1344,1
1345,1
1346,6
1347,1
1348,11675
1349,44
1350,1
1351,15
1352,2
1353,4
1354,1
1355,2
1356,1
1357,1
1358,2
1359,5
1360,1
1361,2
1362,8
1363,3
1364,8
1365,1
1366,1
1367,4
1368,2
1369,21
1370,2
1371,1
1372,21
1373,28
1374,12
1375,1
1376,2
1377,1
1378,7
1379,4
1380,2
1381,3
1382,2
1383,2
1384,1
1385,4
1386,3
1387,5
1388,16
1389,1
1390,3
1391,2
1392,4
1393,19
1394,4
1395,1
1396,1
1397,12
1398,2
1399,1
1400,6
1401,1
1402,1
1403,4
1404,5
1405,3
1406,2
1407,4
1408,19
1409,4
1410,1
1411,3
1412,2
1413,2
1414,3
1415,2
1416,9
1417,1
1418,68
1419,1
1420,5
1421,2
1422,1
1423,3
1424,4
1425,3
1426,1
1427,16
1428,2
1429,1
1430,12
1431,1
1432,5
1433,6
1434,3
1435,25
1436,2
1437,6
1438,3
1439,12
1440,1
1441,3
1442,4
1443,4
1444,1
1445,2
1446,2
1447,133
1448,2
1449,1
1450,5
1451,6
1452,1
1453,35
1454,8
1455,1
1456,5
1457,2
1458,4
1459,1
1460,2
1461,2
1462,13
1463,2
1464,1
1465,3
1466,18
1467,2
1468,3
1469,8
1470,1
1471,13
1472,6
1473,3
1474,59
1475,4
1476,2
1477,1
1478,106
1479,1
1480,3
1481,2
1482,1
1483,3
1484,4
1485,1
1486,1
1487,12
1488,3
1489,7
1490,8
1491,3
1492,5
1493,4
1494,5
1495,3
1496,14
1497,2
1498,11
1499,16
1500,1
1501,1
1502,2
1503,2
1504,9
1505,8
1506,1
1507,9
1508,8
1509,3
1510,1
1511,2
1512,1
1513,7
1514,4
1515,3
1516,11
1517,2
1518,3
1519,1
1520,2
1521,1
1522,21
1523,2
1524,5
1525,1
1526,54
1527,13
1528,223
1529,16
1530,3
1531,1
1532,6
1533,2
1534,1
1535,10
1536,2
1537,21
1538,2
1539,4
1540,1
1541,2
1542,1
1543,3
1544,12
1545,1
1546,7
1547,8
1548,4
1549,3
1550,2
1551,2
1552,5
1553,2
1554,5
1555,1
1556,18
1557,5
1558,15
1559,4
1560,1
1561,1
1562,2
1563,3
1564,3
1565,18
1566,2
1567,57
1568,2
1569,1
1570,51
1571,10
1572,2
1573,3
1574,4
1575,2
1576,13
1577,6
1578,2
1579,5
1580,6
1581,2
1582,1
1583,8
1584,1
1585,1
1586,2
1587,4
1588,3
1589,4
1590,2
1591,1
1592,2
1593,3
1594,1
1595,2
1596,1
1597,13
1598,16
1599,3
1600,3
1601,14
1602,1
1603,3
1604,8
1605,1
1606,11
1607,2
1608,6
1609,1
1610,4
1611,1
1612,9
1613,2
1614,3
1615,1
1616,6
1617,8
1618,11
1619,4
1620,3
1621,3
1622,4
1623,2
1624,19
1625,4
1626,1
1627,1
1628,180
1629,1
1630,1
1631,6
1632,4
1633,3
1634,8
1635,6
1636,1
1637,2
1638,2
1639,17
1640,6
1641,2
1642,5
1643,2
1644,3
1645,3
1646,10
1647,6
1648,3
1649,48
1650,1
1651,1
1652,2
1653,7
1654,1
1655,2
1656,6
1657,1
1658,52
1659,5
1660,1
1661,6
1662,1
1663,11
1664,16
1665,1
1666,1
1667,28
1668,4
1669,5
1670,2
1671,3
1672,1
1673,2
1674,1
1675,3
1676,2
1677,9
1678,7
1679,4
1680,1
1681,1
1682,6
1683,3
1684,5
1685,4
1686,1
1687,1
1688,10
1689,15
1690,7
1691,2
1692,6
1693,7
1694,4
1695,1
1696,1
1697,8
1698,2
1699,3
1700,6
1701,2
1702,13
1703,6
1704,1
1705,5
1706,2
1707,1
1708,7
1709,16
1710,3
1711,3
1712,6
1713,4
1714,3
1715,16
1716,2
1717,1
1718,2
1719,3
1720,3
1721,2
1722,4
1723,7
1724,4
1725,1
1726,3
1727,2
1728,2
1729,1
1730,8
1731,1
1732,1
1733,14
1734,1
1735,1
1736,6
1737,2
1738,3
1739,4
1740,2
1741,5
1742,2
1743,2
1744,5
1745,4
1746,1
1747,5
1748,2
1749,4
1750,1
1751,10
1752,4
1753,11
1754,12
1755,2
1756,1
1757,2
1758,7
1759,1
1760,2
1761,2
1762,5
1763,6
1764,1
1765,1
1766,6
1767,1
1768,3
1769,76
1770,1
1771,1
1772,4
1773,7
1774,1
1775,14
1776,2
1777,29
1778,4
1779,1
1780,1
1781,6
1782,2
1783,7
1784,16
1785,4
1786,1
1787,4
1788,2
1789,15
1790,2
1791,1
1792,1
1793,4
1794,4
1795,7
1796,110
1797,1
1798,7
1799,8
1800,20
1801,3
1802,2
1803,2
1804,1
1805,2
1806,3
1807,1
1808,4
1809,1
1810,3
1811,2
1812,1
1813,3
1814,4
1815,3
1816,1
1817,8
1818,3
1819,1
1820,18
1821,2
1822,1
1823,4
1824,3
1825,7
1826,10
1827,2
1828,7
1829,24
1830,1
1831,15
1832,4
1833,2
1834,5
1835,58
1836,1
1837,1
1838,2
1839,1
1840,7
1841,10
1842,5
1843,19
1844,8
1845,3
1846,1
1847,8
1848,3
1849,1
1850,4
1851,1
1852,5
1853,2
1854,3
1855,1
1856,10
1857,9
1858,11
1859,8
1860,1
1861,3
1862,26
1863,2
1864,1
1865,2
1866,9
1867,1
1868,6
1869,3
1870,1
1871,34
1872,2
1873,3
1874,4
1875,2
1876,49
1877,2
1878,4
1879,3
1880,6
1881,1
1882,5
1883,6
1884,1
1885,1
1886,22
1887,2
1888,7
1889,4
1890,1
1891,11
1892,4
1893,6
1894,5
1895,4
1896,2
1897,1
1898,2
1899,1
1900,3
1901,2
1902,1
1903,7
1904,8
1905,7
1906,13
1907,10
1908,3
1909,3
1910,2
1911,1
1912,1
1913,12
1914,17
1915,3
1916,10
1917,1
1918,19
1919,4
1920,3
1921,5
1922,2
1923,2
1924,1
1925,2
1926,1
1927,1
1928,8
1929,12
1930,3
1931,2
1932,1
1933,23
1934,16
1935,8
1936,17
1937,14
1938,7
1939,1
1940,2
1941,1
1942,5
1943,6
1944,3
1945,1
1946,6
1947,4
1948,3
1949,4
1950,6
1951,3
1952,4
1953,4
1954,1
1955,6
1956,1
1957,9
1958,4
1959,1
1960,1
1961,10
1962,1
1963,7
1964,44
1965,1
1966,1
1967,2
1968,7
1969,97
1970,2
1971,2
1972,1
1973,4
1974,1
1975,5
1976,130
1977,2
1978,3
1979,4
1980,2
1981,5
1982,2
1983,4
1984,1
1985,8
1986,3
1987,637
1988,2
1989,5
1990,3
1991,2
1992,5
1993,15
1994,8
1995,1
1996,7
1997,6
1998,7
1999,3
2000,40
2001,1
2002,1
2003,2
2004,1
2005,7
2006,14
2007,1
2008,3
2009,4
2010,1
2011,1
2012,4
2013,3
2014,1
2015,2
2016,3
2017,25
2018,22
2019,4
2020,9
2021,10
2022,2
2023,3
2024,68
2025,1
2026,1
2027,8
2028,2
2029,1
2030,4
2031,2
2032,21
2033,8
2034,8
2035,5
2036,6
2037,1
2038,7
2039,24
2040,1
2041,17
2042,2
2043,2
2044,5
2045,2
2046,1
2047,1
2048,2
2049,4
2050,1
2051,18
2052,4
2053,7
2054,24
2055,2
2056,1
2057,4
2058,2
2059,35
2060,6
2061,2
2062,5
2063,8
2064,1
2065,1
2066,2
2067,1
2068,11
2069,12
2070,1
2071,3
2072,2
2073,2
2074,7
2075,4
2076,3
2077,1
2078,2
2079,1
2080,1
2081,6
2082,4
2083,35
2084,4
2085,4
2086,5
2087,4
2088,3
2089,1
2090,18
2091,2
2092,5
2093,4
2094,4
2095,3
2096,10
2097,2
2098,11
2099,8
2100,4
2101,1
2102,12
2103,3
2104,3
2105,2
2106,1
2107,13
2108,2
2109,1
2110,1
2111,2
2112,2
2113,3
2114,12
2115,1
2116,1
2117,2
2118,3
2119,5
2120,8
2121,1
2122,1
2123,4
2124,5
2125,21
2126,30
2127,1
2128,7
2129,8
2130,1
2131,1
2132,2
2133,4
2134,15
2135,2
2136,1
2137,1
2138,14
2139,5
2140,7
2141,2
2142,1
2143,19
2144,4
2145,1
2146,3
2147,4
2148,3
2149,1
2150,2
2151,3
2152,5
2153,6
2154,3
2155,3
2156,2
2157,2
2158,15
2159,4
2160,5
2161,5
2162,2
2163,4
2164,1
2165,6
2166,2
2167,41
2168,4
2169,1
2170,1
2171,14
2172,13
2173,3
2174,24
2175,1
2176,9
2177,2
2178,4
2179,1
2180,2
2181,29
2182,1
2183,2
2184,3
2185,7
2186,30
2187,1
2188,651
2189,4
2190,3
2191,5
2192,14
2193,6
2194,3
2195,2
2196,1
2197,73
2198,20
2199,1
2200,3
2201,2
2202,2
2203,3
2204,32
2205,1
2206,4405
2207,4
2208,2
2209,5
2210,2
2211,1
2212,1
2213,4
2214,4
2215,5
2216,2
2217,2
2218,19
2219,24
2220,5
2221,1
2222,2
2223,3
2224,1
2225,8
2226,1
2227,5
2228,6
2229,1
2230,3
2231,2
2232,1
2233,3
2234,8
2235,4
2236,5
2237,230
2238,2
2239,3
2240,4
2241,1
2242,1
2243,2
2244,5
2245,3
2246,6
2247,1
2248,35
2249,4
2250,2
2251,5
2252,2
2253,2
2254,1
2255,8
2256,3
2257,1
2258,6
2259,1
2260,1
2261,2
2262,1
2263,739
2264,8
2265,2
2266,3
2267,2
2268,3
2269,11
2270,4
2271,5
2272,9
2273,2
2274,1
2275,1
2276,2
2277,9
2278,3
2279,900
2280,4
2281,1
2282,2
2283,4
2284,1
2285,4
2286,3
2287,29
2288,2
2289,3
2290,13
2291,30
2292,1
2293,NA
2294,8
2295,8
2296,1
2297,2
2298,4
2299,1
2300,2
2301,2
2302,1
2303,4
2304,5
2305,3
2306,6
2307,2
2308,27
2309,4
2310,2
2311,1
2312,10
2313,3
2314,5
2315,4
2316,9
2317,5
2318,4
2319,1
2320,1
2321,2
2322,1
2323,3
2324,16
2325,1
2326,1
2327,6
2328,2
2329,1
2330,2
2331,2
2332,1
2333,264
2334,3
2335,3
2336,2
2337,1
2338,15
2339,4
2340,1
2341,25
2342,8
2343,2
2344,23
2345,8
2346,1
2347,21
2348,2
2349,5
2350,7
2351,2
2352,1
2353,7
2354,4
2355,2
2356,5
2357,6
2358,2
2359,17
2360,2
2361,1
2362,1
2363,18
2364,3
2365,1
2366,2
2367,1
2368,2547
2369,136
2370,2
2371,9
2372,4
2373,2
2374,5
2375,10
2376,1
2377,9
2378,2
2379,3
2380,1
2381,50
2382,10
2383,7
2384,12
2385,2
2386,3
2387,2
2388,2
2389,15
2390,4
2391,5
2392,1
2393,4
2394,1
2395,1
2396,6
2397,1
2398,3
2399,8
2400,1
2401,1
2402,4
2403,4
2404,3
2405,2
2406,2
2407,1
2408,2
2409,1
2410,21
2411,2
2412,8
2413,27
2414,8
2415,3
2416,1
2417,4
2418,7
2419,23
2420,2
2421,5
2422,25241
2423,4
2424,3
2425,27
2426,18
2427,6
2428,3
2429,16
2430,2
2431,1
2432,14
2433,3
2434,3
2435,2
2436,1
2437,5
2438,18
2439,1
2440,5
2441,42
2442,2
2443,3
2444,4
2445,1
2446,7
2447,2
2448,2
2449,5
2450,4
2451,2
2452,1
2453,2
2454,11
2455,1
2456,10
2457,5
2458,7
2459,4
2460,1
2461,3
2462,12
2463,2
2464,9
2465,2
2466,1
2467,1
2468,2
2469,1
2470,3
2471,2
2472,1
2473,31
2474,20
2475,8
2476,1
2477,2
2478,6
2479,1
2480,4
2481,2
2482,5
2483,2
2484,1
2485,1
2486,26
2487,1
2488,23
2489,1076
2490,3
2491,3
2492,2
2493,4
2494,1
2495,8
2496,18
2497,1
2498,6
2499,3
2500,1
2501,10
2502,1
2503,3
2504,4
2505,1
2506,1
2507,4
2508,3
2509,3
2510,2
2511,1
2512,1
2513,12
2514,5
2515,15
2516,14
2517,2
2518,3
2519,8
2520,1
2521,5
2522,4
2523,2
2524,15
2525,2
2526,1
2527,5
2528,2
2529,3
2530,1
2531,6
2532,5
2533,7
2534,4
2535,2
2536,3
2537,4
2538,2
2539,1
2540,2
2541,1
2542,5
2543,6
2544,1
2545,3
2546,14
2547,4
2548,7
2549,8
2550,1
2551,1
2552,6
2553,2
2554,1
2555,4
2556,2
2557,1
2558,4
2559,8
2560,1
2561,2
2562,2
2563,7
2564,4
2565,2
2566,11
2567,2
2568,2
2569,3
2570,10
2571,18
2572,45
2573,12
2574,1
2575,3
2576,2
2577,1
2578,15
2579,4
2580,3
2581,5
2582,6
2583,2
2584,1
2585,10
2586,1
2587,17
2588,8
2589,5
2590,1
2591,134
2592,6
2593,3
2594,36
2595,1
2596,5
2597,6
2598,2
2599,1
2600,2
2601,3
2602,13
2603,4
2604,11
2605,1
2606,6
2607,2
2608,27
2609,8
2610,3
2611,3
2612,8
2613,3
2614,1
2615,2
2616,1
2617,1
2618,4
2619,1
2620,3
2621,10
2622,2
2623,3
2624,4
2625,2
2626,25
2627,6
2628,3
2629,3
2630,16
2631,1
2632,5
2633,2
2634,24
2635,5
2636,800514
2637,1
2638,11
2639,4
2640,1
2641,1
2642,2
2643,3
2644,7
2645,8
2646,6
2647,37
2648,6
2649,1
2650,71
2651,22
2652,1
2653,7
2654,4
2655,1
2656,3
2657,2
2658,2
2659,5
2660,2
2661,11
2662,1
2663,2
2664,5
2665,3
2666,2
2667,1
2668,67
2669,4
2670,4
2671,9
2672,2
2673,2
2674,1
2675,8
2676,1
2677,9
2678,2
2679,4
2680,15
2681,2
2682,13
2683,7
2684,4
2685,2
2686,3
2687,14
2688,3
2689,13
2690,16
2691,1
2692,5
2693,2
2694,1
2695,3
2696,11674
2697,1
2698,43
2699,236
2700,1
2701,7
2702,14
2703,10
2704,1
2705,14
2706,3
2707,1
2708,2
2709,1
2710,1
2711,10
2712,2
2713,15
2714,8
2715,2
2716,1
2717,2
2718,4
2719,1
2720,6
2721,1
2722,1
2723,2
2724,7
2725,1
2726,2
2727,6
2728,7
2729,16
2730,3
2731,7
2732,4
2733,3
2734,3
2735,2
2736,1
2737,5
2738,20
2739,1
2740,1
2741,50
2742,1
2743,3
2744,20
2745,2
2746,27
2747,2
2748,11
2749,3
2750,12
2751,1
2752,1
2753,6
2754,1
2755,3
2756,6
2757,2
2758,3
2759,388
2760,1
2761,1
2762,2
2763,4
2764,1
2765,2
2766,1
2767,9
2768,2
2769,5
2770,3
2771,2
2772,2
2773,11
2774,4
2775,5
2776,15
2777,8
2778,6
2779,1
2780,2
2781,3
2782,1
2783,2
2784,3
2785,1
2786,18
2787,1
2788,3
2789,4
2790,2
2791,1
2792,8
2793,2
2794,11
2795,16
2796,1
2797,21
2798,16
2799,3
2800,5
2801,62
2802,6
2803,7
2804,48
2805,4
2806,3
2807,14
2808,4
2809,9
2810,2
2811,2
2812,1
2813,2
2814,3
2815,19
2816,18
2817,6
2818,3
2819,8
2820,1
2821,1
2822,2
2823,55
2824,1
2825,2
2826,1
2827,1
2828,2
2829,1
2830,1
2831,6
2832,8
2833,15
2834,4
2835,1
2836,67
2837,10
2838,2
2839,5
2840,4
2841,3
2842,1
2843,8
2844,3
2845,1
2846,2
2847,1
2848,3
2849,12
2850,2
2851,1
2852,4
2853,2
2854,15
2855,8
2856,1
2857,5
2858,10
2859,1
2860,11
2861,2
2862,2
2863,7
2864,4
2865,10
2866,5
2867,2
2868,2
2869,1
2870,24
2871,1
2872,1
2873,2
2874,5
2875,1
2876,2
2877,8
2878,11
2879,24
2880,2
2881,11
2882,2
2883,3
2884,3
2885,100
2886,3
2887,5
2888,2
2889,7
2890,1
2891,30
2892,1
2893,3
2894,132
2895,2
2896,1
2897,2
2898,10
2899,5
2900,4
2901,1
2902,5
2903,4
2904,1
2905,5
2906,34
2907,1
2908,7
2909,12
2910,3
2911,1
2912,4
2913,8
2914,1
2915,4
2916,3
2917,65
2918,4
2919,4
2920,1
2921,10
2922,1
2923,11
2924,12
2925,1
2926,1
2927,4
2928,7
2929,1
2930,2
2931,1
2932,17
2933,2
2934,1
2935,1
2936,2
2937,5
2938,7
2939,8
2940,1
2941,1
2942,12
2943,4
2944,5
2945,2
2946,2
2947,13
2948,58
2949,1
2950,3
2951,6
2952,1
2953,3
2954,112
2955,4
2956,105
2957,2
2958,2
2959,3
2960,2
2961,3
2962,1
2963,4
2964,1
2965,3
2966,2
2967,2
2968,3
2969,8
2970,1
2971,3
2972,2
2973,6
2974,11
2975,4
2976,2
2977,1
2978,6
2979,3
2980,7
2981,2
2982,2
2983,11
2984,4
2985,2
2986,3
2987,4
2988,4
2989,3
2990,2
2991,1
2992,13
2993,2
2994,1
2995,9
2996,10
2997,2
2998,15
2999,20
3000,6
3001,3
3002,2
3003,2
3004,1
3005,4
3006,1
3007,5
3008,8
3009,3
3010,7
3011,2
3012,6
3013,3
3014,8
3015,1
3016,7
3017,4
3018,2
3019,1
3020,12
3021,5
3022,1
3023,10
3024,1
3025,5
3026,6
3027,1
3028,3
3029,4
3030,2
3031,3
3032,10
3033,4
3034,1
3035,6
3036,2
3037,1
3038,6
3039,4
3040,1
3041,2
3042,6
3043,15
3044,20
3045,1
3046,1
3047,4
3048,4
3049,3
3050,4
3051,1
3052,53
3053,2
3054,12
3055,3
3056,222
3057,1
3058,15
3059,16
3060,2
3061,1
3062,4
3063,2
3064,5
3065,6
3066,1
3067,1
3068,16
3069,3
3070,9
3071,6
3072,1
3073,31
3074,20
3075,4
3076,1
3077,6
3078,3
3079,3
3080,4
3081,2
3082,1
3083,6
3084,3
3085,7
3086,2
3087,1
3088,11
3089,72
3090,6
3091,5
3092,6
3093,10
3094,7
3095,2
3096,3
3097,5
3098,2
3099,1
3100,1
3101,6
3102,1
3103,7
3104,4
3105,6
3106,1
3107,4
3108,4
3109,1
3110,6
3111,1
3112,17
3113,2
3114,4
3115,1
3116,14
3117,4
3118,3
3119,68
3120,2
3121,3
3122,2
3123,2
3124,1
3125,4
3126,2
3127,9
3128,2
3129,1
3130,17
3131,6
3132,1
3133,11
3134,56
3135,1
3136,1
3137,2
3138,4
3139,1
3140,50
3141,3
3142,9
3143,4
3144,1
3145,7
3146,2
3147,5
3148,3
3149,4
3150,1
3151,1
3152,12
3153,2
3154,5
3155,2
3156,1
3157,45
3158,4
3159,1
3160,5
3161,54
3162,1
3163,3
3164,8
3165,1
3166,7
3167,4
3168,2
3169,1
3170,6
3171,3
3172,1
3173,4
3174,3
3175,5
3176,2
3177,1
3178,3
3179,52
3180,1
3181,1
3182,18
3183,3
3184,1
3185,2
3186,2
3187,1
3188,16
3189,9
3190,1
3191,2
3192,4
3193,7
3194,12
3195,1
3196,15
3197,4
3198,2
3199,1
3200,2
3201,13
3202,13
3203,20
3204,4
3205,3
3206,2
3207,8
3208,7
3209,4
3210,3
3211,1
3212,10
3213,3
3214,1
3215,4
3216,5
3217,29
3218,4
3219,4
3220,3
3221,478
3222,4
3223,15
3224,8
3225,1
3226,1
3227,2
3228,2
3229,13
3230,2
3231,2
3232,5
3233,6
3234,7
3235,1
3236,10
3237,1
3238,3
3239,264
3240,2
3241,1
3242,2
3243,3
3244,3
3245,2
3246,1
3247,5
3248,18
3249,5
3250,3
3251,2
3252,2
3253,31
3254,8
3255,6
3256,179
3257,12
3258,4
3259,5
3260,12
3261,1
3262,5
3263,8
3264,3
3265,1
3266,2
3267,5
3268,7
3269,8
3270,5
3271,19
3272,8
3273,3
3274,1
3275,2
3276,1
3277,1
3278,16
3279,7
3280,5
3281,6
3282,1
3283,3
3284,4
3285,1
3286,1
3287,2
3288,2
3289,1
3290,2
3291,1
3292,9
3293,2
3294,5
3295,9
3296,2
3297,2
3298,47
3299,4
3300,1
3301,3
3302,18
3303,3
3304,1
3305,2
3306,6
3307,45
3308,6
3309,8
3310,1
3311,14
3312,5
3313,15
3314,8
3315,2
3316,51
3317,2
3318,4
3319,1
3320,6
3321,10
3322,5
3323,2
3324,3
3325,29
3326,10
3327,1
3328,15
3329,1244
3330,1
3331,1
3332,2
3333,2
3334,27
3335,2
3336,3
3337,1
3338,4
3339,3
3340,1
3341,214
3342,2
3343,483
3344,4
3345,1
3346,1
3347,4
3348,3
3349,7
3350,2
3351,1
3352,1
3353,2
3354,8
3355,1
3356,6
3357,18
3358,3
3359,16
3360,1
3361,17
3362,4
3363,2
3364,5
3365,6
3366,2
3367,1
3368,4
3369,1
3370,3
3371,30
3372,2
3373,15
3374,8
3375,2
3376,9
3377,6
3378,14
3379,3
3380,6
3381,1
3382,1
3383,24
3384,5
3385,21
3386,6
3387,9
3388,3
3389,92
3390,1
3391,1
3392,2
3393,3
3394,7
3395,4
3396,1
3397,1
3398,2
3399,3
3400,5
3401,10
3402,1
3403,7
3404,12
3405,2
3406,5
3407,2
3408,6
3409,3
3410,4
3411,7
3412,1
3413,8
3414,1
3415,1
3416,6
3417,1
3418,15
3419,8
3420,2
3421,1
3422,2
3423,2
3424,5
3425,4
3426,3
3427,5
3428,2
3429,1
3430,15
3431,2
3432,1
3433,11
3434,8
3435,1
3436,1
3437,10
3438,2
3439,9
3440,2
3441,2
3442,1
3443,6
3444,3
3445,7
3446,6
3447,13
3448,3
3449,8
3450,1
3451,5
3452,2
3453,12
3454,1
3455,18
3456,1
3457,5
3458,2
3459,1
3460,7
3461,42
3462,6
3463,7
3464,24
3465,2
3466,13
3467,22
3468,3
3469,3
3470,2
3471,2
3472,5
3473,8
3474,1
3475,1
3476,2
3477,2
3478,3
3479,4
3480,1
3481,1
3482,4
3483,2
3484,1
3485,8
3486,1
3487,13
3488,4
3489,1
3490,3
3491,2
3492,1
3493,3
3494,4
3495,6
3496,1
3497,8
3498,3
3499,1
3500,2
3501,1
3502,9
3503,2
3504,3
3505,37
3506,10
3507,1
3508,11
3509,12
3510,1
3511,3
3512,10
3513,2
3514,1
3515,4
3516,6
3517,5
3518,2
3519,3
3520,1
3521,2
3522,1
3523,3
3524,4
3525,5
3526,5
3527,2
3528,10
3529,1
3530,4
3531,6
3532,5
3533,4
3534,4
3535,1
3536,2
3537,4
3538,75
3539,12
3540,1
3541,7
3542,4
3543,4
3544,3
3545,20
3546,6
3547,9
3548,4
3549,4
3550,13
3551,22
3552,1
3553,23
3554,28
3555,1
3556,3
3557,4
3558,3
3559,9
3560,8
3561,1
3562,5
3563,2
3564,1
3565,1
3566,6
3567,5
3568,15
3569,40
3570,3
3571,7
3572,18
3573,10
3574,3
3575,6
3576,1
3577,13
3578,14
3579,3
3580,1
3581,2
3582,2
3583,3
3584,8
3585,7
3586,3
3587,2
3588,3
3589,1
3590,6
3591,7
3592,109
3593,4
3594,1
3595,3
3596,6
3597,1
3598,7
3599,28
3600,19
3601,3
3602,2
3603,2
3604,1
3605,2
3606,1
3607,1
3608,2
3609,3
3610,1
3611,66
3612,2
3613,31
3614,1368
3615,1
3616,3
3617,40
3618,6
3619,1
3620,2
3621,15
3622,1
3623,6
3624,1
3625,9
3626,2
3627,1
3628,3
3629,8
3630,2
3631,5
3632,4
3633,3
3634,7
3635,18
3636,2
3637,17
3638,2
3639,5
3640,17
3641,2
3642,1
3643,7
3644,8
3645,5
3646,3
3647,6
3648,2
3649,1
3650,6
3651,3
3652,9
3653,8
3654,1
3655,1
3656,6
3657,2
3658,23
3659,4
3660,2
3661,1
3662,14
3663,3
3664,3
3665,12
3666,1
3667,1
3668,4
3669,7
3670,57
3671,2
3672,5
3673,3
3674,8
3675,1
3676,1
3677,4
3678,3
3679,5
3680,6
3681,2
3682,9
3683,2
3684,4
3685,1
3686,18
3687,2
3688,7
3689,4
3690,2
3691,3
3692,2
3693,2
3694,7
3695,2
3696,2
3697,1
3698,4
3699,4
3700,3
3701,14
3702,5
3703,39
3704,4
3705,9
3706,1
3707,2
3708,2
3709,1
3710,4
3711,2
3712,9
3713,2
3714,8
3715,15
3716,10
3717,1
3718,7
3719,124
3720,2
3721,57
3722,2
3723,2
3724,25
3725,28
3726,1
3727,9
3728,6
3729,1
3730,1
3731,2
3732,8
3733,3
3734,4
3735,2
3736,5
3737,2
3738,2
3739,1
3740,18
3741,1
3742,33
3743,4
3744,1
3745,1
3746,2
3747,4
3748,3
3749,36
3750,1
3751,23
3752,48
3753,7
3754,1
3755,6
3756,3
3757,5
3758,2
3759,1
3760,5
3761,810
3762,1
3763,3
3764,4
3765,1
3766,5
3767,4
3768,10
3769,1
3770,20
3771,1
3772,21
3773,2
3774,1
3775,1
3776,6
3777,2
3778,3
3779,96
3780,1
3781,1
3782,10
3783,2
3784,3
3785,2
3786,5
3787,1
3788,4
3789,1
3790,3
3791,30
3792,1
3793,19
3794,4
3795,1
3796,1
3797,2
3798,15
3799,3
3800,2
3801,5
3802,1
3803,6
3804,1
3805,21
3806,6
3807,2
3808,7
3809,4
3810,6
3811,1
3812,12
3813,4
3814,9
3815,2
3816,2
3817,40381
3818,2
3819,5
3820,1
3821,70
3822,1
3823,7
3824,88
3825,1
3826,11
3827,2
3828,16
3829,3
3830,2
3831,6
3832,9
3833,2
3834,3
3835,1
3836,18
3837,1
3838,3
3839,8
3840,2
3841,1
3842,4
3843,4
3844,1
3845,4
3846,1
3847,45
3848,2
3849,4
3850,1
3851,194
3852,1
3853,11
3854,276
3855,3
3856,7
3857,2
3858,11
3859,1
3860,2
3861,2
3862,1
3863,2
3864,1
3865,7
3866,22
3867,2
3868,15
3869,8
3870,7
3871,1
3872,16
3873,3
3874,13
3875,6
3876,6
3877,1
3878,2
3879,1
3880,1
3881,10
3882,2
3883,3
3884,4
3885,3
3886,5
3887,4
3888,2
3889,5
3890,2
3891,15
3892,5
3893,10
3894,3
3895,1
3896,2
3897,1
3898,3
3899,4
3900,5
3901,7
3902,2
3903,3
3904,3
3905,2
3906,3
3907,137
3908,10
3909,1
3910,5
3911,2
3912,1
3913,19
3914,8
3915,1
3916,3
3917,2
3918,2
3919,5
3920,2
3921,1
3922,9
3923,6
3924,3
3925,13
3926,6
3927,1
3928,43
3929,12
3930,6
3931,5
3932,2
3933,2
3934,1
3935,2
3936,6
3937,1
3938,96
3939,1
3940,1
3941,6
3942,1
3943,3
3944,4
3945,15
3946,3
3947,2
3948,2
3949,17
3950,4
3951,1
3952,129
3953,4
3954,1
3955,33
3956,2
3957,4
3958,3
3959,8
3960,1
3961,3
3962,4
3963,10
3964,1
3965,2
3966,3
3967,1
3968,4
3969,1
3970,7
3971,30
3972,2
3973,23
3974,636
3975,1
3976,1
3977,2
3978,4
3979,9
3980,2
3981,2
3982,1
3983,4
3984,4
3985,7
3986,14
3987,5
3988,7
3989,4
3990,2
3991,5
3992,6
3993,2
3994,5
3995,6
3996,6
3997,1
3998,2
3999,3
4000,39
4001,18
4002,2
4003,51
4004,4
4005,1
4006,1
4007,38
4008,3
4009,1
4010,6
4011,5
4012,13
4013,6
4014,4
4015,3
4016,2
4017,2
4018,3
4019,4
4020,1
4021,53
4022,2
4023,2
4024,3
4025,4
4026,2
4027,1
4028,2
4029,8
4030,1
4031,58
4032,2
4033,7
4034,24
4035,1
4036,21
4037,4
4038,3
4039,7
4040,8
4041,1
4042,9
4043,8
4044,1
4045,1
4046,2
4047,1
4048,67
4049,4
4050,8
4051,1
4052,14
4053,3
4054,7
4055,4
4056,1
4057,81
4058,2
4059,1
4060,3
4061,62
4062,1
4063,3
4064,20
4065,5
4066,7
4067,2
4068,7
4069,13
4070,4
4071,6
4072,5
4073,4
4074,1
4075,5
4076,6
4077,10
4078,23
4079,40
4080,2
4081,1
4082,16
4083,4
4084,1
4085,2
4086,1
4087,5
4088,4
4089,4
4090,1
4091,2
4092,6
4093,7
4094,8
4095,4
4096,1
4097,4
4098,3
4099,9
4100,4
4101,5
4102,17
4103,2
4104,3
4105,1
4106,6
4107,2
4108,23
4109,8
4110,1
4111,1
4112,2
4113,2
4114,3
4115,4
4116,1
4117,1
4118,34
4119,1
4120,5
4121,30
4122,1
4123,3
4124,4
4125,3
4126,7
4127,6
4128,3
4129,7
4130,2
4131,19
4132,1
4133,10
4134,3
4135,1
4136,10
4137,1
4138,11
4139,60
4140,3
4141,5
4142,2
4143,6
4144,1
4145,10
4146,1
4147,1
4148,6
4149,1
4150,3
4151,2
4152,2
4153,3
4154,4
4155,2
4156,1
4157,6
4158,2
4159,1
4160,6
4161,3
4162,5
4163,2
4164,3
4165,1
4166,34
4167,6
4168,3
4169,8
4170,3
4171,7
4172,4
4173,2
4174,3
4175,2
4176,2
4177,1
4178,6
4179,4
4180,17
4181,42
4182,1
4183,11
4184,4
4185,1
4186,3
4187,2
4188,3
4189,1
4190,2
4191,2
4192,9
4193,10
4194,1
4195,1
4196,10
4197,2
4198,7
4199,12
4200,3
4201,13
4202,4
4203,2
4204,11
4205,16
4206,2
4207,4369
4208,2
4209,4
4210,1
4211,2
4212,1
4213,3
4214,12
4215,1
4216,1
4217,6
4218,2
4219,3
4220,2
4221,2
4222,1
4223,4
4224,1
4225,15
4226,2
4227,4
4228,11
4229,28
4230,4
4231,1
4232,2
4233,2
4234,1
4235,4
4236,2
4237,13
4238,4
4239,3
4240,7
4241,2
4242,5
4243,115
4244,76
4245,2
4246,3
4247,2
4248,4
4249,7
4250,20
4251,1
4252,29
4253,2
4254,3
4255,3
4256,6
4257,1
4258,7
4259,8
4260,5
4261,1
4262,2
4263,4
4264,1
4265,4
4266,3
4267,9
4268,14
4269,1
4270,1
4271,26
4272,1
4273,3
4274,8
4275,2
4276,13
4277,2
4278,4
4279,3
4280,6
4281,2
4282,1
4283,10
4284,4
4285,5
4286,18
4287,1
4288,3
4289,8
4290,2
4291,1
4292,2
4293,4
4294,3
4295,8
4296,2
4297,17
4298,2
4299,1
4300,1
4301,2
4302,2
4303,11
4304,4
4305,1
4306,5
4307,16
4308,2
4309,3
4310,2
4311,3
4312,1
4313,16
4314,1
4315,1
4316,14
4317,5
4318,3
4319,52
4320,4
4321,1
4322,4
4323,2
4324,1
4325,2
4326,3
4327,13
4328,4
4329,3
4330,5
4331,6
4332,1
4333,23
4334,40
4335,1
4336,3
4337,6
4338,2
4339,1
4340,2
4341,1
4342,13
4343,16
4344,12
4345,1
4346,2
4347,1
4348,23
4349,12
4350,1
4351,3
4352,8
4353,6
4354,1
4355,2
4356,3
4357,1
4358,2
4359,3
4360,1
4361,2
4362,28
4363,15
4364,12
4365,3
4366,1
4367,2
4368,2
4369,1
4370,6
4371,1
4372,29
4373,2
4374,1
4375,5
4376,650
4377,1
4378,3
4379,8
4380,2
4381,1
4382,4
4383,14
4384,13
4385,2
4386,5
4387,9
4388,2
4389,3
4390,1
4391,6
4392,1
4393,11
4394,72
4395,2
4396,19
4397,4
4398,7
4399,17
4400,2
4401,5
4402,1
4403,6
4404,1
4405,27
4406,2
4407,2
4408,31
4409,8
4410,1
4411,1
4412,4404
4413,4
4414,3
4415,2
4416,1
4417,9
4418,4
4419,1
4420,1
4421,2
4422,6
4423,15
4424,4
4425,1
4426,3
4427,2
4428,3
4429,7
4430,4
4431,1
4432,1
4433,70
4434,1
4435,57
4436,18
4437,2
4438,23
4439,4
4440,4
4441,3
4442,12
4443,3
4444,1
4445,4
4446,2
4447,1
4448,2
4449,3
4450,7
4451,10
4452,2
4453,7
4454,4
4455,5
4456,5
4457,2
4458,4
4459,3
4460,2
4461,13
4462,1
4463,2
4464,8
4465,1
4466,2
4467,1
4468,7
4469,4
4470,3
4471,1
4472,4
4473,2
4474,229
4475,28
4476,1
4477,5
4478,2
4479,3
4480,3
4481,2
4482,1
4483,3
4484,8
4485,1
4486,1
4487,6
4488,4
4489,3
4490,2
4491,5
4492,5
4493,2
4494,3
4495,7
4496,34
4497,2
4498,3
4499,4
4500,1
4501,1
4502,4
4503,4
4504,1
4505,32
4506,1
4507,1
4508,8
4509,7
4510,7
4511,2
4512,2
4513,63
4514,4
4515,1
4516,5
4517,4
4518,4
4519,3
4520,10
4521,1
4522,1
4523,4
4524,3
4525,1
4526,738
4527,4
4528,7
4529,8
4530,1
4531,7
4532,2
4533,2
4534,1
4535,4
4536,2
4537,37
4538,10
4539,4
4540,3
4541,6
4542,4
4543,3
4544,8
4545,4
4546,1
4547,6
4548,2
4549,19
4550,2
4551,10
4552,1
4553,2
4554,8
4555,1
4556,2
4557,4
4558,899
4559,12
4560,3
4561,9
4562,16
4563,2
4564,1
4565,4
4566,3
4567,1
4568,6
4569,1
4570,3
4571,14
4572,2
4573,3
4574,28
4575,3
4576,1
4577,2
4578,2
4579,1
4580,12
4581,1
4582,29
4583,4
4584,3
4585,5
4586,NA
4587,1
4588,7
4589,8
4590,7
4591,1
4592,2
4593,2
4594,1
4595,2
4596,3
4597,17
4598,8
4599,3
4600,1
4601,10
4602,1
4603,987
4604,8
4605,1
4606,3
4607,2
4608,4
4609,3
4610,2
4611,1
4612,5
4613,2
4614,1
4615,3
4616,26
4617,5
4618,3
4619,8
4620,1
4621,1
4622,4
4623,6
4624,9
4625,4
4626,2
4627,5
4628,4
4629,1
4630,3
4631,2
4632,8
4633,11
4634,4
4635,2
4636,3
4637,6
4638,6
4639,1
4640,8
4641,1
4642,1
4643,4
4644,11
4645,3
4646,2
4647,1
4648,15
4649,4
4650,3
4651,9
4652,6
4653,3
4654,5
4655,8
4656,1
4657,9
4658,4
4659,5
4660,1
4661,6
4662,1
4663,7
4664,4
4665,6
4666,263
4667,6
4668,2
4669,1
4670,2
4671,1
4672,1
4673,2
4674,16
4675,1
4676,14
4677,4
4678,3
4679,16
4680,2
4681,3
4682,24
4683,2
4684,7
4685,4
4686,1
4687,33
4688,22
4689,1
4690,7
4691,10
4692,10
4693,7
4694,20
4695,5
4696,1
4697,2
4698,4
4699,1
4700,6
4701,2
4702,1
4703,16
4704,7
4705,5
4706,6
4707,1
4708,3
4709,148
4710,1
4711,1
4712,4
4713,4
4714,5
4715,2
4716,1
4717,1
4718,16
4719,1
4720,1
4721,6
4722,9
4723,3
4724,4
4725,2
4726,17
4727,10
4728,2
4729,3
4730,2
4731,1
4732,1
4733,8
4734,1
4735,3
4736,2546
4737,1
4738,135
4739,8
4740,1
4741,7
4742,8
4743,6
4744,3
4745,2
4746,1
4747,5
4748,4
4749,1
4750,9
4751,6
4752,4
4753,7
4754,8
4755,3
4756,1
4757,32
4758,2
4759,5
4760,4
4761,1
4762,49
4763,2
4764,9
4765,3
4766,6
4767,1
4768,11
4769,4
4770,1
4771,3
4772,2
4773,3
4774,1
4775,26
4776,1
4777,25
4778,14
4779,3
4780,3
4781,10
4782,4
4783,7
4784,4
4785,2
4786,3
4787,6
4788,3
4789,5
4790,12
4791,2
4792,5
4793,10
4794,1
4795,7
4796,2
4797,9
4798,7
4799,8
4800,12
4801,1
4802,2
4803,2
4804,3
4805,2
4806,3
4807,1
4808,2
4809,4
4810,1
4811,6
4812,1
4813,515
4814,4
4815,1
4816,1
4817,2
4818,3
4819,31
4820,20
4821,3
4822,1
4823,4
4824,7
4825,1
4826,26
4827,6
4828,7
4829,4
4830,2
4831,1
4832,216
4833,6
4834,3
4835,4
4836,6
4837,13
4838,22
4839,1
4840,1
4841,6
4842,4
4843,135
4844,25240
4845,1
4846,3
4847,2
4848,2
4849,1
4850,26
4851,2
4852,17
4853,4
4854,5
4855,3
4856,2
4857,2
4858,15
4859,4
4860,1
4861,1
4862,2
4863,3
4864,13
4865,4
4866,2
4867,1
4868,2
4869,11
4870,1
4871,2
4872,1
4873,7
4874,4
4875,1
4876,17
4877,2
4878,3
4879,5
4880,4
4881,3
4882,41
4883,2
4884,1
4885,1
4886,2
4887,4
4888,3
4889,8
4890,2
4891,1
4892,6
4893,2
4894,1
4895,18
4896,1
4897,5
4898,4
4899,3
4900,3
4901,2
4902,1
4903,211
4904,96
4905,3
4906,1
4907,4
4908,10
4909,1
4910,6
4911,21
4912,9
4913,4
4914,4
4915,1
4916,6
4917,1
4918,3
4919,12
4920,1
4921,3
4922,2
4923,3
4924,11
4925,2
4926,1
4927,13
4928,8
4929,1
4930,1
4931,18
4932,2
4933,11
4934,8
4935,2
4936,1
4937,6
4938,2
4939,3
4940,2
4941,2
4942,1
4943,4
4944,1
4945,45
4946,30
4947,4
4948,19
4949,8
4950,7
4951,1
4952,4
4953,3
4954,1
4955,2
4956,5
4957,29
4958,10
4959,3
4960,3
4961,2
4962,1
4963,3
4964,4
4965,1
4966,1
4967,2
4968,8
4969,15
4970,12
4971,1
4972,25
4973,2
4974,3
4975,1
4976,22
4977,4
4978,1075
4979,12
4980,2
4981,3
4982,2
4983,3
4984,1
4985,20
4986,3
4987,1
4988,8
4989,4
4990,7
4991,2
4992,17
4993,51
4994,4
4995,2
4996,5
4997,10
4998,2
4999,23
5000,4
5001,5
5002,9
5003,2
5004,1
5005,1
5006,2
5007,4
5008,3
5009,24
5010,5
5011,3
5012,2
5013,2
5014,3
5015,4
5016,2
5017,9
5018,2
5019,1
5020,1
5021,234
5022,13
5023,167
5024,28
5025,7
5026,11
5027,2
5028,4
5029,3
5030,14
5031,1
5032,13
5033,4
5034,1
5035,1
5036,2
5037,2
5038,7
5039,132
5040,1
5041,11
5042,4
5043,3
5044,3
5045,20
5046,1
5047,1
5048,14
5049,4
5050,1
5051,18
5052,1
5053,3
5054,4
5055,2
5056,1
5057,4
5058,2
5059,3
5060,14
5061,3
5062,5
5063,6
5064,4
5065,3
5066,6
5067,1
5068,3
5069,20
5070,1
5071,1
5072,2
5073,3
5074,3
5075,4
5076,1
5077,117
5078,6
5079,5
5080,1
5081,2
5082,1
5083,7
5084,4
5085,1
5086,5
5087,2
5088,6
5089,1
5090,2
5091,1
5092,13
5093,6
5094,3
5095,3
5096,6
5097,1
5098,7
5099,184
5100,2
5101,11
5102,2
5103,2
5104,5
5105,34
5106,1
5107,69
5108,2
5109,5
5110,3
5111,2
5112,1
5113,3
5114,12
5115,4
5116,3
5117,12
5118,7
5119,9
5120,2
5121,2
5122,1
5123,4
5124,1
5125,59
5126,6
5127,1
5128,3
5129,20
5130,1
5131,3
5132,10
5133,6
5134,1
5135,6
5136,1
5137,1
5138,2
5139,4
5140,9
5141,2
5142,17
5143,3
5144,44
5145,1
5146,11
5147,4
5148,3
5149,5
5150,2
5151,1
5152,1
5153,2
5154,3
5155,11
5156,14
5157,1
5158,3
5159,20
5160,2
5161,1
5162,4
5163,6
5164,5
5165,12
5166,1
5167,1
5168,10
5169,1
5170,9
5171,6
5172,1
5173,7
5174,16
5175,3
5176,7
5177,2
5178,4
5179,1
5180,2
5181,7
5182,133
5183,2
5184,5
5185,1
5186,2
5187,2
5188,35
5189,4
5190,2
5191,11
5192,4
5193,2
5194,5
5195,10
5196,1
5197,5
5198,12
5199,8
5200,1
5201,10
5202,2
5203,7
5204,12
5205,8
5206,3
5207,4
5208,10
5209,7
5210,6
5211,3
5212,5
5213,4
5214,1
5215,1
5216,26
5217,1
5218,7
5219,20
5220,2
5221,5
5222,2
5223,7
5224,7
5225,2
5226,2
5227,1
5228,8
5229,1
5230,1
5231,6
5232,1
5233,3
5234,8
5235,2
5236,3
5237,2
5238,3
5239,1
5240,2
5241,2
5242,9
5243,14
5244,1
5245,3
5246,2
5247,6
5248,3
5249,4
5250,1
5251,1
5252,24
5253,2
5254,5
5255,2
5256,2
5257,1
5258,2
5259,3
5260,15
5261,6
5262,4
5263,27
5264,4
5265,1
5266,1
5267,2
5268,23
5269,7
5270,4
5271,6
5272,800513
5273,12
5274,7
5275,17
5276,10
5277,2
5278,3
5279,4
5280,1
5281,5
5282,8
5283,8
5284,1
5285,2
5286,2
5287,81
5288,6
5289,8
5290,7
5291,2
5292,5
5293,31
5294,36
5295,1
5296,5
5297,2
5298,2
5299,1
5300,70
5301,1
5302,21
5303,2
5304,1
5305,7
5306,6
5307,1
5308,3
5309,16
5310,5
5311,3
5312,2
5313,6
5314,1
5315,18
5316,1
5317,105
5318,4
5319,4
5320,1
5321,2
5322,10
5323,27
5324,56
5325,4
5326,1
5327,6
5328,4
5329,1
5330,2
5331,2
5332,1
5333,6
5334,1
5335,23
5336,66
5337,2
5338,3
5339,20
5340,3
5341,3
5342,8
5343,3
5344,1
5345,2
5346,1
5347,5
5348,2
5349,5
5350,7
5351,78
5352,2
5353,15
5354,8
5355,1
5356,1
5357,4
5358,3
5359,57
5360,14
5361,11
5362,1
5363,40
5364,12
5365,1
5366,6
5367,1
5368,3
5369,4
5370,1
5371,3
5372,2
5373,2
5374,13
5375,2
5376,2
5377,1
5378,12
5379,5
5380,15
5381,2
5382,4
5383,3
5384,4
5385,6
5386,1
5387,8
5388,3
5389,9
5390,2
5391,1
5392,11673
5393,4
5394,3
5395,1
5396,42
5397,2
5398,235
5399,40
5400,1
5401,3
5402,6
5403,2
5404,13
5405,56
5406,9
5407,5
5408,6
5409,3
5410,13
5411,6
5412,2
5413,7
5414,12
5415,3
5416,1
5417,10
5418,6
5419,1
5420,4
5421,2
5422,9
5423,4
5424,1
5425,3
5426,14
5427,1
5428,7
5429,12
5430,1
5431,1
5432,2
5433,4
5434,1
5435,2
5436,3
5437,25
5438,2
5439,5
5440,5
5441,18
5442,1
5443,3
5444,4
5445,1
5446,1
5447,2
5448,6
5449,3
5450,2
5451,2
5452,1
5453,6
5454,5
5455,1
5456,6
5457,8
5458,15
5459,28
5460,2
5461,7
5462,6
5463,2
5464,3
5465,2
5466,2
5467,5
5468,2
5469,1
5470,1
5471,14
5472,5
5473,3
5474,4
5475,1
5476,19
5477,4
5478,2
5479,1
5480,4
5481,5
5482,49
5483,12
5484,4
5485,5
5486,2
5487,1
5488,19
5489,28
5490,1
5491,7
5492,26
5493,3
5494,1
5495,10
5496,10
5497,1
5498,2
5499,3
5500,11
5501,2
5502,1
5503,19
5504,24
5505,4
5506,5
5507,2
5508,2
5509,3
5510,2
5511,3
5512,5
5513,2
5514,1
5515,3
5516,2
5517,2
5518,387
5519,8
5520,2
5521,13
5522,12
5523,2
5524,1
5525,10
5526,3
5527,45
5528,2
5529,1
5530,1
5531,2
5532,6
5533,3
5534,8
5535,1
5536,1
5537,2
5538,4
5539,7
5540,2
5541,9
5542,1
5543,2
5544,1
5545,11
5546,10
5547,1
5548,3
5549,12
5550,4
5551,7
5552,14
5553,16
5554,7
5555,6
5556,5
5557,1
5558,66
5559,1
5560,1
5561,18
5562,2
5563,55
5564,48
5565,2
5566,1
5567,4
5568,2
5569,5
5570,2
5571,2
5572,17
5573,2
5574,13
5575,1
5576,2
5577,2
5578,3
5579,12
5580,1
5581,1
5582,8
5583,8
5584,7
5585,8
5586,1
5587,1
5588,10
5589,1
5590,15
5591,6
5592,2
5593,7
5594,20
5595,4
5596,15
5597,380
5598,2
5599,1
5600,4
5601,10
5602,61
5603,6
5604,5
5605,3
5606,6
5607,1
5608,47
5609,40
5610,3
5611,3
5612,2
5613,6
5614,13
5615,4
5616,3
5617,5
5618,8
5619,5
5620,1
5621,2
5622,1
5623,3
5624,4
5625,5
5626,1
5627,4
5628,2
5629,1
5630,18
5631,1
5632,17
5633,2
5634,5
5635,9
5636,2
5637,1
5638,7
5639,12
5640,1
5641,3
5642,2
5643,2
5644,1
5645,6
5646,54
5647,9
5648,8
5649,3
5650,1
5651,6
5652,6
5653,171
5654,32
5655,2
5656,1
5657,4
5658,3
5659,1
5660,2
5661,1
5662,5
5663,2
5664,7
5665,1
5666,14
5667,14
5668,3
5669,4
5670,2
5671,13
5672,66
5673,2
5674,9
5675,2
5676,1
5677,1
5678,4
5679,4
5680,3
5681,30
5682,2
5683,27
5684,12
5685,1
5686,7
5687,6
5688,2
5689,5
5690,20
5691,5
5692,1
5693,22
5694,7
5695,5
5696,2
5697,1
5698,11
5699,4
5700,1
5701,5
5702,2
5703,2
5704,3
5705,6
5706,1
5707,73
5708,14
5709,5
5710,7
5711,30
5712,1
5713,11
5714,4
5715,2
5716,9
5717,10
5718,2
5719,1
5720,10
5721,3
5722,1
5723,14
5724,1
5725,7
5726,6
5727,2
5728,3
5729,12
5730,9
5731,11
5732,4
5733,3
5734,1
5735,16
5736,1
5737,105
5738,4
5739,4
5740,23
5741,2
5742,1
5743,3
5744,24
5745,1
5746,1
5747,4
5748,4
5749,1
5750,20
5751,2
5752,1
5753,2
5754,7
5755,7
5756,10
5757,2
5758,23
5759,4
5760,1
5761,5
5762,10
5763,3
5764,1
5765,2
5766,2
5767,13
5768,2
5769,5
5770,99
5771,14
5772,2
5773,3
5774,4
5775,1
5776,1
5777,4
5778,6
5779,11
5780,4
5781,6
5782,29
5783,2
5784,3
5785,3
5786,2
5787,5
5788,131
5789,4
5790,1
5791,3
5792,2
5793,24
5794,1
5795,6
5796,9
5797,1
5798,4
5799,1
5800,3
5801,2
5802,4
5803,7
5804,4
5805,3
5806,3
5807,2
5808,4
5809,1
5810,4
5811,1
5812,33
5813,2
5814,3
5815,11
5816,6
5817,1
5818,11
5819,4
5820,2
5821,3
5822,4
5823,2
5824,3
5825,4
5826,7
5827,25
5828,2
5829,1
5830,3
5831,6
5832,2
5833,3
5834,64
5835,2
5836,3
5837,6
5838,3
5839,1
5840,16
5841,1
5842,9
5843,2
5844,3
5845,1
5846,10
5847,9
5848,11
5849,108
5850,1
5851,1
5852,48
5853,7
5854,3
5855,6
5856,6
5857,5
5858,2
5859,1
5860,1
5861,6
5862,2
5863,111
5864,16
5865,2
5866,1
5867,4
5868,4
5869,17
5870,8
5871,5
5872,1
5873,4
5874,4
5875,19
5876,6
5877,6
5878,7
5879,4
5880,4
5881,47
5882,4
5883,2
5884,11
5885,2
5886,3
5887,13
5888,4
5889,1
5890,1
5891,2
5892,1
5893,3
5894,12
5895,1
5896,57
5897,4
5898,6
5899,5
5900,2
5901,1
5902,5
5903,4
5904,1
5905,33
5906,2
5907,1
5908,111
5909,4
5910,3
5911,1
5912,104
5913,3
5914,1
5915,6
5916,1
5917,1
5918,2
5919,3
5920,1
5921,110
5922,2
5923,55
5924,276
5925,5
5926,3
5927,8
5928,4
5929,3
5930,2
5931,7
5932,1
5933,14
5934,1
5935,27
5936,2
5937,2
5938,7
5939,12
5940,8
5941,3
5942,2
5943,3
5944,1
5945,12
5946,5
5947,9
5948,10
5949,1
5950,3
5951,994
5952,1
5953,3
5954,8
5955,1
5956,5
5957,2
5958,2
5959,85
5960,6
5961,117
5962,1
5963,6
5964,1
5965,23
5966,10
5967,1
5968,3
5969,28
5970,1
5971,1
5972,2
5973,6
5974,3
5975,2
5976,3
5977,1
5978,2
5979,8
5980,1
5981,10
5982,6
5983,7
5984,12
5985,1
5986,1
5987,4
5988,3
5989,3
5990,8
5991,1
5992,9
5993,2
5994,1
5995,7
5996,14
5997,5
5998,19
5999,20
6000,5
6001,7
6002,2
6003,3
6004,1
6005,2
6006,1
6007,13
6008,10
6009,7
6010,3
6011,2
6012,5
6013,7
6014,4
6015,3
6016,7
6017,6
6018,2
6019,1
6020,6
6021,1
6022,1
6023,2
6024,5
6025,1
6026,2
6027,2
6028,7
6029,24
6030,3
6031,3
6032,6
6033,4
6034,3
6035,16
6036,1
6037,1
6038,2
6039,3
6040,11
6041,34
6042,4
6043,27
6044,4
6045,2
6046,9
6047,6
6048,3
6049,1
6050,4
6051,1
6052,5
6053,4
6054,1
6055,1
6056,2
6057,1
6058,3
6059,428
6060,1
6061,3
6062,2
6063,2
6064,9
6065,4
6066,3
6067,13
6068,6
6069,4
6070,5
6071,18
6072,1
6073,2967
6074,12
6075,1
6076,5
6077,4
6078,3
6079,1
6080,20
6081,1
6082,1
6083,4
6084,5
6085,3
6086,14
6087,6
6088,19
6089,4
6090,2
6091,5
6092,12
6093,2
6094,3
6095,2
6096,3
6097,5
6098,2
6099,1
6100,3
6101,6
6102,1
6103,3
6104,52
6105,2
6106,1
6107,4
6108,11
6109,3
6110,2
6111,2
6112,221
6113,6
6114,1
6115,11
6116,14
6117,4
6118,15
6119,4544
6120,1
6121,1
6122,32
6123,4
6124,3
6125,2
6126,1
6127,1
6128,4
6129,3
6130,5
6131,6
6132,1
6133,23
6134,4
6135,1
6136,15
6137,2
6138,2
6139,1
6140,8
6141,1
6142,5
6143,2
6144,7
6145,1
6146,30
6147,10
6148,19
6149,16
6150,3
6151,1
6152,6
6153,2
6154,5
6155,4
6156,2
6157,5
6158,2
6159,4
6160,3
6161,22
6162,1
6163,7
6164,20
6165,1
6166,5
6167,12
6168,2
6169,7
6170,6
6171,2
6172,1
6173,2
6174,1
6175,5
6176,10
6177,8
6178,71
6179,24
6180,5
6181,11
6182,4
6183,3
6184,5
6185,8
6186,9
6187,1
6188,6
6189,1
6190,1
6191,2
6192,2
6193,7
6194,4
6195,3
6196,1
6197,70
6198,7
6199,9
6200,2
6201,1
6202,5
6203,14
6204,7
6205,1
6206,6
6207,1
6208,3
6209,8
6210,5
6211,1
6212,2
6213,2
6214,3
6215,2
6216,3
6217,1
6218,4
6219,1
6220,5
6221,6
6222,4
6223,3
6224,16
6225,7
6226,1
6227,2
6228,3
6229,1
6230,2
6231,2
6232,13
6233,8
6234,3
6235,7
6236,2
6237,1
6238,67
6239,4
6240,1
6241,3
6242,2
6243,2
6244,1
6245,2
6246,1
6247,9
6248,6
6249,1
6250,3
6251,30
6252,1
6253,3
6254,8
6255,5
6256,1
6257,12
6258,2
6259,1
6260,16
6261,3
6262,5
6263,4
6264,1
6265,3
6266,10
6267,4
6268,55
6269,24
6270,1
6271,1
6272,2
6273,8
6274,1
6275,8
6276,3
6277,1
6278,2
6279,3
6280,49
6281,22
6282,2
6283,3
6284,8
6285,1
6286,3
6287,2
6288,10
6289,1
6290,6
6291,2
6292,1
6293,2
6294,4
6295,1
6296,2
6297,14
6298,3
6299,28
6300,4
6301,1
6302,6
6303,3
6304,11
6305,2
6306,1
6307,1
6308,4
6309,4
6310,1
6311,2
6312,2
6313,3
6314,44
6315,8
6316,3
6317,16
6318,3
6319,1
6320,4
6321,1
6322,53
6323,6
6324,1
6325,3
6326,2
6327,1
6328,7
6329,116
6330,1
6331,3
6332,6
6333,12
6334,3
6335,2
6336,1
6337,9
6338,10
6339,48
6340,5
6341,10
6342,2
6343,107
6344,4
6345,1
6346,3
6347,6
6348,2
6349,1
6350,4
6351,10
6352,1
6353,2
6354,4
6355,3
6356,2
6357,1
6358,51
6359,404
6360,2
6361,1
6362,2
6363,4
6364,17
6365,4
6366,2
6367,21
6368,2
6369,3
6370,1
6371,38
6372,1
6373,47
6374,32
6375,4
6376,15
6377,4
6378,8
6379,1
6380,4
6381,2
6382,1
6383,8
6384,3
6385,5
6386,6
6387,4
6388,11
6389,8
6390,6
6391,1
6392,14
6393,7
6394,3
6395,2
6396,1
6397,45
6398,4
6399,31
6400,1
6401,2
6402,12
6403,7
6404,12
6405,1
6406,19
6407,10
6408,3
6409,75
6410,2
6411,1
6412,1
6413,4
6414,7
6415,1
6416,6
6417,2
6418,3
6419,36
6420,2
6421,1
6422,6
6423,3
6424,9
6425,14
6426,2
6427,1
6428,82
6429,3
6430,3
6431,6
6432,4
6433,23
6434,28
6435,3
6436,3
6437,2
6438,3
6439,3
6440,2
6441,2
6442,477
6443,2
6444,3
6445,1
6446,14
6447,1
6448,7
6449,4
6450,1
6451,3
6452,4
6453,7
6454,1
6455,2
6456,1
6457,5
6458,12
6459,1
6460,1
6461,42
6462,1
6463,79
6464,4
6465,3
6466,5
6467,2
6468,6
6469,29
6470,12
6471,1
6472,9
6473,4
6474,4
6475,5
6476,2
6477,1
6478,263
6479,8
6480,1
6481,11
6482,16
6483,2
6484,1
6485,2
6486,2
6487,1
6488,2
6489,7
6490,1
6491,54
6492,1
6493,15
6494,4
6495,4
6496,17
6497,4
6498,4
6499,3
6500,2
6501,1
6502,1
6503,4
6504,1
6505,1
6506,30
6507,5
6508,7
6509,8
6510,5
6511,19
6512,178
6513,3
6514,11
6515,4
6516,3
6517,1
6518,4
6519,1
6520,11
6521,2
6522,1
6523,3
6524,4
6525,1
6526,7
6527,2
6528,2
6529,5
6530,2
6531,5
6532,1
6533,4
6534,4
6535,15
6536,6
6537,10
6538,7
6539,4
6540,4
6541,5
6542,18
6543,2
6544,7
6545,12
6546,2
6547,1
6548,26
6549,3
6550,1
6551,2
6552,1
6553,23
6554,60
6555,1
6556,15
6557,2
6558,6
6559,5
6560,4
6561,1
6562,5
6563,2
6564,1
6565,7
6566,2
6567,2
6568,3
6569,12
6570,6
6571,3
6572,10
6573,3
6574,1
6575,4
6576,1
6577,9
6578,10
6579,3
6580,1
6581,10
6582,1
6583,7
6584,8
6585,2
6586,1
6587,2
6588,4
6589,1
6590,8
6591,3
6592,1
6593,2
6594,1
6595,5
6596,46
6597,2
6598,3
6599,8
6600,2
6601,3
6602,2
6603,7
6604,17
6605,110
6606,2
6607,9
6608,2
6609,1
6610,1
6611,6
6612,5
6613,3
6614,44
6615,1
6616,5
6617,4
6618,7
6619,3
6620,2
6621,1
6622,13
6623,4
6624,4
6625,1
6626,14
6627,4
6628,7
6629,24
6630,1
6631,3
6632,50
6633,18
6634,1
6635,2
6636,3
6637,5
6638,4
6639,5
6640,5
6641,22
6642,9
6643,7
6644,4
6645,4
6646,1
6647,18
6648,2
6649,1
6650,28
6651,7
6652,9
6653,6
6654,3
6655,1
6656,14
6657,1
6658,1243
6659,4
6660,3
6661,9
6662,2
6663,19
6664,1
6665,10
6666,1
6667,21
6668,26
6669,1
6670,1
6671,2
6672,2
6673,559
6674,4
6675,2
6676,3
6677,6
6678,2
6679,5
6680,34
6681,2
6682,213
6683,2
6684,1
6685,3
6686,482
6687,6
6688,3
6689,8
6690,2
6691,1
6692,4
6693,7
6694,3
6695,4
6696,2
6697,57
6698,6
6699,1
6700,1
6701,6
6702,5
6703,3
6704,20
6705,3
6706,1
6707,8
6708,7
6709,1
6710,2
6711,1
6712,5
6713,6
6714,17
6715,3
6716,2
6717,5
6718,15
6719,8
6720,2
6721,1
6722,16
6723,2
6724,3
6725,4
6726,1
6727,17
6728,4
6729,1
6730,5
6731,6
6732,1
6733,7
6734,8
6735,1
6736,3
6737,2
6738,2
6739,1
6740,2
6741,3
6742,29
6743,10
6744,1
6745,3
6746,14
6747,2
6748,7
6749,8
6750,1
6751,9
6752,8
6753,2
6754,5
6755,4
6756,13
6757,1
6758,2
6759,8
6760,5
6761,2
6762,1
6763,43
6764,4
6765,2
6766,23
6767,2
6768,4
6769,1
6770,20
6771,3
6772,5
6773,2
6774,8
6775,13
6776,2
6777,1
6778,91
6779,4
6780,9
6781,5
6782,2
6783,6
6784,1
6785,12
6786,2
6787,17
6788,6
6789,1
6790,3
6791,22
6792,13
6793,67
6794,120
6795,2
6796,1
6797,4
6798,2
6799,1
6800,4
6801,6
6802,9
6803,2
6804,4
6805,25
6806,6
6807,1
6808,11
6809,4
6810,1
6811,87
6812,4
6813,3
6814,1
6815,2
6816,5
6817,1
6818,2
6819,4
6820,3
6821,2
6822,6
6823,3
6824,12
6825,1
6826,7
6827,18
6828,3
6829,3
6830,4
6831,3
6832,5
6833,8
6834,15
6835,1
6836,14
6837,4
6838,7
6839,4
6840,1
6841,1
6842,2
6843,35
6844,1
6845,4
6846,1
6847,1
6848,4
6849,1
6850,3
6851,10
6852,2
6853,27
6854,4
6855,1
6856,1
6857,2
6858,2
6859,139
6860,14
6861,1
6862,1
6863,4
6864,5
6865,1
6866,10
6867,9
6868,7
6869,4
6870,2
6871,5
6872,2
6873,3
6874,9
6875,40
6876,1
6877,5
6878,8
6879,1
6880,1
6881,6
6882,1
6883,39
6884,1032
6885,2
6886,5
6887,16
6888,2
6889,5
6890,6
6891,1
6892,5
6893,10
6894,12
6895,1
6896,2
6897,10
6898,7
6899,12
6900,1
6901,3
6902,4
6903,2
6904,1
6905,4
6906,11
6907,21
6908,2
6909,4
6910,17
6911,10
6912,2
6913,11
6914,4
6915,1
6916,1
6917,22
6918,3
6919,3
6920,6
6921,1
6922,41
6923,2
6924,5
6925,3
6926,6
6927,14
6928,23
6929,4
6930,1
6931,89
6932,12
6933,4
6934,21
6935,2
6936,2
6937,1
6938,2
6939,1
6940,1
6941,2
6942,1
6943,31
6944,4
6945,2
6946,7
6947,6
6948,2
6949,5
6950,2
6951,1
6952,1
6953,18
6954,1
6955,3
6956,2
6957,1
6958,3
6959,8
6960,9
6961,1
6962,2
6963,2
6964,3
6965,4
6966,1
6967,1
6968,4
6969,5
6970,7
6971,2
6972,5
6973,23
6974,12
6975,3
6976,3
6977,10
6978,3
6979,11
6980,2
6981,7
6982,1
6983,6
6984,1
6985,9
6986,2
6987,2
6988,3
6989,20
6990,5
6991,3
6992,2
6993,19
6994,7
6995,4
6996,2
6997,5
6998,8
6999,1
7000,1
7001,14
7002,4
7003,11
7004,8
7005,1
7006,1
7007,2
7008,2
7009,21
7010,36
7011,3
7012,9
7013,2
7014,4
7015,1
7016,10
7017,1
7018,11
7019,4
7020,11
7021,3
7022,2
7023,10
7024,9
7025,2
7026,1
7027,5
7028,2
7029,1
7030,3
7031,2
7032,5
7033,3
7034,4
7035,4
7036,1
7037,6
7038,2
7039,3
7040,8
7041,1
7042,1
7043,4
7044,1
7045,3
7046,2
7047,5
7048,3
7049,76
7050,4
7051,9
7052,4
7053,2
7054,1
7055,2
7056,9
7057,25
7058,4
7059,9
7060,3
7061,6
7062,5
7063,3
7064,4
7065,3
7066,3
7067,14
7068,3
7069,9
7070,2
7071,2
7072,1
7073,4
7074,3
7075,1
7076,74
7077,1
7078,11
7079,12
7080,1
7081,11
7082,6
7083,3
7084,3
7085,4
7086,3
7087,1
7088,2
7089,1
7090,19
7091,6
7092,5
7093,15
7094,8
7095,6
7096,3
7097,2
7098,3
7099,1
7100,12
7101,2
7102,21
7103,2
7104,1
7105,11
7106,22
7107,6
7108,27
7109,20
7110,2
7111,1
7112,2
7113,8
7114,3
7115,18
7116,2
7117,5
7118,8
7119,3
7120,7
7121,10
7122,1
7123,3
7124,4
7125,1
7126,1
7127,4
7128,39
7129,5
7130,42
7131,3
7132,5
7133,8
7134,4
7135,7
7136,14
7137,2
7138,39
7139,8
7140,2
7141,1
7142,6
7143,2
7144,17
7145,2
7146,9
7147,1
7148,2
7149,3
7150,5
7151,2
7152,1
7153,3
7154,12
7155,2
7156,13
7157,2
7158,2
7159,3
7160,6
7161,1
7162,1
7163,78
7164,1
7165,39
7166,2
7167,4
7168,7
7169,8
7170,6
7171,1
7172,2
7173,3
7174,1
7175,4
7176,2
7177,9
7178,2
7179,5
7180,5
7181,2
7182,6
7183,7
7184,108
7185,1
7186,3
7187,12
7188,2
7189,5
7190,2
7191,3
7192,5
7193,2
7194,1
7195,1
7196,6
7197,4
7198,27
7199,4
7200,18
7201,1
7202,2
7203,6
7204,1
7205,4
7206,1
7207,53
7208,4
7209,4
7210,1
7211,2
7212,1
7213,15
7214,48
7215,2
7216,1
7217,2
7218,2
7219,1
7220,2
7221,11
7222,65
7223,6
7224,1
7225,1
7226,30
7227,4
7228,1367
7229,4
7230,3
7231,1
7232,2
7233,4
7234,39
7235,8
7236,5
7237,9
7238,4
7239,4
7240,1
7241,10
7242,14
7243,3
7244,4
7245,1
7246,5
7247,6
7248,7
7249,3
7250,8
7251,10
7252,1
7253,4
7254,3
7255,13
7256,2
7257,2
7258,7
7259,8
7260,1
7261,43
7262,4
7263,8
7264,3
7265,2
7266,2
7267,1
7268,6
7269,1
7270,17
7271,158
7272,1
7273,15
7274,16
7275,1
7276,1
7277,18
7278,4
7279,1
7280,16
7281,1
7282,1
7283,2
7284,3
7285,13
7286,6
7287,2
7288,7
7289,180
7290,4
7291,33
7292,2
7293,4
7294,5
7295,2
7296,1
7297,1
7298,2
7299,3
7300,5
7301,178
7302,2
7303,31
7304,8
7305,3
7306,7
7307,4
7308,2
7309,37
7310,4
7311,1
7312,5
7313,2
7314,1
7315,1
7316,22
7317,1
7318,3
7319,20
7320,1
7321,3
7322,2
7323,4
7324,13
7325,10
7326,2
7327,1
7328,2
7329,1
7330,11
7331,34
7332,2
7333,47
7334,8
7335,1
7336,3
7337,2
7338,6
7339,3
7340,56
7341,2
7342,1
7343,8
7344,4
7345,9
7346,2
7347,2
7348,7
7349,8
7350,1
7351,5
7352,16
7353,2
7354,3
7355,4
7356,2
7357,1
7358,4
7359,1
7360,5
7361,2
7362,1
7363,115
7364,8
7365,4
7366,1
7367,6
7368,3
7369,1
7370,36
7371,1
7372,17
7373,6
7374,1
7375,9
7376,6
7377,1
7378,3
7379,28
7380,1
7381,9
7382,2
7383,2
7384,1
7385,6
7386,1
7387,13
7388,6
7389,11
7390,1
7391,14
7392,1
7393,55
7394,40
7395,3
7396,3
7397,2
7398,3
7399,1
7400,2
7401,3
7402,13
7403,2
7404,4
7405,3
7406,38
7407,1
7408,3
7409,4
7410,8
7411,1
7412,12
7413,11
7414,1
7415,18
7416,1
7417,5
7418,2
7419,3
7420,3
7421,2
7422,1
7423,23
7424,8
7425,3
7426,1
7427,4
7428,7
7429,9
7430,14
7431,2
7432,9
7433,4
7434,1
7435,1
7436,6
7437,9
7438,123
7439,28
7440,1
7441,9
7442,56
7443,4
7444,1
7445,6
7446,1
7447,21
7448,24
7449,1
7450,27
7451,2
7452,5
7453,7
7454,8
7455,2
7456,5
7457,4
7458,3
7459,3
7460,4
7461,9
7462,1
7463,2
7464,7
7465,1
7466,2
7467,2
7468,3
7469,4
7470,1
7471,15
7472,4
7473,6
7474,1
7475,6
7476,1
7477,5
7478,28
7479,1
7480,17
7481,34
7482,2
7483,3
7484,32
7485,1
7486,3
7487,2
7488,6
7489,11
7490,2
7491,5
7492,1
7493,20
7494,3
7495,9
7496,2
7497,8
7498,35
7499,4
7500,3
7501,17
7502,22
7503,2
7504,47
7505,4
7506,6
7507,1
7508,8
7509,1
7510,5
7511,82
7512,2
7513,3
7514,4
7515,2
7516,1
7517,6
7518,2
7519,5
7520,4
7521,3
7522,809
7523,2
7524,4
7525,11
7526,2
7527,1
7528,3
7529,132
7530,2
7531,1
7532,4
7533,8
7534,3
7535,2
7536,9
7537,1
7538,4
7539,1
7540,19
7541,18
7542,1
7543,3
7544,20
7545,7
7546,1
7547,2
7548,3
7549,5
7550,1296
7551,1
7552,5
7553,2
7554,1
7555,9
7556,2
7557,5
7558,95
7559,4
7560,5
7561,1
7562,10
7563,4
7564,9
7565,2
7566,1
7567,93
7568,2
7569,1
7570,1
7571,6
7572,4
7573,7
7574,12
7575,1
7576,3
7577,2
7578,3
7579,3
7580,2
7581,1
7582,29
7583,4
7584,4
7585,3
7586,18
7587,1
7588,3
7589,20
7590,3
7591,3
7592,2
7593,4
7594,1
7595,14
7596,14
7597,1
7598,2
7599,5
7600,1
7601,2
7602,4
7603,215
7604,60
7605,7
7606,5
7607,2
7608,2
7609,1
7610,20
7611,3
7612,5
7613,8
7614,1
7615,3
7616,6
7617,1
7618,3
7619,8
7620,5
7621,1
7622,4
7623,2
7624,11
7625,54
7626,3
7627,9
7628,8
7629,3
7630,1
7631,34
7632,1
7633,7
7634,40380
7635,1
7636,1
7637,8
7638,4
7639,1
7640,2
7641,11
7642,69
7643,26
7644,1
7645,1
7646,6
7647,5
7648,87
7649,56
7650,1
7651,7
7652,10
7653,3
7654,1
7655,18
7656,15
7657,1
7658,2
7659,5
7660,1
7661,2
7662,5
7663,219
7664,8
7665,1
7666,1
7667,10
7668,2
7669,5
7670,4
7671,5
7672,17
7673,58
7674,7
7675,1
7676,2
7677,2
7678,7
7679,56
7680,1
7681,1
7682,2
7683,3
7684,3
7685,12
7686,3
7687,1
7688,4
7689,1
7690,3
7691,2
7692,1
7693,3
7694,44
7695,3
7696,1
7697,8
7698,3
7699,7
7700,6
7701,1
7702,193
7703,8
7704,3
7705,7
7706,10
7707,1
7708,275
7709,52
7710,2
7711,3
7712,6
7713,2
7714,1
7715,2
7716,10
7717,17
7718,2
7719,3
7720,1
7721,22
7722,1
7723,31
7724,4
7725,11
7726,1
7727,4
7728,2
7729,19
7730,6
7731,1
7732,21
7733,2
7734,1
7735,3
7736,14
7737,1
7738,7
7739,24
7740,6
7741,3
7742,32
7743,2
7744,15
7745,6
7746,2
7747,1
7748,12
7749,1
7750,5
7751,6
7752,5
7753,143
7754,12
7755,2
7756,1
7757,8
7758,6
7759,3
7760,2
7761,5
7762,9
7763,2
7764,1
7765,3
7766,2
7767,5
7768,3
7769,4
7770,2
7771,1
7772,4
7773,2
7774,3
7775,20
7776,1
7777,9
7778,4
7779,12
7780,1
7781,2
7782,14
7783,35
7784,4
7785,1
7786,9
7787,2
7788,2
7789,3
7790,2
7791,1
7792,1
7793,10
7794,3
7795,5
7796,2
7797,5
7798,3
7799,4
7800,4
7801,1
7802,6
7803,3
7804,1
7805,2
7806,2
7807,45
7808,2
7809,8
7810,1
7811,6
7812,2
7813,23
7814,136
7815,1
7816,9
7817,2
7818,2
7819,23
7820,4
7821,1
7822,1
7823,6
7824,1
7825,1
7826,18
7827,2
7828,7
7829,16
7830,2
7831,1
7832,2
7833,7
7834,1
7835,10
7836,1
7837,81
7838,4
7839,4
7840,1
7841,50
7842,1
7843,3
7844,8
7845,2
7846,5
7847,2
7848,2
7849,3
7850,12
7851,5
7852,5
7853,6
7854,9
7855,5
7856,42
7857,4
7858,11
7859,4
7860,5
7861,19
7862,4
7863,3
7864,1
7865,6
7866,1
7867,1
7868,4
7869,1
7870,1
7871,6
7872,5
7873,3
7874,12
7875,1
7876,95
7877,4
7878,2
7879,3
7880,4
7881,1
7882,5
7883,2
7884,1
7885,3
7886,2
7887,1
7888,3
7889,4
7890,14
7891,3
7892,2
7893,18
7894,1
7895,6
7896,1
7897,13
7898,16
7899,1
7900,3
7901,6
7902,1
7903,7
7904,128
7905,1
7906,3
7907,2
7908,12
7909,1
7910,32
7911,2
7912,1
7913,26
7914,3
7915,9
7916,2
7917,2
7918,7
7919,4
7920,4
7921,3
7922,2
7923,6
7924,3
7925,2
7926,9
7927,21
7928,8
7929,9
7930,1
7931,2
7932,2
7933,3
7934,4
7935,5
7936,3
7937,12
7938,2
7939,1
7940,6
7941,1
7942,29
7943,2
7944,1
7945,1
7946,22
7947,25
7948,635
7949,368
7950,2
7951,1
7952,14
7953,4
7954,1
7955,8
7956,3
7957,1
7958,8
7959,3
7960,1
7961,18
7962,1
7963,3
7964,4
7965,2
7966,3
7967,34
7968,3
7969,1
7970,6
7971,2
7972,13
7973,2
7974,4
7975,3
7976,6
7977,2
7978,3
7979,4
7980,1
7981,23
7982,4
7983,3
7984,5
7985,6
7986,1
7987,1
7988,4
7989,7
7990,5
7991,2
7992,5
7993,15
7994,8
7995,5
7996,1
7997,4
7998,2
7999,7
8000,38
8001,1
8002,17
8003,4
8004,1
8005,9
8006,50
8007,2
8008,3
8009,152
8010,4
8011,7
8012,6
8013,2
8014,37
8015,2
8016,2
8017,1
8018,4
8019,3
8020,5
8021,2
8022,4
8023,7
8024,12
8025,2
8026,5
8027,4
8028,3
8029,1
8030,2
8031,1
8032,1
8033,26
8034,1
8035,1
8036,2
8037,1
8038,3
8039,268
8040,2
8041,3
8042,52
8043,6
8044,1
8045,34
8046,1
8047,5
8048,2
8049,1
8050,3
8051,2
8052,1
8053,11
8054,36
8055,3
8056,1
8057,22
8058,7
8059,19
8060,4
8061,9
8062,57
8063,2
8064,1
8065,7
8066,6
8067,5
8068,23
8069,8
8070,1
8071,1
8072,20
8073,7
8074,3
8075,2
8076,2
8077,33
8078,6
8079,4
8080,7
8081,2
8082,2
8083,3
8084,8
8085,3
8086,7
8087,58
8088,7
8089,5
8090,2
8091,2
8092,1
8093,2
8094,1
8095,1
8096,66
8097,1
8098,3
8099,8
8100,7
8101,13
8102,4
8103,2
8104,13
8105,20
8106,2
8107,17
8108,6
8109,1
8110,3
8111,2
8112,1
8113,7
8114,80
8115,1
8116,1
8117,2
8118,4
8119,3
8120,2
8121,11
8122,61
8123,2
8124,5
8125,1
8126,2
8127,1
8128,19
8129,16
8130,4
8131,5
8132,6
8133,2
8134,1
8135,10
8136,6
8137,1
8138,12
8139,3
8140,3
8141,2
8142,5
8143,235
8144,4
8145,2
8146,3
8147,2
8148,3
8149,19
8150,4
8151,1
8152,5
8153,2
8154,9
8155,3
8156,22
8157,6
8158,39
8159,8
8160,1
8161,3
8162,2
8163,8
8164,15
8165,4
8166,3
8167,1
8168,4
8169,5
8170,1
8171,6
8172,2
8173,11
8174,4
8175,1
8176,3
8177,2
8178,3
8179,9
8180,2
8181,1
8182,1
8183,4
8184,5
8185,1
8186,6
8187,5
8188,7
8189,4
8190,3
8191,1
8192,4
8193,2
8194,3
8195,2
8196,2
8197,5
8198,8
8199,7
8200,3
8201,2
8202,4
8203,15
8204,16
8205,7
8206,1
8207,4
8208,2
8209,1
8210,2
8211,1
8212,5
8213,12
8214,1
8215,3
8216,22
8217,1
8218,7
8219,64
8220,4
8221,5
8222,2
8223,6
8224,1
8225,10
8226,1
8227,1
8228,2
8229,3
8230,3
8231,14
8232,4
8233,11
8234,4
8235,2
8236,33
8237,82
8238,8
8239,1
8240,4
8241,1
8242,29
8243,2
8244,1
8245,7
8246,2
8247,1
8248,3
8249,16
8250,2
8251,5
8252,6
8253,4
8254,5
8255,12
8256,2
8257,89
8258,6
8259,3
8260,1
8261,10
8262,18
8263,3
8264,48
8265,1
8266,9
8267,8
8268,2
8269,13
8270,8
8271,2
8272,9
8273,2
8274,1
8275,17
8276,10
8277,1
8278,59
8279,12
8280,2
8281,1
8282,4
8283,4
8284,1
8285,26
8286,5
8287,1
8288,2
8289,4
8290,9
8291,34
8292,20
8293,3
8294,8
8295,2
8296,5
8297,4
8298,2
8299,5
8300,2
8301,2
8302,1
8303,2
8304,1
8305,7
8306,2
8307,4
8308,3
8309,56
8310,1
8311,13
8312,2
8313,11
8314,5
8315,4
8316,1
8317,1
8318,4
8319,4
8320,5
8321,14
8322,2
8323,7
8324,4
8325,1
8326,1
8327,12
8328,2
8329,1
8330,4
8331,1
8332,33
8333,2
8334,5
8335,5
8336,2
8337,1
8338,7
8339,132
8340,2
8341,11
8342,6
8343,7
8344,3
8345,4
8346,1
8347,1
8348,2
8349,3
8350,1
8351,2
8352,1
8353,7
8354,8
8355,8
8356,5
8357,2
8358,3
8359,7
8360,16
8361,5
8362,41
8363,16
8364,5
8365,1
8366,10
8367,6
8368,3
8369,8
8370,2
8371,1
8372,2
8373,4
8374,1
8375,4
8376,2
8377,5
8378,4
8379,8
8380,1
8381,10
8382,1
8383,11
8384,8
8385,3
8386,9
8387,2
8388,3
8389,7
8390,8
8391,2
8392,9
8393,4
8394,1
8395,7
8396,6
8397,2
8398,11
8399,28
8400,2
8401,11
8402,12
8403,12
8404,3
8405,2
8406,1
8407,5
8408,10
8409,3
8410,15
8411,6
8412,1
8413,127
8414,4368
8415,1
8416,1
8417,14
8418,3
8419,19
8420,2
8421,6
8422,1
8423,12
8424,3
8425,3
8426,2
8427,5
8428,11
8429,8
8430,9
8431,3
8432,8
8433,6
8434,5
8435,2
8436,1
8437,9
8438,2
8439,3
8440,1
8441,14
8442,1
8443,83
8444,28
8445,1
8446,3
8447,4
8448,2
8449,9
8450,14
8451,1
8452,1
8453,2
8454,3
8455,29
8456,10
8457,2
8458,27
8459,128
8460,3
8461,1
8462,4
8463,2
8464,1
8465,6
8466,1
8467,9
8468,2
8469,1
8470,3
8471,454
8472,1
8473,3
8474,12
8475,4
8476,3
8477,8
8478,2
8479,13
8480,6
8481,2
8482,1
8483,2
8484,4
8485,11
8486,114
8487,9
8488,75
8489,8
8490,1
8491,1
8492,2
8493,3
8494,1
8495,6
8496,3
8497,1
8498,6
8499,5
8500,19
8501,22
8502,9
8503,3
8504,28
8505,2
8506,1
8507,4
8508,2
8509,3
8510,2
8511,1
8512,5
8513,4
8514,1
8515,1
8516,6
8517,1
8518,7
8519,4
8520,4
8521,1
8522,4
8523,12
8524,1
8525,4
8526,3
8527,1
8528,4
8529,4
8530,3
8531,2
8532,2
8533,23
8534,8
8535,3
8536,13
8537,2
8538,4
8539,1
8540,2
8541,5
8542,25
8543,2
8544,3
8545,9
8546,2
8547,1
8548,7
8549,76
8550,1
8551,21
8552,12
8553,2
8554,1
8555,4
8556,3
8557,9
8558,2
8559,1
8560,5
8561,10
8562,1
8563,15
8564,20
8565,2
8566,9
8567,2
8568,3
8569,1
8570,4
8571,2
8572,17
8573,6
8574,4
8575,7
8576,2
8577,6
8578,7
8579,36
8580,1
8581,5
8582,2
8583,7
8584,1
8585,4
8586,3
8587,5
8588,2
8589,3
8590,7
8591,10
8592,1
8593,3
8594,16
8595,1
8596,1
8597,8
8598,4
8599,3
8600,8
8601,2
8602,1
8603,142
8604,1
8605,1
8606,10
8607,5
8608,3
8609,4
8610,2
8611,11
8612,4
8613,3
8614,15
8615,14
8616,1
8617,45
8618,2
8619,9
8620,1
8621,2
8622,2
8623,19
8624,4
8625,2
8626,15
8627,6
8628,2
8629,1
8630,2
8631,5
8632,13
8633,6
8634,4
8635,5
8636,2
8637,4
8638,51
8639,16
8640,3
8641,3
8642,8
8643,3
8644,3
8645,4
8646,1
8647,1
8648,2
8649,3
8650,1
8651,2
8652,2
8653,7
8654,12
8655,3
8656,3
8657,4
8658,2
8659,1
8660,4
8661,1
8662,5
8663,2
8664,1
8665,5
8666,22
8667,1
8668,39
8669,16
8670,2
8671,1
8672,2
8673,3
8674,5
8675,4
8676,1
8677,5
8678,6
8679,3
8680,1
8681,8458
8682,13
8683,3
8684,12
8685,2
8686,15
8687,2
8688,11
8689,1
8690,2
8691,2
8692,1
8693,6
8694,1
8695,1
8696,22
8697,1
8698,11
8699,8
8700,4
8701,1
8702,2
8703,3
8704,7
8705,2
8706,5
8707,5
8708,8
8709,1
8710,1
8711,2
8712,2
8713,15
8714,4
8715,4
8716,1
8717,12
8718,2
8719,5
8720,16
8721,2
8722,1
8723,16
8724,27
8725,1
8726,14
8727,12
8728,11
8729,4
8730,2
8731,3
8732,12
8733,8
8734,1
8735,2
8736,1
8737,5
8738,6
8739,1
8740,5
8741,2
8742,1
8743,103
8744,28
8745,1
8746,1
8747,6
8748,4
8749,1
8750,4
8751,5
8752,649
8753,6
8754,9
8755,1
8756,2
8757,2
8758,7
8759,4
8760,1
8761,5
8762,4
8763,2
8764,3
8765,2
8766,13
8767,13
8768,12
8769,5
8770,1
8771,2
8772,4
8773,3
8774,8
8775,2
8776,1
8777,2
8778,2
8779,5
8780,10
8781,6
8782,5
8783,4
8784,3
8785,1
8786,10
8787,1
8788,71
8789,8
8790,1
8791,1
8792,18
8793,2
8794,3
8795,20
8796,6
8797,9
8798,16
8799,1
8800,1
8801,6
8802,4
8803,3
8804,4
8805,1
8806,5
8807,2
8808,12
8809,5
8810,26
8811,3
8812,1
8813,2
8814,1
8815,21
8816,30
8817,2
8818,7
8819,20
8820,2
8821,17
8822,6
8823,2
8824,4403
8825,4
8826,3
8827,9
8828,2
8829,1
8830,1
8831,2
8832,2
8833,3
8834,8
8835,1
8836,3
8837,6
8838,15
8839,5
8840,4
8841,1
8842,1
8843,10
8844,5
8845,11
8846,14
8847,4
8848,3
8849,92
8850,9
8851,7
8852,2
8853,3
8854,1
8855,2
8856,2
8857,1
8858,6
8859,5
8860,3
8861,10
8862,2
8863,31
8864,16
8865,1
8866,69
8867,4
8868,7
8869,1
8870,56
8871,49
8872,17
8873,2
8874,1
8875,1
8876,22
8877,2
8878,3
8879,16
8880,3
8881,1
8882,2
8883,2
8884,11
8885,4
8886,2
8887,77
8888,6
8889,4
8890,3
8891,10
8892,1
8893,3
8894,20
8895,1
8896,1
8897,16
8898,2
8899,3
8900,6
8901,2
8902,9
8903,12
8904,1
8905,23
8906,6
8907,5
8908,3
8909,4
8910,4
8911,3
8912,4
8913,4
8914,1
8915,30
8916,3
8917,5
8918,2
8919,1
8920,1
8921,62
8922,12
8923,31
8924,24
8925,3
8926,1
8927,10
8928,7
8929,59
8930,16
8931,6
8932,1
8933,2
8934,3
8935,3
8936,6
8937,2
8938,3
8939,32
8940,2
8941,1
8942,8
8943,2
8944,3
8945,6
8946,1
8947,37
8948,228
8949,5
8950,27
8951,2
8952,1
8953,7
8954,4
8955,1
8956,1
8957,6
8958,2
8959,3
8960,2
8961,1
8962,1
8963,2
8964,3
8965,1
8966,2
8967,6
8968,7
8969,4
8970,1
8971,15
8972,4
8973,4
8974,5
8975,2
8976,3
8977,81
8978,2
8979,1
8980,1
8981,2
8982,4
8983,39
8984,4
8985,3
8986,1
8987,4
8988,2
8989,1
8990,6
8991,1
8992,33
8993,6
8994,1
8995,1
8996,2
8997,10
8998,3
8999,132
9000,2
9001,17
9002,2
9003,2
9004,3
9005,6
9006,3
9007,1
9008,10
9009,8
9010,31
9011,6
9012,5
9013,3
9014,4
9015,9
9016,7
9017,2
9018,6
9019,7
9020,6
9021,1
9022,1
9023,6
9024,1
9025,1
9026,62
9027,2
9028,3
9029,20
9030,1
9031,1
9032,4
9033,2
9034,3
9035,12
9036,3
9037,377
9038,2
9039,1
9040,9
9041,18
9042,4
9043,7
9044,8
9045,1
9046,3
9047,2
9048,2
9049,1
9050,6
9051,6
9052,737
9053,4
9054,3
9055,5
9056,6
9057,12
9058,7
9059,16
9060,1
9061,1
9062,6
9063,2
9064,1
9065,8
9066,1
9067,1
9068,40
9069,3
9070,3
9071,10
9072,1
9073,7
9074,36
9075,1
9076,9
9077,2
9078,3
9079,5
9080,2
9081,3
9082,5
9083,6
9084,3
9085,1
9086,2
9087,4
9088,7
9089,4
9090,3
9091,1
9092,4
9093,4
9094,5
9095,10
9096,1
9097,5
9098,18
9099,5
9100,1
9101,22
9102,9
9103,3
9104,20
9105,4
9106,1
9107,8
9108,7
9109,1
9110,4
9111,15
9112,1
9113,2
9114,3
9115,1
9116,898
9117,1
9118,11
9119,4
9120,2
9121,13
9122,8
9123,4
9124,15
9125,12
9126,1
9127,1
9128,10
9129,1
9130,3
9131,2
9132,2
9133,3
9134,12
9135,1
9136,5
9137,4
9138,2
9139,9
9140,2
9141,2
9142,13
9143,2
9144,1
9145,1
9146,2
9147,2
9148,27
9149,4
9150,2
9151,1
9152,2
9153,6
9154,1
9155,6
9156,1
9157,1
9158,4
9159,4
9160,11
9161,2
9162,6
9163,3
9164,28
9165,1
9166,3
9167,20
9168,2
9169,3
9170,4
9171,1
9172,NA
9173,2
9174,15
9175,5
9176,6
9177,1
9178,7
9179,4120
9180,6
9181,5
9182,8
9183,6
9184,1
9185,2
9186,1
9187,5
9188,56
9189,7
9190,1
9191,10
9192,2
9193,31
9194,16
9195,2
9196,7
9197,2
9198,2
9199,1
9200,12
9201,1
9202,9
9203,10
9204,4
9205,7
9206,986
9207,1
9208,7
9209,252
9210,3
9211,5
9212,2
9213,7
9214,1
9215,6
9216,3
9217,1
9218,2
9219,3
9220,1
9221,11392194
9222,1
9223,3
9224,4
9225,2
9226,1
9227,8
9228,3
9229,1
9230,2
9231,1
9232,25
9233,2
9234,4
9235,33
9236,2
9237,2
9238,7
9239,32
9240,8
9241,1
9242,10
9243,3
9244,3
9245,2
9246,5
9247,1
9248,8
9249,15
9250,3
9251,2
9252,1
9253,51
9254,4
9255,2
9256,3
9257,8
9258,8
9259,1
9260,2
9261,1
9262,1
9263,4
9264,7
9265,5
9266,10
9267,9
9268,3
9269,4
9270,1
9271,1
9272,2
9273,4
9274,5
9275,4
9276,5
9277,1
9278,8
9279,3
9280,7
9281,2
9282,5
9283,7
9284,40
9285,2
9286,3
9287,6
9288,10
9289,3
9290,2
9291,15
9292,1
9293,2
9294,1
9295,5
9296,14
9297,1
9298,3
9299,4
9300,2
9301,9
9302,8
9303,10
9304,5
9305,6
9306,2
9307,9
9308,4
9309,1
9310,7
9311,2
9312,4
9313,19
9314,8
9315,6
9316,3
9317,14
9318,4
9319,1
9320,4
9321,3
9322,5
9323,6
9324,4
9325,5
9326,6
9327,2
9328,3
9329,8
9330,5
9331,1
9332,262
9333,15
9334,5
9335,2
9336,1
9337,9
9338,40
9339,4
9340,1
9341,2
9342,5
9343,15
9344,4
9345,2
9346,1
9347,4
9348,15
9349,17
9350,6
9351,1
9352,13
9353,16
9354,3
9355,5
9356,2
9357,1
9358,15
9359,40
9360,1
9361,3
9362,2
9363,3
9364,23
9365,4
9366,1
9367,5
9368,6
9369,5
9370,3
9371,2
9372,1
9373,27
9374,32
9375,1
9376,21
9377,2
9378,2
9379,1
9380,6
9381,5
9382,9
9383,10
9384,9
9385,3
9386,6
9387,1
9388,19
9389,4
9390,4
9391,5
9392,2
9393,2
9394,1
9395,2
9396,3
9397,1
9398,2
9399,1
9400,5
9401,14
9402,1
9403,3
9404,8
9405,2
9406,15
9407,6
9408,6
9409,25
9410,4
9411,2
9412,5
9413,4
9414,5
9415,7
9416,2
9417,6
9418,147
9419,20
9420,1
9421,3
9422,10
9423,2
9424,3
9425,2
9426,3
9427,21
9428,4
9429,3
9430,1
9431,630
9432,8
9433,39
9434,8
9435,1
9436,15
9437,2
9438,3
9439,3
9440,18
9441,3
9442,5
9443,10
9444,8
9445,9
9446,2
9447,17
9448,3
9449,8
9450,1
9451,23
9452,16
9453,2
9454,9
9455,4
9456,1
9457,1
9458,2
9459,1
9460,1
9461,6
9462,2
9463,3
9464,4
9465,8
9466,7
9467,4
9468,2
9469,5
9470,2
9471,3
9472,2545
9473,210
9474,1
9475,21
9476,134
9477,2
9478,7
9479,20
9480,1
9481,23
9482,6
9483,8
9484,7
9485,8
9486,5
9487,1
9488,2
9489,5
9490,1
9491,2
9492,2
9493,7
9494,4
9495,5
9496,3
9497,2
9498,2
9499,3
9500,8
9501,1
9502,5
9503,2
9504,3
9505,1
9506,6
9507,1
9508,7
9509,12
9510,2
9511,7
9512,2
9513,3
9514,31
9515,4
9516,1
9517,17
9518,4
9519,1
9520,3
9521,2
9522,6
9523,15
9524,48
9525,6
9526,1
9527,8
9528,8
9529,3
9530,2
9531,9
9532,5
9533,8
9534,9
9535,1
9536,10
9537,1
9538,3
9539,4
9540,1
9541,1
9542,2
9543,3
9544,1
9545,6
9546,2
9547,9
9548,4
9549,4
9550,25
9551,6
9552,5
9553,3
9554,24
9555,2
9556,13
9557,22
9558,2
9559,3
9560,2
9561,1
9562,9
9563,64
9564,3
9565,3
9566,6
9567,4
9568,3
9569,8
9570,1
9571,1
9572,2
9573,6
9574,5
9575,2
9576,2
9577,5
9578,4
9579,1
9580,11
9581,10
9582,1
9583,7
9584,4
9585,3
9586,9
9587,14
9588,2
9589,5
9590,6
9591,1
9592,1
9593,2
9594,8
9595,7
9596,6
9597,5
9598,7
9599,24
9600,11
9601,9
9602,6
9603,8
9604,1
9605,8
9606,1
9607,1
9608,2
9609,3
9610,1
9611,6
9612,2
9613,1479
9614,16
9615,2
9616,1
9617,4
9618,3
9619,1
9620,6
9621,5
9622,5
9623,12
9624,3
9625,1
9626,514
9627,10
9628,3
9629,44
9630,1
9631,3
9632,4
9633,4
9634,1
9635,4
9636,2
9637,1
9638,30
9639,5
9640,19
9641,18
9642,2
9643,15
9644,4
9645,1
9646,3
9647,4
9648,6
9649,3
9650,18
9651,1
9652,25
9653,2
9654,5
9655,1
9656,6
9657,9
9658,3
9659,4
9660,1
9661,101
9662,4
9663,2
9664,215
9665,6
9666,5
9667,1
9668,2
9669,3
9670,3
9671,14
9672,5
9673,3
9674,12
9675,2
9676,21
9677,2
9678,2
9679,3
9680,40
9681,2
9682,5
9683,4
9684,3
9685,3
9686,134
9687,1
9688,25239
9689,8
9690,1
9691,1
9692,2
9693,3
9694,1
9695,4
9696,1
9697,9
9698,2
9699,3
9700,25
9701,2
9702,1
9703,95
9704,16
9705,5
9706,3
9707,90
9708,4
9709,1
9710,2
9711,1
9712,1
9713,2
9714,1
9715,1
9716,14
9717,1
9718,3
9719,20
9720,8
9721,1
9722,20
9723,2
9724,1
9725,4
9726,2
9727,29
9728,12
9729,1
9730,3
9731,2
9732,1
9733,3
9734,8
9735,1
9736,1
9737,12
9738,10
9739,1
9740,2
9741,5
9742,1
9743,2
9744,3
9745,1
9746,6
9747,9
9748,3
9749,16
9750,3
9751,1
9752,16
9753,6
9754,1
9755,2
9756,2
9757,17
9758,4
9759,7
9760,3
9761,2
9762,2
9763,179
9764,40
9765,13
9766,1
9767,6
9768,10
9769,45
9770,2
9771,1
9772,1
9773,44
9774,3
9775,5
9776,2
9777,1
9778,7
9779,52
9780,1
9781,157
9782,4
9783,35
9784,5
9785,2
9786,1
9787,13
9788,40
9789,1
9790,17
9791,2
9792,1
9793,19
9794,4
9795,4
9796,3
9797,18
9798,2
9799,1
9800,2
9801,7
9802,1
9803,6
9804,5
9805,1
9806,210
9807,2
9808,95
9809,4
9810,2
9811,3
9812,8
9813,2
9814,3
9815,8
9816,9
9817,25
9818,18
9819,4
9820,5
9821,22
9822,20
9823,3
9824,8
9825,5
9826,3
9827,4
9828,3
9829,5
9830,4
9831,1
9832,5
9833,4
9834,8
9835,5
9836,2
9837,6
9838,11
9839,8
9840,2
9841,1
9842,2
9843,2
9844,1
9845,4
9846,2
9847,5
9848,10
9849,1
9850,1
9851,18
9852,14
9853,3
9854,12
9855,1
9856,7
9857,14
9858,6
9859,1
9860,2
9861,2
9862,17
9863,2
9864,1
9865,3
9866,10
9867,5
9868,7
9869,8
9870,1
9871,7
9872,4
9873,12
9874,5
9875,2
9876,1
9877,1
9878,2
9879,3
9880,1
9881,26
9882,1
9883,3
9884,4
9885,7
9886,3
9887,10
9888,2
9889,1
9890,44
9891,2
9892,29
9893,6
9894,3
9895,3
9896,18
9897,1
9898,7
9899,8
9900,6
9901,1
9902,2
9903,6
9904,3
9905,2
9906,2
9907,1
9908,2
9909,5
9910,1
9911,38
9912,4
9913,1187
9914,28
9915,2
9916,9
9917,2
9918,2
9919,51
9920,2
9921,1
9922,1
9923,32
9924,7
9925,3
9926,2
9927,1
9928,3
9929,4
9930,2
9931,1
9932,2
9933,4
9934,1
9935,4
9936,7
9937,5
9938,14
9939,4
9940,11
9941,22
9942,6
9943,31
9944,24
9945,1
9946,1
9947,30
9948,2
9949,7
9950,2
9951,5
9952,21
9953,8
9954,3
9955,5
9956,1074
9957,1
9958,11
9959,16
9960,1
9961,3
9962,2
9963,4
9964,1
9965,18
9966,2
9967,9
9968,12
9969,1
9970,19
9971,2
9972,2
9973,7
9974,16
9975,1
9976,7
9977,4
9978,3
9979,5
9980,6
9981,1
9982,1
9983,8
9984,16
9985,5
9986,50
9987,1
9988,3
9989,12
9990,1
9991,27
9992,4
9993,2
9994,9
9995,2
9996,1
9997,1
9998,22
9999,1
10000,3
