2,2
5,1
8,1
11,4
14,1
17,12
20,1
23,2
26,1
29,6
32,4
35,3
38,1
41,4
44,1
47,47
50,1
53,22
56,1
59,1
62,79
65,1
68,213
71,1
74,NA
77,2
80,6
83,1
86,1
89,1
92,2
95,3
98,12
101,3
104,1
107,2
110,3
113,1
116,8
119,1
122,NA
125,8
128,1
131,1
134,53
137,3
140,5
143,1
146,39
149,1
152,10
155,4
158,4
161,1
164,1
167,NA
170,1
173,1
176,5
179,2
182,2
185,74
188,1
191,4
194,1
197,8
200,23
203,2
206,1
209,2
212,3
215,1
218,2
221,71
224,3
227,6
230,1
233,2
236,1
239,2
242,2
245,4
248,1
251,1
254,3
257,18
260,83
263,2
266,3
269,18
272,15
275,1
278,4
281,1
284,2
287,31
290,1
293,1
296,3
299,5
302,2
305,2
308,1
311,1
314,1
317,2
320,1
323,2
326,8
329,3
332,2
335,1
338,1
341,3
344,1
347,2
350,1
353,1
356,248
359,1
362,39
365,7
368,4
371,1
374,1
377,2
380,108
383,4
386,1
389,5
392,4
395,3
398,10
401,24
404,1
407,7
410,2
413,6
416,12
419,2
422,2
425,1
428,1
431,3
434,1
437,11
440,7
443,1
446,111
449,1
452,3
455,1
458,5
461,1
464,2
467,3
470,NA
473,2
476,1
479,1
482,4
485,1
488,1
491,1
494,14
497,3
500,2
503,1
506,1
509,1
512,2
515,6
518,1
521,8
524,1
527,2
530,3
533,2
536,4
539,1
542,7
545,1
548,1
551,1
554,2
557,11
560,1
563,93
566,29
569,2
572,55
575,2
578,2
581,1
584,2
587,3
590,1
593,1
596,293
599,42
602,12
605,2
608,1
611,13
614,3
617,14
620,3
623,1
626,253
629,62
632,3
635,6
638,1
641,5
644,6
647,3
650,2
653,4
656,9
659,1
662,2
665,16
668,2
671,1
674,3
677,12
680,1
683,5
686,11
689,333
692,8
695,3
698,1
701,1
704,3
707,2
710,1
713,1
716,1
719,1
722,23
725,2
728,4
731,557
734,1
737,2
740,5
743,2
746,5
749,2
752,2
755,1
758,1
761,3
764,1
767,30
770,3
773,1
776,1
779,14
782,6
785,6
788,5
791,1
794,2
797,4
800,2
803,41
806,1
809,2
812,43
815,1
818,2
821,1
824,43
827,4
830,3
833,1
836,1
839,NA
842,8
845,1
848,NA
851,4
854,134
857,3
860,2
863,1
866,1
869,1
872,2
875,1
878,2
881,3
884,3
887,3
890,222
893,2
896,4
899,1
902,3
905,30
908,1
911,5
914,10
917,14
920,1
923,1
926,15
929,31
932,4
935,3
938,1
941,5
944,2
947,6
950,4
953,5
956,9
959,7
962,68
965,17
968,1
971,1
974,22
977,2
980,1
983,9
986,1
989,1
992,39
995,1
998,117
1001,1
1004,45
1007,10
1010,9
1013,1
1016,1
1019,3
1022,2
1025,3
1028,1
1031,1
1034,1
1037,8
1040,108
1043,4
1046,1
1049,2
1052,3
1055,1
1058,4
1061,3
1064,11
1067,2
1070,1
1073,18
1076,1
1079,6
1082,16
1085,21
1088,2
1091,53
1094,21
1097,11
1100,2
1103,4
1106,1
1109,1
1112,3
1115,1
1118,1
1121,NA
1124,3
1127,3
1130,2
1133,28
1136,1
1139,3
1142,11
1145,2
1148,1
1151,1
1154,1
1157,2
1160,17
1163,4
1166,3
1169,1
1172,3
1175,1
1178,1
1181,3
1184,1
1187,718
1190,2
1193,1
1196,4
1199,42
1202,6
1205,1
1208,4
1211,21
1214,1
1217,110
1220,1
1223,12
1226,NA
1229,2
1232,2
1235,1
1238,2
1241,1
1244,7
1247,4
1250,3
1253,6
1256,9
1259,1
1262,184
1265,12
1268,1
1271,12
1274,2
1277,32
1280,15
1283,1
1286,1
1289,2
1292,3
1295,5
1298,26
1301,11
1304,18
1307,46
1310,5
1313,2
1316,4
1319,NA
1322,70
1325,1
1328,1
1331,4
1334,38
1337,2
1340,104
1343,1
1346,1
1349,21
1352,2
1355,5
1358,1
1361,1
1364,10
1367,2
1370,1
1373,1
1376,NA
1379,1
1382,3
1385,1
1388,8
1391,3
1394,11
1397,8
1400,4
1403,1
1406,1
1409,3
1412,10
1415,1
1418,2
1421,543
1424,1
1427,NA
1430,2
1433,NA
1436,1
1439,2
1442,2
1445,2
1448,9
1451,3
1454,3
1457,4
1460,10
1463,1
1466,48
1469,1
1472,24
1475,7
1478,589
1481,16
1484,1
1487,2
1490,2
1493,NA
1496,5
1499,1
1502,6
1505,3
1508,5
1511,4
1514,NA
1517,3
1520,145
1523,14
1526,7
1529,1
1532,2
1535,1
1538,5
1541,8
1544,2
1547,4
1550,2
1553,2
1556,1
1559,NA
1562,6
1565,2
1568,1
1571,360
1574,1
1577,6
1580,5
1583,1
1586,17
1589,2
1592,27
1595,1
1598,2
1601,5
1604,2
1607,4
1610,1
1613,1
1616,1
1619,10
1622,83
1625,1
1628,10
1631,4
1634,3
1637,2
1640,13
1643,1
1646,1
1649,6
1652,164
1655,12
1658,1
1661,944
1664,1
1667,11
1670,21
1673,1
1676,5
1679,1
1682,19
1685,55
1688,4
1691,12
1694,5
1697,2
1700,1
1703,1
1706,27
1709,41
1712,4
1715,1
1718,2
1721,1
1724,1
1727,4
1730,1
1733,NA
1736,1
1739,1
1742,3
1745,14
1748,1
1751,4
1754,2
1757,10
1760,3
1763,1
1766,1
1769,1
1772,16
1775,34
1778,8
1781,12
1784,2
1787,4
1790,9
1793,1
1796,5
1799,2
1802,43
1805,3
1808,2
1811,15
1814,527
1817,395
1820,1
1823,2
1826,509
1829,1
1832,15
1835,1
1838,9
1841,1
1844,23
1847,7
1850,34
1853,1
1856,5
1859,3
1862,3
1865,12
1868,1
1871,1
1874,79
1877,6
1880,2
1883,8
1886,1
1889,1
1892,2
1895,1
1898,1
1901,3
1904,6
1907,19
1910,634
1913,1
1916,29
1919,1
1922,4
1925,1
1928,33
1931,21
1934,2
1937,23
1940,5
1943,4
1946,32
1949,2
1952,3
1955,1
1958,6
1961,4
1964,2
1967,7
1970,11
1973,2
1976,1
1979,3
1982,18
1985,54
1988,9
1991,1
1994,1
1997,10
2000,1
2003,5
2006,3
2009,3
2012,18
2015,5
2018,2
2021,12
2024,NA
2027,3
2030,1
2033,1
2036,9
2039,1
2042,19
2045,1
2048,2
2051,1
2054,2
2057,3
2060,2
2063,18
2066,NA
2069,2
2072,4
2075,3
2078,1
2081,4
2084,1
2087,6
2090,3
2093,5
2096,3
2099,1
2102,3
2105,1
2108,14
2111,11
2114,42
2117,26
2120,1
2123,25
2126,1
2129,1
2132,2
2135,20
2138,1
2141,1
2144,1
2147,828
2150,2
2153,5
2156,3
2159,NA
2162,355
2165,2
2168,1
2171,1
2174,15
2177,2
2180,187
2183,1
2186,1
2189,1
2192,7
2195,5
2198,2
2201,1
2204,2
2207,30
2210,46
2213,5
2216,23
2219,55
2222,75
2225,29
2228,1
2231,1
2234,35
2237,164
2240,1
2243,9
2246,109
2249,2
2252,34
2255,1
2258,12
2261,5
2264,5
2267,2
2270,1
2273,1
2276,4
2279,3
2282,10
2285,9
2288,1
2291,3
2294,1
2297,4
2300,2
2303,1
2306,1
2309,1
2312,2
2315,1
2318,25
2321,35
2324,2
2327,7
2330,3
2333,2
2336,253
2339,NA
2342,11
2345,274
2348,1
2351,17
2354,7
2357,4
2360,2
2363,12
2366,1
2369,2
2372,8
2375,1
2378,5
2381,12
2384,2
2387,20
2390,1
2393,1
2396,24
2399,21
2402,2
2405,3
2408,592
2411,3
2414,1
2417,51
2420,582
2423,5
2426,645
2429,1
2432,2
2435,3
2438,6
2441,1
2444,2
2447,52
2450,66
2453,1
2456,1
2459,1
2462,4
2465,8
2468,4
2471,893
2474,1
2477,2
2480,49
2483,1
2486,4
2489,15
2492,6
2495,2
2498,1
2501,1
2504,1
2507,4
2510,24
2513,5
2516,1
2519,65
2522,6
2525,5
2528,4
2531,8
2534,1
2537,18
2540,1
2543,10
2546,1
2549,2
2552,82
2555,1
2558,577
2561,1
2564,6
2567,6
2570,88
2573,14
2576,7
2579,5
2582,4
2585,1
2588,6
2591,7
2594,6
2597,15
2600,1
2603,21
2606,3
2609,3
2612,4
2615,12
2618,1
2621,20
2624,3
2627,2
2630,1
2633,4
2636,3
2639,2
2642,423
2645,2
2648,1
2651,1
2654,1
2657,8
2660,1
2663,8
2666,1
2669,1
2672,4
2675,84
2678,2
2681,5
2684,1
2687,7
2690,1
2693,1
2696,72
2699,2
2702,10
2705,2
2708,NA
2711,1
2714,6
2717,20
2720,2
2723,8
2726,24
2729,3
2732,34
2735,1
2738,77
2741,15
2744,61
2747,36
2750,1
2753,117
2756,5
2759,2
2762,2
2765,1
2768,1
2771,1
2774,9
2777,15
2780,1
2783,222
2786,4
2789,1
2792,2
2795,2
2798,4
2801,1
2804,63
2807,20
2810,2
2813,4
2816,1
2819,9
2822,23
2825,3
2828,5
2831,3
2834,9
2837,348
2840,4
2843,1
2846,9
2849,5
2852,3
2855,2
2858,2
2861,1
2864,1
2867,6
2870,2
2873,8
2876,45
2879,10
2882,72
2885,1
2888,20
2891,3
2894,1
2897,179
2900,40
2903,1
2906,4
2909,45
2912,366
2915,2
2918,5
2921,1
2924,1
2927,6
2930,4
2933,1
2936,1
2939,NA
2942,27
2945,4
2948,50
2951,3
2954,2
2957,2
2960,8
2963,1
2966,1
2969,2
2972,2
2975,6
2978,2
2981,133
2984,1
2987,27
2990,1
2993,9
2996,9
2999,1
3002,4
3005,858
3008,1
3011,1
3014,3
3017,4
3020,707
3023,1
3026,549
3029,1
3032,8
3035,2
3038,13
3041,NA
3044,1
3047,15
3050,3
3053,1
3056,5
3059,3
3062,2
3065,1
3068,1
3071,3
3074,2
3077,30
3080,5
3083,14
3086,7
3089,2
3092,7
3095,4
3098,5
3101,1
3104,3
3107,111
3110,2
3113,12
3116,7
3119,47
3122,3
3125,3
3128,2
3131,20
3134,7
3137,354
3140,5
3143,1
3146,1
3149,2
3152,8
3155,30
3158,2
3161,9
3164,33
3167,51
3170,2
3173,1
3176,11
3179,2
3182,2
3185,3
3188,126
3191,1
3194,1
3197,3
3200,2
3203,2
3206,1
3209,2
3212,4
3215,1
3218,1
3221,1
3224,2
3227,62
3230,1
3233,837
3236,NA
3239,NA
3242,2
3245,8
3248,2
3251,1
3254,81
3257,2
3260,1
3263,1
3266,8
3269,14
3272,63
3275,4
3278,1
3281,1
3284,1
3287,2
3290,2
3293,6
3296,3
3299,1
3302,3
3305,4
3308,2
3311,3
3314,1
3317,2
3320,1
3323,6
3326,1
3329,41
3332,NA
3335,3
3338,86
3341,327
3344,90
3347,4
3350,2
3353,4
3356,1
3359,1
3362,3
3365,4
3368,28
3371,5
3374,1
3377,NA
3380,1
3383,2
3386,1
3389,838
3392,100
3395,18
3398,29
3401,4
3404,6
3407,7
3410,1
3413,2
3416,1
3419,1
3422,2
3425,2
3428,880
3431,29
3434,2
3437,2
3440,699
3443,1
3446,1
3449,1
3452,6
3455,2
3458,14
3461,3
3464,2
3467,3
3470,1
3473,1
3476,3
3479,1
3482,2
3485,1
3488,1
3491,3
3494,5
3497,2
3500,3
3503,5
3506,16
3509,1
3512,6
3515,10
3518,20
3521,12
3524,1
3527,179
3530,1
3533,85
3536,1
3539,10
3542,2
3545,1
3548,1
3551,21
3554,1
3557,71
3560,3
3563,1
3566,9
3569,1
3572,NA
3575,3
3578,6
3581,5
3584,2
3587,111
3590,1
3593,NA
3596,3
3599,5
3602,6
3605,9
3608,225
3611,8
3614,6
3617,3
3620,1
3623,18
3626,1
3629,3
3632,2
3635,1
3638,1
3641,NA
3644,71
3647,28
3650,1
3653,10
3656,NA
3659,3
3662,2
3665,3
3668,2
3671,1
3674,15
3677,3
3680,1
3683,1
3686,4
3689,7
3692,8
3695,58
3698,4
3701,1
3704,46
3707,2
3710,5
3713,1
3716,1
3719,1
3722,4
3725,5
3728,2
3731,4
3734,125
3737,2
3740,2
3743,4
3746,NA
3749,5
3752,2
3755,7
3758,10
3761,1
3764,22
3767,47
3770,5
3773,2
3776,11
3779,15
3782,2
3785,1
3788,1
3791,3
3794,1
3797,2
3800,1
3803,52
3806,1
3809,1
3812,2
3815,1
3818,2
3821,3
3824,1
3827,18
3830,4
3833,12
3836,1
3839,1
3842,2
3845,1
3848,4
3851,28
3854,46
3857,6
3860,2
3863,45
3866,7
3869,1
3872,12
3875,2
3878,281
3881,3
3884,1
3887,2
3890,129
3893,2
3896,NA
3899,22
3902,2
3905,7
3908,4
3911,12
3914,1
3917,3
3920,5
3923,225
3926,4
3929,2
3932,42
3935,2
3938,2
3941,1
3944,2
3947,2
3950,2
3953,5
3956,1
3959,3
3962,NA
3965,1
3968,2
3971,1
3974,6
3977,2
3980,14
3983,1
3986,7
3989,3
3992,98
3995,7
3998,1
4001,5
4004,2
4007,11
4010,172
4013,1
4016,35
4019,338
4022,40
4025,1
4028,2
4031,52
4034,15
4037,3
4040,1
4043,2
4046,20
4049,1
4052,2
4055,4
4058,1
4061,5
4064,14
4067,2
4070,14
4073,4
4076,1
4079,1
4082,54
4085,3
4088,4
4091,1
4094,9
4097,19
4100,1
4103,2
4106,173
4109,2
4112,15
4115,7
4118,1
4121,1
4124,2
4127,2
4130,2
4133,NA
4136,1
4139,117
4142,NA
4145,178
4148,14
4151,NA
4154,3
4157,2
4160,4
4163,10
4166,1
4169,27
4172,3
4175,1
4178,1
4181,1
4184,9
4187,23
4190,6
4193,2
4196,1
4199,1
4202,8
4205,4
4208,1
4211,21
4214,1
4217,3
4220,1
4223,1
4226,179
4229,6
4232,NA
4235,1
4238,282
4241,5
4244,13
4247,4
4250,1
4253,18
4256,11
4259,9
4262,4
4265,1
4268,4
4271,1
4274,3
4277,2
4280,2
4283,1
4286,4
4289,307
4292,7
4295,4
4298,4
4301,37
4304,1
4307,3
4310,4
4313,1
4316,129
4319,5
4322,2
4325,9
4328,8
4331,16
4334,1
4337,15
4340,42
4343,1
4346,21
4349,1
4352,3
4355,1
4358,2
4361,13
4364,1
4367,14
4370,1
4373,13
4376,1
4379,NA
4382,11
4385,35
4388,2
4391,85
4394,1
4397,522
4400,4
4403,1
4406,1
4409,2
4412,2
4415,1
4418,1
4421,284
4424,13
4427,12
4430,31
4433,1
4436,3
4439,1
4442,2
4445,1
4448,1
4451,1
4454,NA
4457,10
4460,7
4463,689
4466,100
4469,3
4472,188
4475,106
4478,1
4481,19
4484,3
4487,7
4490,3
4493,2
4496,1
4499,17
4502,12
4505,15
4508,1
4511,7
4514,5
4517,75
4520,1
4523,5
4526,8
4529,10
4532,19
4535,1
4538,38
4541,1
4544,2
4547,6
4550,1
4553,2
4556,4
4559,2
4562,215
4565,1
4568,2
4571,1
4574,7
4577,40
4580,1
4583,1
4586,11
4589,9
4592,11
4595,1
4598,1
4601,123
4604,3
4607,2
4610,4
4613,2
4616,1
4619,719
4622,8
4625,1
4628,1
4631,8
4634,1
4637,43
4640,1
4643,20
4646,12
4649,234
4652,3
4655,4
4658,54
4661,1
4664,9
4667,131
4670,2
4673,22
4676,4
4679,2
4682,19
4685,2
4688,12
4691,1
4694,6
4697,3
4700,1
4703,1
4706,3
4709,9
4712,28
4715,6
4718,1
4721,7
4724,1
4727,2
4730,1
4733,252
4736,556
4739,1
4742,7
4745,2
4748,4
4751,3
4754,502
4757,136
4760,10
4763,5
4766,3
4769,1
4772,7
4775,1
4778,42
4781,1
4784,2
4787,2
4790,1
4793,1
4796,8
4799,5
4802,2
4805,1
4808,4
4811,1
4814,61
4817,4
4820,2
4823,1
4826,21
4829,617
4832,18
4835,1
4838,5
4841,89
4844,1
4847,6
4850,1
4853,157
4856,4
4859,1
4862,6
4865,4
4868,6
4871,9
4874,105
4877,10
4880,1
4883,42
4886,3
4889,1
4892,7
4895,7
4898,NA
4901,7
4904,2
4907,3
4910,1
4913,5
4916,1
4919,3
4922,2
4925,26
4928,1
4931,1
4934,2
4937,15
4940,3
4943,12
4946,4
4949,3
4952,7
4955,2
4958,6
4961,1
4964,11
4967,167
4970,9
4973,1
4976,1
4979,1
4982,3
4985,42
4988,14
4991,1
4994,2
4997,2
5000,22
5003,118
5006,7
5009,3
5012,4
5015,1
5018,2
5021,39
5024,7
5027,7
5030,959
5033,2
5036,441
5039,3
5042,2
5045,5
5048,1
5051,8
5054,1
5057,15
5060,5
5063,1
5066,7
5069,58
5072,2
5075,1
5078,1
5081,643
5084,78
5087,3
5090,42
5093,2
5096,1
5099,2
5102,43
5105,1
5108,1
5111,1
5114,2
5117,18
5120,1
5123,4
5126,1
5129,202
5132,20
5135,18
5138,2
5141,1
5144,1
5147,2
5150,5
5153,2
5156,9
5159,3
5162,7
5165,1
5168,13
5171,3
5174,2
5177,14
5180,1
5183,9
5186,3
5189,1
5192,4
5195,14
5198,5
5201,1
5204,29
5207,7
5210,1
5213,6
5216,8
5219,2
5222,4
5225,2
5228,25
5231,1
5234,1
5237,2
5240,2
5243,10
5246,1
5249,5
5252,2
5255,4
5258,1
5261,9
5264,3
5267,2
5270,3
5273,4
5276,4
5279,NA
5282,30
5285,5
5288,1
5291,1
5294,2
5297,6
5300,168
5303,5
5306,1
5309,1
5312,3
5315,2
5318,12
5321,1
5324,5
5327,2
5330,1
5333,4
5336,3
5339,1
5342,4
5345,2
5348,4
5351,3
5354,1
5357,120
5360,3
5363,133
5366,8
5369,17
5372,3
5375,1
5378,4
5381,53
5384,1
5387,22
5390,1
5393,1
5396,NA
5399,3
5402,3
5405,2
5408,46
5411,9
5414,179
5417,2
5420,1
5423,1
5426,84
5429,3
5432,2
5435,6
5438,1
5441,1
5444,6
5447,2
5450,2
5453,1
5456,3
5459,1
5462,18
5465,1
5468,1
5471,5
5474,1
5477,NA
5480,5
5483,NA
5486,11
5489,377
5492,22
5495,1
5498,1
5501,4
5504,2
5507,19
5510,1
5513,2
5516,NA
5519,2
5522,3
5525,3
5528,12
5531,31
5534,9
5537,4
5540,73
5543,1
5546,4
5549,1
5552,2
5555,5
5558,4
5561,1
5564,1
5567,8
5570,3
5573,10
5576,212
5579,2
5582,3
5585,1
5588,1
5591,1
5594,35
5597,4
5600,1
5603,18
5606,3
5609,1
5612,NA
5615,1
5618,2
5621,1
5624,1
5627,38
5630,1
5633,22
5636,8
5639,6
5642,4
5645,20
5648,17
5651,1
5654,1
5657,2
5660,2
5663,1
5666,1
5669,2
5672,3
5675,18
5678,14
5681,4
5684,5
5687,3
5690,2
5693,1
5696,1
5699,1
5702,4
5705,11
5708,1
5711,3
5714,2
5717,6
5720,1
5723,4
5726,1
5729,1
5732,2
5735,4
5738,4
5741,13
5744,933
5747,NA
5750,1
5753,4
5756,3
5759,3
5762,8
5765,4
5768,1
5771,9
5774,1
5777,2
5780,7
5783,14
5786,5
5789,1
5792,2
5795,3
5798,4
5801,4
5804,1
5807,2
5810,2
5813,1
5816,4
5819,9
5822,27
5825,2
5828,48
5831,1
5834,1
5837,40
5840,2
5843,22
5846,1
5849,5
5852,159
5855,2
5858,1
5861,1
5864,298
5867,NA
5870,5
5873,21
5876,12
5879,10
5882,7
5885,6
5888,2
5891,52
5894,2
5897,644
5900,1
5903,1
5906,4
5909,5
5912,2
5915,9
5918,2
5921,4
5924,1
5927,7
5930,4
5933,2
5936,1
5939,2
5942,530
5945,6
5948,1
5951,44
5954,5
5957,6
5960,1
5963,1
5966,1
5969,159
5972,2
5975,NA
5978,2
5981,1
5984,1
5987,26
5990,3
5993,1
5996,4
5999,1
6002,15
6005,2
6008,12
6011,1
6014,49
6017,2
6020,34
6023,5
6026,5
6029,2
6032,4
6035,8
6038,2
6041,3
6044,1
6047,4
6050,1
6053,1
6056,8
6059,NA
6062,190
6065,1
6068,NA
6071,1
6074,22
6077,2
6080,4
6083,689
6086,1
6089,2
6092,3
6095,1
6098,1
6101,3
6104,1
6107,8
6110,7
6113,9
6116,5
6119,2
6122,2
6125,2
6128,6
6131,3
6134,1
6137,4
6140,5
6143,2
6146,1
6149,2
6152,44
6155,2
6158,90
6161,4
6164,6
6167,40
6170,3
6173,9
6176,8
6179,1
6182,2
6185,24
6188,36
6191,27
6194,2
6197,3
6200,1
6203,4
6206,12
6209,2
6212,2
6215,2
6218,25
6221,7
6224,1
6227,3
6230,3
6233,1
6236,13
6239,34
6242,46
6245,5
6248,4
6251,4
6254,767
6257,599
6260,4
6263,9
6266,1
6269,3
6272,4
6275,1
6278,4
6281,4
6284,1
6287,28
6290,4
6293,1
6296,3
6299,3
6302,103
6305,4
6308,5
6311,5
6314,1
6317,2
6320,3
6323,1
6326,1
6329,1
6332,4
6335,1
6338,2
6341,3
6344,1
6347,3
6350,463
6353,256
6356,3
6359,18
6362,2
6365,1
6368,33
6371,12
6374,9
6377,2
6380,1
6383,1
6386,27
6389,1
6392,2
6395,2
6398,6
6401,11
6404,7
6407,7
6410,10
6413,4
6416,3
6419,1
6422,15
6425,5
6428,1
6431,1
6434,7
6437,10
6440,4
6443,17
6446,1
6449,330
6452,23
6455,5
6458,248
6461,5
6464,3
6467,2
6470,4
6473,5
6476,1
6479,237
6482,2
6485,1
6488,1
6491,1
6494,11
6497,NA
6500,11
6503,9
6506,1
6509,1
6512,87
6515,1
6518,28
6521,3
6524,1
6527,86
6530,1
6533,1
6536,43
6539,2
6542,2
6545,1
6548,2
6551,3
6554,1
6557,4
6560,5
6563,36
6566,1
6569,35
6572,2
6575,1
6578,213
6581,8
6584,6
6587,4
6590,7
6593,5
6596,8
6599,19
6602,44
6605,10
6608,9
6611,1
6614,3
6617,66
6620,10
6623,1
6626,28
6629,1
6632,2
6635,5
6638,1
6641,NA
6644,1
6647,6
6650,1
6653,5
6656,1
6659,2
6662,4
6665,1
6668,417
6671,1
6674,1
6677,16
6680,1
6683,5
6686,1
6689,2
6692,3
6695,1
6698,4
6701,397
6704,18
6707,2
6710,11
6713,5
6716,1
6719,53
6722,7
6725,7
6728,6
6731,21
6734,5
6737,6
6740,1
6743,1
6746,3
6749,5
6752,3
6755,5
6758,2
6761,NA
6764,NA
6767,3
6770,2
6773,2
6776,3
6779,3
6782,3
6785,1
6788,1
6791,1
6794,10
6797,226
6800,2
6803,10
6806,37
6809,1
6812,4
6815,15
6818,2
6821,31
6824,201
6827,3
6830,1
6833,5
6836,4
6839,1
6842,42
6845,5
6848,168
6851,3
6854,2
6857,2
6860,1
6863,2
6866,4
6869,55
6872,6
6875,1
6878,2
6881,51
6884,5
6887,92
6890,14
6893,4
6896,1
6899,2
6902,2
6905,11
6908,10
6911,64
6914,1
6917,12
6920,10
6923,1
6926,1
6929,1
6932,248
6935,3
6938,2
6941,297
6944,145
6947,2
6950,1
6953,NA
6956,1
6959,10
6962,14
6965,7
6968,6
6971,635
6974,1
6977,3
6980,1
6983,18
6986,3
6989,1
6992,3
6995,88
6998,28
7001,13
7004,189
7007,16
7010,6
7013,1
7016,4
7019,1
7022,2
7025,6
7028,1
7031,12
7034,1
7037,4
7040,3
7043,50
7046,8
7049,2
7052,2
7055,1
7058,4
7061,172
7064,10
7067,2
7070,1
7073,1
7076,11
7079,1
7082,6
7085,6
7088,108
7091,3
7094,18
7097,3
7100,1
7103,1
7106,7
7109,38
7112,270
7115,7
7118,1
7121,8
7124,1
7127,NA
7130,10
7133,2
7136,11
7139,2
7142,2
7145,1
7148,4
7151,584
7154,1
7157,14
7160,NA
7163,4
7166,3
7169,5
7172,576
7175,1
7178,36
7181,65
7184,2
7187,11
7190,10
7193,6
7196,353
7199,3
7202,2
7205,48
7208,1
7211,1
7214,22
7217,7
7220,1
7223,9
7226,1
7229,5
7232,12
7235,17
7238,2
7241,1
7244,21
7247,2
7250,262
7253,1
7256,3
7259,1
7262,2
7265,9
7268,1
7271,4
7274,1
7277,380
7280,2
7283,2
7286,1
7289,19
7292,11
7295,2
7298,2
7301,12
7304,5
7307,22
7310,1
7313,1
7316,8
7319,14
7322,4
7325,1
7328,2
7331,1
7334,1
7337,4
7340,2
7343,5
7346,5
7349,9
7352,3
7355,1
7358,1
7361,15
7364,2
7367,14
7370,2
7373,14
7376,1
7379,1
7382,994
7385,4
7388,90
7391,1
7394,9
7397,3
7400,29
7403,4
7406,1
7409,2
7412,80
7415,1
7418,9
7421,1
7424,6
7427,12
7430,3
7433,1
7436,8
7439,3
7442,2
7445,232
7448,1
7451,13
7454,401
7457,6
7460,5
7463,1
7466,16
7469,13
7472,27
7475,7
7478,28
7481,1
7484,1
7487,26
7490,17
7493,5
7496,4
7499,1
7502,16
7505,4
7508,2
7511,5
7514,3
7517,2
7520,13
7523,1
7526,23
7529,90
7532,7
7535,1
7538,1
7541,NA
7544,1
7547,7
7550,2
7553,8
7556,12
7559,2
7562,3
7565,4
7568,2
7571,9
7574,10
7577,6
7580,1
7583,1
7586,1
7589,1
7592,2
7595,2
7598,1
7601,4
7604,2
7607,520
7610,6
7613,302
7616,12
7619,1
7622,7
7625,2
7628,1
7631,85
7634,17
7637,4
7640,1
7643,5
7646,1
7649,1
7652,28
7655,8
7658,229
7661,1
7664,17
7667,3
7670,1
7673,2
7676,3
7679,7
7682,11
7685,1
7688,1
7691,3
7694,1
7697,2
7700,1
7703,1
7706,1
7709,1
7712,3
7715,2
7718,NA
7721,3
7724,9
7727,2
7730,1
7733,1
7736,643
7739,6
7742,2
7745,2
7748,1
7751,8
7754,1
7757,4
7760,15
7763,10
7766,3
7769,1
7772,2
7775,4
7778,18
7781,9
7784,1
7787,7
7790,2
7793,18
7796,1
7799,1
7802,8
7805,1
7808,2
7811,1
7814,194
7817,6
7820,1
7823,8
7826,3
7829,242
7832,8
7835,4
7838,1
7841,4
7844,2
7847,4
7850,3
7853,8
7856,NA
7859,5
7862,2
7865,2
7868,2
7871,1
7874,1
7877,10
7880,3
7883,26
7886,8
7889,2
7892,11
7895,1
7898,2
7901,1
7904,2
7907,4
7910,1
7913,1
7916,1
7919,57
7922,3
7925,1
7928,2
7931,1
7934,5
7937,16
7940,1
7943,4
7946,4
7949,14
7952,384
7955,3
7958,1
7961,4
7964,5
7967,47
7970,16
7973,1
7976,21
7979,15
7982,NA
7985,9
7988,4
7991,3
7994,2
7997,19
8000,1
8003,1
8006,3
8009,37
8012,64
8015,5
8018,1
8021,13
8024,30
8027,40
8030,2
8033,8
8036,11
8039,6
8042,3
8045,6
8048,1
8051,107
8054,35
8057,11
8060,1
8063,2
8066,1
8069,1
8072,2
8075,11
8078,4
8081,15
8084,3
8087,8
8090,1
8093,1
8096,9
8099,2
8102,2
8105,1
8108,36
8111,15
8114,10
8117,83
8120,2
8123,1
8126,724
8129,1
8132,6
8135,NA
8138,18
8141,9
8144,1
8147,196
8150,2
8153,4
8156,1
8159,9
8162,4
8165,14
8168,1
8171,4
8174,1
8177,2
8180,3
8183,12
8186,8
8189,1
8192,14
8195,4
8198,2
8201,8
8204,19
8207,3
8210,4
8213,18
8216,1
8219,2
8222,3
8225,2
8228,9
8231,23
8234,2
8237,15
8240,1
8243,5
8246,5
8249,51
8252,14
8255,1
8258,5
8261,1
8264,3
8267,8
8270,5
8273,1
8276,3
8279,1
8282,2
8285,22
8288,1
8291,1
8294,3
8297,10
8300,30
8303,121
8306,759
8309,1
8312,26
8315,1
8318,2
8321,5
8324,5
8327,3
8330,32
8333,2
8336,51
8339,2
8342,6
8345,1
8348,4
8351,3
8354,9
8357,2
8360,6
8363,5
8366,11
8369,3
8372,2
8375,2
8378,1
8381,1
8384,NA
8387,47
8390,2
8393,1
8396,32
8399,2
8402,4
8405,1
8408,1
8411,5
8414,22
8417,2
8420,2
8423,1
8426,1
8429,1
8432,8
8435,4
8438,48
8441,1
8444,10
8447,7
8450,2
8453,5
8456,1
8459,2
8462,7
8465,15
8468,1
8471,16
8474,11
8477,24
8480,9
8483,32
8486,1
8489,6
8492,48
8495,8
8498,13
8501,9
8504,1
8507,3
8510,1
8513,1
8516,4
8519,1
8522,62
8525,5
8528,12
8531,15
8534,2
8537,2
8540,5
8543,1
8546,1
8549,3
8552,3
8555,1
8558,4
8561,3
8564,1
8567,4
8570,2
8573,6
8576,1
8579,159
8582,322
8585,5
8588,2
8591,4
8594,1
8597,95
8600,9
8603,20
8606,1
8609,NA
8612,2
8615,13
8618,1
8621,245
8624,1
8627,3
8630,2
8633,4
8636,3
8639,1
8642,18
8645,1
8648,2
8651,1
8654,6
8657,NA
8660,1
8663,5
8666,13
8669,2
8672,766
8675,1
8678,201
8681,17
8684,6
8687,2
8690,3
8693,34
8696,1
8699,25
8702,4
8705,2
8708,1
8711,1
8714,7
8717,2
8720,5
8723,4
8726,17
8729,1
8732,651
8735,11
8738,1
8741,1
8744,2
8747,2
8750,1
8753,6
8756,1
8759,2
8762,3
8765,4
8768,2
8771,36
8774,1
8777,3
8780,4
8783,4
8786,1
8789,2
8792,10
8795,510
8798,1
8801,1
8804,3
8807,16
8810,483
8813,4
8816,15
8819,2
8822,4
8825,15
8828,2
8831,12
8834,1
8837,6
8840,13
8843,2
8846,5
8849,1
8852,4
8855,1
8858,1
8861,1
8864,1
8867,262
8870,1
8873,34
8876,17
8879,2
8882,2
8885,4
8888,13
8891,11
8894,3
8897,3
8900,2
8903,2
8906,1
8909,NA
8912,2
8915,77
8918,4
8921,5
8924,2
8927,3
8930,1
8933,2
8936,3
8939,1
8942,8
8945,2
8948,94
8951,4
8954,6
8957,4
8960,11
8963,773
8966,1
8969,26
8972,6
8975,1
8978,8
8981,5
8984,1
8987,4
8990,14
8993,53
8996,20
8999,34
9002,2
9005,8
9008,1
9011,7
9014,9
9017,4
9020,2
9023,2
9026,1
9029,1
9032,8
9035,9
9038,NA
9041,24
9044,27
9047,2
9050,5
9053,1
9056,1
9059,1
9062,2
9065,3
9068,144
9071,20
9074,2
9077,3
9080,1
9083,2
9086,1
9089,1
9092,8
9095,1
9098,1
9101,11
9104,3
9107,2
9110,43
9113,1
9116,4
9119,1
9122,2
9125,2
9128,1
9131,384
9134,1
9137,3
9140,1
9143,25
9146,11
9149,1
9152,558
9155,2
9158,10
9161,3
9164,2
9167,6
9170,10
9173,9
9176,272
9179,2
9182,15
9185,1
9188,5
9191,1
9194,41
9197,3
9200,1
9203,70
9206,8
9209,27
9212,31
9215,5
9218,2
9221,9
9224,6
9227,44
9230,2
9233,2
9236,21
9239,1
9242,2
9245,3
9248,1
9251,9
9254,15
9257,2
9260,1
9263,30
9266,3
9269,13
9272,2
9275,2
9278,1
9281,1
9284,1
9287,64
9290,61
9293,12
9296,1
9299,5
9302,4
9305,6
9308,4
9311,4
9314,525
9317,14
9320,1
9323,2
9326,1
9329,1
9332,2
9335,NA
9338,1
9341,3
9344,2
9347,2
9350,4
9353,1
9356,68
9359,5
9362,2
9365,1
9368,16
9371,13
9374,2
9377,10
9380,NA
9383,1
9386,1
9389,3
9392,6
9395,1
9398,2
9401,3
9404,3
9407,3
9410,2
9413,5
9416,1
9419,NA
9422,3
9425,11
9428,5
9431,7
9434,1
9437,NA
9440,3
9443,1
9446,5
9449,1
9452,8
9455,1
9458,882
9461,NA
9464,2
9467,159
9470,1
9473,274
9476,NA
9479,10
9482,2
9485,4
9488,1
9491,1
9494,1
9497,4
9500,1
9503,4
9506,29
9509,9
9512,7
9515,10
9518,4
9521,23
9524,2
9527,14
9530,2
9533,1
9536,1
9539,43
9542,7
9545,4
9548,1
9551,1
9554,15
9557,3
9560,6
9563,1
9566,5
9569,11
9572,84
9575,2
9578,1
9581,1
9584,2
9587,383
9590,1
9593,1
9596,9
9599,3
9602,148
9605,7
9608,2
9611,7
9614,1
9617,2
9620,1
9623,4
9626,1
9629,6
9632,219
9635,2
9638,NA
9641,1
9644,17
9647,6
9650,3
9653,1
9656,1
9659,1
9662,4
9665,3
9668,2
9671,3
9674,9
9677,2
9680,3
9683,1
9686,12
9689,42
9692,3
9695,1
9698,1
9701,3
9704,2
9707,84
9710,1
9713,8
9716,1
9719,1
9722,3
9725,192
9728,4
9731,4
9734,209
9737,3
9740,2
9743,856
9746,1
9749,5
9752,10
9755,6
9758,1
9761,1
9764,11
9767,39
9770,4
9773,824
9776,NA
9779,2
9782,2
9785,2
9788,NA
9791,24
9794,5
9797,10
9800,3
9803,5
9806,3
9809,1
9812,NA
9815,2
9818,5
9821,11
9824,6
9827,7
9830,15
9833,4
9836,NA
9839,3
9842,NA
9845,5
9848,1
9851,NA
9854,1
9857,2
9860,14
9863,20
9866,89
9869,2
9872,2
9875,12
9878,2
9881,52
9884,1
9887,15
9890,7
9893,2
9896,11
9899,1
9902,4
9905,1
9908,1
9911,NA
9914,3
9917,3
9920,2
9923,4
9926,1
9929,1
9932,2
9935,2
9938,1
9941,NA
9944,2
9947,16
9950,1
9953,2
9956,1
9959,35
9962,4
9965,3
9968,44
9971,1
9974,2
9977,4
9980,6
9983,5
9986,4
9989,11
9992,15
9995,3
9998,8
10001,3
10004,NA
10007,2
10010,4
10013,32
10016,17
10019,3
10022,11
10025,4
10028,4
10031,7
10034,3
10037,7
10040,6
10043,21
10046,1
10049,NA
10052,6
10055,1
10058,2
10061,8
10064,1
10067,2
10070,3
10073,5
10076,37
10079,3
10082,2
10085,1
10088,2
10091,11
10094,11
10097,2
10100,23
10103,10
10106,1
10109,2
10112,6
10115,2
10118,9
10121,155
10124,3
10127,NA
10130,22
10133,2
10136,1
10139,9
10142,8
10145,1
10148,972
10151,1
10154,NA
10157,6
10160,1
10163,1
10166,3
10169,5
10172,20
10175,15
10178,1
10181,15
10184,1
10187,2
10190,4
10193,1
10196,3
10199,7
10202,3
10205,1
10208,21
10211,76
10214,6
10217,2
10220,3
10223,9
10226,1
10229,1
10232,10
10235,18
10238,46
10241,1
10244,7
10247,2
10250,7
10253,1
10256,8
10259,29
10262,2
10265,3
10268,1
10271,12
10274,6
10277,4
10280,26
10283,1
10286,119
10289,1
10292,3
10295,3
10298,2
10301,3
10304,NA
10307,6
10310,1
10313,1
10316,1
10319,1
10322,3
10325,9
10328,1
10331,8
10334,19
10337,96
10340,2
10343,9
10346,7
10349,1
10352,3
10355,8
10358,105
10361,7
10364,2
10367,12
10370,1
10373,4
10376,20
10379,3
10382,4
10385,3
10388,10
10391,993
10394,1
10397,15
10400,1
10403,4
10406,4
10409,2
10412,2
10415,2
10418,1
10421,1
10424,13
10427,2
10430,4
10433,8
10436,1
10439,1
10442,4
10445,1
10448,NA
10451,1
10454,5
10457,3
10460,296
10463,210
10466,4
10469,5
10472,43
10475,2
10478,2
10481,52
10484,11
10487,7
10490,5
10493,1
10496,7
10499,1
10502,44
10505,1
10508,1
10511,16
10514,1
10517,7
10520,4
10523,1
10526,3
10529,2
10532,10
10535,2
10538,1
10541,11
10544,1
10547,51
10550,4
10553,NA
10556,1
10559,3
10562,2
10565,1
10568,5
10571,13
10574,18
10577,NA
10580,2
10583,1
10586,NA
10589,10
10592,14
10595,2
10598,74
10601,1
10604,1
10607,7
10610,18
10613,2
10616,3
10619,2
10622,8
10625,16
10628,60
10631,3
10634,1
10637,6
10640,1
10643,128
10646,1
10649,2
10652,3
10655,6
10658,98
10661,5
10664,6
10667,52
10670,1
10673,17
10676,53
10679,22
10682,3
10685,1
10688,28
10691,7
10694,5
10697,2
10700,4
10703,1
10706,1
10709,1
10712,2
10715,3
10718,5
10721,4
10724,1
10727,2
10730,17
10733,212
10736,5
10739,5
10742,3
10745,1
10748,2
10751,1
10754,10
10757,3
10760,2
10763,832
10766,37
10769,1
10772,2
10775,590
10778,5
10781,1
10784,5
10787,24
10790,7
10793,310
10796,43
10799,1
10802,NA
10805,2
10808,1
10811,5
10814,3
10817,2
10820,3
10823,4
10826,3
10829,1
10832,2
10835,5
10838,8
10841,27
10844,1
10847,10
10850,3
10853,1
10856,1
10859,9
10862,34
10865,24
10868,108
10871,4
10874,26
10877,68
10880,4
10883,1
10886,4
10889,3
10892,2
10895,1
10898,4
10901,3
10904,1
10907,115
10910,2
10913,2
10916,72
10919,10
10922,4
10925,12
10928,2
10931,4
10934,1
10937,455
10940,1
10943,2
10946,1
10949,2
10952,24
10955,183
10958,NA
10961,1
10964,1
10967,3
10970,2
10973,8
10976,11
10979,2
10982,3
10985,3
10988,52
10991,25
10994,2
10997,19
11000,1
11003,1
11006,8
11009,5
11012,2
11015,11
11018,1
11021,1
11024,22
11027,2
11030,1
11033,1
11036,8
11039,2
11042,11
11045,1
11048,1
11051,28
11054,1
11057,8
11060,1
11063,17
11066,9
11069,1
11072,163
11075,8
11078,5
11081,3
11084,5
11087,NA
11090,127
11093,184
11096,616
11099,9
11102,7
11105,3
11108,1
11111,3
11114,3
11117,266
11120,6
11123,14
11126,3
11129,1
11132,12
11135,1
11138,1
11141,4
11144,17
11147,2
11150,1
11153,1
11156,5
11159,2
11162,14
11165,2
11168,125
11171,3
11174,1
11177,NA
11180,4
11183,5
11186,1
11189,9
11192,2
11195,1
11198,6
11201,12
11204,5
11207,4
11210,1
11213,2
11216,8
11219,1
11222,4
11225,3
11228,1
11231,3
11234,2
11237,20
11240,1
11243,12
11246,23
11249,5
11252,24
11255,2
11258,14
11261,29
11264,6
11267,8
11270,2
11273,1
11276,8
11279,1
11282,16
11285,1
11288,57
11291,1
11294,9
11297,79
11300,2
11303,1
11306,1
11309,5
11312,3
11315,1
11318,1
11321,15
11324,1
11327,16
11330,2
11333,1
11336,1
11339,10
11342,4
11345,3
11348,1
11351,27
11354,7
11357,23
11360,1
11363,2
11366,1
11369,2
11372,6
11375,2
11378,68
11381,4
11384,2
11387,4
11390,4
11393,2
11396,717
11399,7
11402,8
11405,1
11408,NA
11411,1
11414,9
11417,6
11420,73
11423,1
11426,1
11429,7
11432,88
11435,12
11438,4
11441,8
11444,3
11447,8
11450,1
11453,173
11456,5
11459,6
11462,31
11465,1
11468,97
11471,12
11474,1
11477,8
11480,4
11483,1
11486,3
11489,3
11492,6
11495,2
11498,2
11501,8
11504,5
11507,3
11510,1
11513,6
11516,1
11519,10
11522,791
11525,61
11528,2
11531,1
11534,3
11537,2
11540,2
11543,161
11546,3
11549,3
11552,2
11555,11
11558,12
11561,3
11564,1
11567,96
11570,4
11573,2
11576,3
11579,1
11582,3
11585,5
11588,2
11591,1
11594,1
11597,19
11600,5
11603,5
11606,17
11609,1
11612,NA
11615,3
11618,10
11621,NA
11624,2
11627,2
11630,1
11633,1
11636,1
11639,3
11642,82
11645,3
11648,9
11651,644
11654,1
11657,142
11660,3
11663,1
11666,NA
11669,26
11672,2
11675,1
11678,4
11681,1
11684,5
11687,3
11690,2
11693,2
11696,1
11699,1
11702,NA
11705,1
11708,4
11711,1
11714,6
11717,88
11720,2
11723,5
11726,8
11729,2
11732,3
11735,2
11738,1
11741,3
11744,3
11747,4
11750,28
11753,6
11756,1
11759,1
11762,7
11765,1
11768,5
11771,32
11774,1
11777,3
11780,333
11783,NA
11786,17
11789,2
11792,10
11795,1
11798,1
11801,9
11804,3
11807,10
11810,1
11813,584
11816,399
11819,1
11822,4
11825,1
11828,58
11831,1
11834,NA
11837,4
11840,5
11843,1
11846,3
11849,9
11852,4
11855,2
11858,1
11861,15
11864,181
11867,2
11870,30
11873,1
11876,21
11879,2
11882,2
11885,3
11888,14
11891,1
11894,7
11897,2
11900,4
11903,1
11906,55
11909,1
11912,199
11915,10
11918,2
11921,4
11924,2
11927,15
11930,1
11933,1
11936,1
11939,386
11942,3
11945,1
11948,4
11951,1
11954,61
11957,NA
11960,2
11963,NA
11966,1
11969,3
11972,38
11975,1
11978,1
11981,35
11984,NA
11987,14
11990,29
11993,1
11996,1
11999,5
12002,16
12005,1
12008,NA
12011,43
12014,13
12017,3
12020,10
12023,2
12026,16
12029,37
12032,2
12035,2
12038,21
12041,776
12044,2
12047,3
12050,1
12053,5
12056,7
12059,5
12062,31
12065,5
12068,934
12071,1
12074,9
12077,2
12080,12
12083,13
12086,15
12089,1
12092,20
12095,8
12098,1
12101,3
12104,1
12107,3
12110,27
12113,8
12116,1
12119,NA
12122,51
12125,4
12128,16
12131,1
12134,1
12137,4
12140,1
12143,1
12146,4
12149,2
12152,24
12155,2
12158,9
12161,3
12164,19
12167,22
12170,3
12173,1
12176,1
12179,2
12182,2
12185,16
12188,1
12191,5
12194,10
12197,47
12200,3
12203,1
12206,1
12209,1
12212,2
12215,10
12218,1
12221,1
12224,3
12227,3
12230,12
12233,4
12236,12
12239,3
12242,2
12245,10
12248,1
12251,1
12254,3
12257,2
12260,1
12263,9
12266,307
12269,6
12272,4
12275,11
12278,2
12281,1
12284,1
12287,6
12290,4
12293,5
12296,53
12299,2
12302,3
12305,3
12308,1
12311,48
12314,6
12317,10
12320,1
12323,1
12326,1
12329,1
12332,4
12335,11
12338,5
12341,4
12344,5
12347,NA
12350,32
12353,202
12356,1
12359,231
12362,2
12365,12
12368,4
12371,1
12374,1
12377,2
12380,9
12383,36
12386,11
12389,158
12392,698
12395,16
12398,8
12401,4
12404,3
12407,2
12410,3
12413,1
12416,220
12419,1
12422,10
12425,1
12428,1
12431,71
12434,1
12437,3
12440,1
12443,17
12446,1
12449,199
12452,10
12455,6
12458,1
12461,1
12464,9
12467,66
12470,11
12473,2
12476,4
12479,19
12482,7
12485,2
12488,1
12491,NA
12494,239
12497,3
12500,1
12503,1
12506,3
12509,10
12512,6
12515,1
12518,4
12521,1
12524,2
12527,62
12530,5
12533,1
12536,1
12539,1
12542,39
12545,1
12548,NA
12551,1
12554,NA
12557,95
12560,1
12563,24
12566,7
12569,3
12572,2
12575,7
12578,1
12581,7
12584,1
12587,4
12590,18
12593,1
12596,1
12599,9
12602,10
12605,13
12608,4
12611,32
12614,19
12617,24
12620,3
12623,2
12626,4
12629,1
12632,12
12635,1
12638,NA
12641,3
12644,1
12647,7
12650,4
12653,21
12656,5
12659,1
12662,19
12665,2
12668,1
12671,4
12674,98
12677,2
12680,7
12683,1
12686,1
12689,47
12692,4
12695,192
12698,1
12701,1
12704,2
12707,7
12710,3
12713,1
12716,3
12719,22
12722,12
12725,19
12728,1
12731,1
12734,5
12737,NA
12740,9
12743,2
12746,7
12749,2
12752,7
12755,1
12758,12
12761,3
12764,1
12767,8
12770,1
12773,4
12776,1
12779,6
12782,6
12785,6
12788,2
12791,19
12794,3
12797,34
12800,5
12803,1
12806,12
12809,13
12812,2
12815,6
12818,4
12821,3
12824,3
12827,2
12830,2
12833,1
12836,1
12839,2
12842,2
12845,1
12848,1
12851,11
12854,1
12857,18
12860,2
12863,2
12866,NA
12869,1
12872,2
12875,3
12878,1
12881,1
12884,11
12887,3
12890,1
12893,1
12896,1
12899,5
12902,8
12905,3
12908,1
12911,25
12914,2
12917,3
12920,1
12923,5
12926,4
12929,2
12932,11
12935,1
12938,NA
12941,5
12944,6
12947,NA
12950,1
12953,2
12956,3
12959,2
12962,4
12965,1
12968,4
12971,43
12974,6
12977,20
12980,2
12983,1
12986,1
12989,2
12992,11
12995,1
12998,5
13001,1
13004,13
13007,12
13010,30
13013,1
13016,5
13019,1
13022,2
13025,3
13028,6
13031,3
13034,1
13037,3
13040,13
13043,1
13046,1
13049,1
13052,2
13055,940
13058,1
13061,4
13064,1
13067,7
13070,82
13073,2
13076,11
13079,859
13082,19
13085,2
13088,1
13091,16
13094,2
13097,15
13100,183
13103,8
13106,3
13109,1
13112,2
13115,2
13118,5
13121,NA
13124,1
13127,55
13130,4
13133,4
13136,768
13139,13
13142,15
13145,1
13148,18
13151,3
13154,5
13157,110
13160,4
13163,24
13166,163
13169,38
13172,6
13175,1
13178,2
13181,7
13184,1
13187,91
13190,60
13193,30
13196,563
13199,11
13202,3
13205,2
13208,2
13211,3
13214,1
13217,7
13220,2
13223,2
13226,1
13229,1
13232,62
13235,67
13238,17
13241,4
13244,1
13247,2
13250,10
13253,4
13256,477
13259,2
13262,3
13265,2
13268,NA
13271,1
13274,1
13277,6
13280,1
13283,NA
13286,1
13289,5
13292,8
13295,1
13298,101
13301,25
13304,22
13307,59
13310,1
13313,1
13316,156
13319,1
13322,2
13325,4
13328,586
13331,23
13334,334
13337,10
13340,1
13343,NA
13346,4
13349,1
13352,7
13355,23
13358,1
13361,1
13364,182
13367,48
13370,2
13373,1
13376,1
13379,3
13382,11
13385,2
13388,2
13391,11
13394,1
13397,68
13400,2
13403,4
13406,5
13409,477
13412,2
13415,1
13418,1
13421,1
13424,1
13427,6
13430,2
13433,34
13436,3
13439,511
13442,7
13445,35
13448,46
13451,16
13454,3
13457,19
13460,15
13463,1
13466,12
13469,1
13472,35
13475,4
13478,1
13481,1
13484,6
13487,10
13490,10
13493,4
13496,3
13499,2
13502,2
13505,1
13508,113
13511,1
13514,3
13517,2
13520,97
13523,2
13526,1
13529,1
13532,130
13535,2
13538,5
13541,1
13544,1
13547,6
13550,3
13553,1
13556,11
13559,1
13562,2
13565,5
13568,4
13571,5
13574,34
13577,2
13580,1
13583,2
13586,4
13589,3
13592,679
13595,6
13598,4
13601,4
13604,1
13607,NA
13610,19
13613,NA
13616,35
13619,2
13622,4
13625,1
13628,22
13631,8
13634,3
13637,2
13640,2
13643,1
13646,453
13649,1
13652,4
13655,23
13658,8
13661,3
13664,239
13667,3
13670,11
13673,2
13676,9
13679,6
13682,15
13685,9
13688,5
13691,9
13694,NA
13697,23
13700,4
13703,10
13706,19
13709,1
13712,3
13715,10
13718,18
13721,4
13724,21
13727,3
13730,2
13733,4
13736,1
13739,1
13742,2
13745,10
13748,1
13751,1
13754,5
13757,3
13760,3
13763,114
13766,9
13769,7
13772,2
13775,57
13778,32
13781,4
13784,162
13787,2
13790,1
13793,2
13796,35
13799,1
13802,7
13805,2
13808,17
13811,3
13814,2
13817,2
13820,28
13823,1
13826,1
13829,3
13832,2
13835,2
13838,1
13841,1
13844,121
13847,144
13850,10
13853,4
13856,19
13859,1
13862,102
13865,1
13868,126
13871,5
13874,14
13877,2
13880,1
13883,2
13886,1
13889,1
13892,2
13895,34
13898,2
13901,279
13904,1
13907,3
13910,1
13913,52
13916,7
13919,1
13922,3
13925,2
13928,5
13931,8
13934,114
13937,6
13940,3
13943,5
13946,7
13949,23
13952,10
13955,6
13958,1
13961,67
13964,3
13967,2
13970,103
13973,13
13976,8
13979,3
13982,11
13985,1
13988,16
13991,16
13994,13
13997,6
14000,4
14003,1
14006,3
14009,507
14012,3
14015,1
14018,405
14021,1
14024,483
14027,28
14030,4
14033,6
14036,1
14039,26
14042,10
14045,276
14048,2
14051,1
14054,1
14057,7
14060,2
14063,8
14066,1
14069,3
14072,38
14075,1
14078,205
14081,63
14084,1
14087,18
14090,1
14093,74
14096,1
14099,25
14102,27
14105,1
14108,93
14111,52
14114,1
14117,10
14120,56
14123,9
14126,292
14129,17
14132,64
14135,3
14138,1
14141,1
14144,2
14147,3
14150,2
14153,973
14156,13
14159,3
14162,2
14165,6
14168,2
14171,1
14174,5
14177,3
14180,1
14183,1
14186,3
14189,6
14192,NA
14195,2
14198,9
14201,63
14204,2
14207,2
14210,1
14213,1
14216,3
14219,43
14222,3
14225,42
14228,2
14231,55
14234,39
14237,3
14240,1
14243,18
14246,4
14249,101
14252,166
14255,1
14258,9
14261,3
14264,27
14267,8
14270,2
14273,1
14276,1
14279,7
14282,2
14285,3
14288,1
14291,204
14294,1
14297,6
14300,2
14303,44
14306,1
14309,1
14312,3
14315,58
14318,5
14321,1
14324,25
14327,7
14330,66
14333,4
14336,13
14339,2
14342,3
14345,1
14348,13
14351,1
14354,26
14357,14
14360,18
14363,4
14366,19
14369,7
14372,7
14375,2
14378,2
14381,3
14384,3
14387,2
14390,203
14393,5
14396,5
14399,2
14402,2
14405,412
14408,40
14411,1
14414,5
14417,566
14420,2
14423,2
14426,1
14429,1
14432,4
14435,1
14438,18
14441,1
14444,1
14447,3
14450,1
14453,33
14456,23
14459,2
14462,26
14465,1
14468,1
14471,7
14474,3
14477,6
14480,2
14483,4
14486,11
14489,5
14492,19
14495,1
14498,34
14501,83
14504,1
14507,7
14510,4
14513,22
14516,1
14519,2
14522,222
14525,3
14528,1
14531,1
14534,1
14537,6
14540,1
14543,2
14546,1
14549,1
14552,2
14555,4
14558,24
14561,1
14564,9
14567,3
14570,1
14573,2
14576,3
14579,1
14582,80
14585,4
14588,2
14591,1
14594,1
14597,3
14600,1
14603,1
14606,3
14609,NA
14612,3
14615,15
14618,6
14621,NA
14624,1
14627,12
14630,1
14633,2
14636,1
14639,NA
14642,3
14645,1
14648,5
14651,4
14654,45
14657,4
14660,2
14663,29
14666,1
14669,3
14672,32
14675,6
14678,1
14681,NA
14684,951
14687,2
14690,5
14693,2
14696,5
14699,1
14702,2
14705,1
14708,26
14711,5
14714,1
14717,7
14720,7
14723,6
14726,1
14729,1
14732,11
14735,1
14738,2
14741,1
14744,1
14747,4
14750,2
14753,809
14756,1
14759,1
14762,3
14765,1
14768,1
14771,236
14774,2
14777,3
14780,25
14783,4
14786,64
14789,3
14792,22
14795,148
14798,10
14801,7
14804,143
14807,15
14810,78
14813,14
14816,3
14819,2
14822,92
14825,34
14828,1
14831,268
14834,6
14837,3
14840,1
14843,1
14846,3
14849,3
14852,3
14855,1
14858,2
14861,105
14864,2
14867,10
14870,1
14873,NA
14876,1
14879,6
14882,7
14885,2
14888,10
14891,7
14894,1
14897,44
14900,41
14903,5
14906,15
14909,11
14912,20
14915,9
14918,14
14921,11
14924,1
14927,18
14930,1
14933,1
14936,1
14939,1
14942,2
14945,1
14948,1
14951,4
14954,1
14957,126
14960,2
14963,4
14966,131
14969,1
14972,14
14975,259
14978,5
14981,37
14984,NA
14987,2
14990,7
14993,1
14996,1
14999,951
15002,2
15005,6
15008,2
15011,1
15014,1
15017,4
15020,1
15023,1
15026,4
15029,2
15032,NA
15035,2
15038,2
15041,9
15044,10
15047,4
15050,2
15053,1
15056,1
15059,1
15062,64
15065,5
15068,8
15071,1
15074,1
15077,343
15080,1
15083,5
15086,7
15089,2
15092,2
15095,5
15098,5
15101,1
15104,246
15107,10
15110,4
15113,1
15116,17
15119,5
15122,NA
15125,1
15128,6
15131,5
15134,9
15137,2
15140,1
15143,9
15146,NA
15149,210
15152,2
15155,1
15158,2
15161,3
15164,2
15167,4
15170,73
15173,10
15176,125
15179,1
15182,10
15185,4
15188,249
15191,1
15194,3
15197,3
15200,20
15203,NA
15206,1
15209,1
15212,46
15215,2
15218,4
15221,39
15224,2
15227,4
15230,21
15233,5
15236,5
15239,2
15242,6
15245,1
15248,4
15251,28
15254,1
15257,12
15260,2
15263,6
15266,1
15269,7
15272,3
15275,4
15278,2
15281,13
15284,1
15287,2
15290,1
15293,1
15296,NA
15299,26
15302,7
15305,1
15308,1
15311,97
15314,843
15317,8
15320,4
15323,10
15326,3
15329,1
15332,6
15335,1
15338,26
15341,4
15344,1
15347,2
15350,1
15353,1
15356,NA
15359,7
15362,28
15365,3
15368,33
15371,3
15374,3
15377,3
15380,8
15383,16
15386,1
15389,2
15392,38
15395,2
15398,5
15401,19
15404,2
15407,154
15410,1
15413,693
15416,1
15419,1
15422,4
15425,10
15428,1
15431,12
15434,10
15437,3
15440,13
15443,1
15446,4
15449,2
15452,31
15455,337
15458,2
15461,1
15464,6
15467,2
15470,1
15473,69
15476,3
15479,3
15482,7
15485,1
15488,5
15491,3
15494,1
15497,2
15500,1
15503,1
15506,1
15509,86
15512,38
15515,1
15518,2
15521,375
15524,1
15527,2
15530,11
15533,16
15536,20
15539,945
15542,4
15545,3
15548,2
15551,NA
15554,3
15557,2
15560,1
15563,2
15566,1
15569,1
15572,3
15575,2
15578,277
15581,3
15584,7
15587,60
15590,12
15593,6
15596,1
15599,2
15602,2
15605,4
15608,9
15611,7
15614,162
15617,916
15620,96
15623,2
15626,100
15629,47
15632,2
15635,6
15638,1
15641,13
15644,43
15647,16
15650,1
15653,1
15656,3
15659,11
15662,3
15665,1
15668,2
15671,3
15674,2
15677,3
15680,4
15683,25
15686,1
15689,1
15692,7
15695,6
15698,6
15701,1
15704,9
15707,11
15710,2
15713,1
15716,40
15719,50
15722,16
15725,1
15728,1
15731,271
15734,9
15737,4
15740,143
15743,13
15746,32
15749,190
15752,10
15755,3
15758,1
15761,28
15764,1
15767,3
15770,1
15773,6
15776,4
15779,6
15782,2
15785,3
15788,6
15791,1
15794,2
15797,46
15800,1
15803,5
15806,1
15809,913
15812,4
15815,1
15818,1
15821,1
15824,2
15827,3
15830,7
15833,2
15836,4
15839,1
15842,10
15845,6
15848,1
15851,1
15854,NA
15857,42
15860,1
15863,2
15866,4
15869,NA
15872,283
15875,3
15878,2
15881,1
15884,30
15887,2
15890,5
15893,5
15896,17
15899,1
15902,3
15905,2
15908,2
15911,1
15914,39
15917,50
15920,2
15923,156
15926,4
15929,11
15932,3
15935,3
15938,1
15941,4
15944,11
15947,2
15950,2
15953,NA
15956,3
15959,7
15962,2
15965,1
15968,1
15971,9
15974,2
15977,2
15980,2
15983,1
15986,3
15989,1
15992,2
15995,119
15998,1
16001,3
16004,7
16007,3
16010,1
16013,354
16016,1
16019,14
16022,2
16025,1
16028,1
16031,140
16034,5
16037,2
16040,5
16043,2
16046,1
16049,3
16052,2
16055,2
16058,9
16061,5
16064,1
16067,3
16070,13
16073,8
16076,8
16079,1
16082,2
16085,109
16088,NA
16091,1
16094,1
16097,3
16100,3
16103,206
16106,13
16109,49
16112,54
16115,14
16118,20
16121,1
16124,1
16127,4
16130,2
16133,NA
16136,8
16139,238
16142,7
16145,1
16148,8
16151,1
16154,7
16157,11
16160,12
16163,1
16166,5
16169,1
16172,3
16175,39
16178,20
16181,108
16184,1
16187,2
16190,8
16193,1
16196,1
16199,19
16202,3
16205,9
16208,1
16211,5
16214,2
16217,4
16220,1
16223,4
16226,1
16229,2
16232,34
16235,1
16238,4
16241,28
16244,2
16247,8
16250,1
16253,2
16256,20
16259,6
16262,4
16265,6
16268,158
16271,3
16274,7
16277,547
16280,1
16283,1
16286,20
16289,1
16292,2
16295,5
16298,18
16301,17
16304,30
16307,2
16310,1
16313,6
16316,245
16319,1
16322,3
16325,6
16328,45
16331,4
16334,6
16337,2
16340,26
16343,4
16346,7
16349,110
16352,10
16355,2
16358,1
16361,24
16364,3
16367,2
16370,2
16373,18
16376,1
16379,5
16382,2
16385,35
16388,5
16391,4
16394,2
16397,15
16400,22
16403,9
16406,3
16409,5
16412,3
16415,1
16418,41
16421,3
16424,2
16427,4
16430,23
16433,NA
16436,12
16439,1
16442,NA
16445,12
16448,5
16451,8
16454,3
16457,31
16460,1
16463,1
16466,1
16469,13
16472,2
16475,102
16478,5
16481,1
16484,1
16487,10
16490,1
16493,1
16496,104
16499,2
16502,NA
16505,1
16508,2
16511,1
16514,6
16517,2
16520,1
16523,440
16526,3
16529,1
16532,4
16535,4
16538,9
16541,1
16544,6
16547,26
16550,1
16553,802
16556,1
16559,26
16562,3
16565,9
16568,33
16571,7
16574,1
16577,2
16580,118
16583,1
16586,7
16589,497
16592,3
16595,11
16598,2
16601,NA
16604,2
16607,6
16610,7
16613,2
16616,23
16619,1
16622,24
16625,1
16628,6
16631,4
16634,2
16637,3
16640,1
16643,2
16646,1
16649,21
16652,2
16655,1
16658,1
16661,1
16664,2
16667,2
16670,1
16673,557
16676,1
16679,27
16682,NA
16685,4
16688,40
16691,49
16694,3
16697,3
16700,13
16703,1
16706,11
16709,7
16712,18
16715,1
16718,1
16721,336
16724,6
16727,4
16730,1
16733,NA
16736,3
16739,6
16742,12
16745,1
16748,6
16751,13
16754,1
16757,4
16760,4
16763,1
16766,8
16769,3
16772,2
16775,1
16778,1
16781,28
16784,17
16787,115
16790,4
16793,1
16796,1
16799,167
16802,2
16805,1
16808,5
16811,NA
16814,3
16817,2
16820,2
16823,1
16826,125
16829,38
16832,2
16835,1
16838,9
16841,3
16844,1
16847,NA
16850,6
16853,2
16856,3
16859,1
16862,487
16865,4
16868,1
16871,59
16874,5
16877,2
16880,2
16883,2
16886,28
16889,5
16892,4
16895,3
16898,12
16901,1
16904,5
16907,4
16910,45
16913,206
16916,16
16919,2
16922,2
16925,3
16928,1
16931,3
16934,1
16937,4
16940,2
16943,17
16946,813
16949,9
16952,6
16955,47
16958,24
16961,4
16964,9
16967,3
16970,2
16973,1
16976,1
16979,110
16982,126
16985,1
16988,9
16991,1
16994,71
16997,4
17000,20
17003,1
17006,231
17009,5
17012,18
17015,1
17018,61
17021,3
17024,130
17027,102
17030,2
17033,237
17036,5
17039,18
17042,2
17045,1
17048,9
17051,1
17054,1
17057,46
17060,4
17063,174
17066,12
17069,1
17072,4
17075,1
17078,NA
17081,1
17084,5
17087,2
17090,14
17093,1
17096,24
17099,22
17102,6
17105,9
17108,4
17111,3
17114,1
17117,3
17120,21
17123,1
17126,16
17129,7
17132,3
17135,1
17138,1
17141,563
17144,1
17147,2
17150,2
17153,25
17156,19
17159,58
17162,4
17165,5
17168,4
17171,1
17174,NA
17177,NA
17180,15
17183,609
17186,4
17189,875
17192,12
17195,3
17198,2
17201,1
17204,1
17207,58
17210,138
17213,1
17216,107
17219,1
17222,150
17225,1
17228,158
17231,3
17234,9
17237,15
17240,2
17243,1
17246,1
17249,37
17252,2
17255,11
17258,1
17261,3
17264,2
17267,6
17270,1
17273,2
17276,13
17279,2
17282,2
17285,1
17288,1
17291,7
17294,10
17297,6
17300,19
17303,28
17306,3
17309,102
17312,6
17315,4
17318,9
17321,1
17324,1
17327,4
17330,4
17333,12
17336,11
17339,5
17342,3
17345,3
17348,4
17351,3
17354,1
17357,3
17360,2
17363,5
17366,1
17369,NA
17372,3
17375,1
17378,8
17381,1
17384,2
17387,83
17390,1
17393,NA
17396,4
17399,117
17402,2
17405,2
17408,8
17411,3
17414,22
17417,270
17420,6
17423,26
17426,7
17429,9
17432,2
17435,4
17438,1
17441,3
17444,1
17447,2
17450,63
17453,198
17456,1
17459,5
17462,32
17465,9
17468,1
17471,27
17474,1
17477,175
17480,5
17483,4
17486,8
17489,3
17492,2
17495,2
17498,5
17501,4
17504,27
17507,8
17510,3
17513,1
17516,7
17519,1
17522,34
17525,5
17528,114
17531,5
17534,1
17537,7
17540,3
17543,1
17546,9
17549,3
17552,24
17555,2
17558,4
17561,7
17564,6
17567,3
17570,5
17573,1
17576,212
17579,2
17582,3
17585,8
17588,33
17591,5
17594,2
17597,2
17600,1
17603,10
17606,1
17609,795
17612,6
17615,8
17618,38
17621,79
17624,9
17627,7
17630,2
17633,5
17636,1
17639,1
17642,199
17645,12
17648,4
17651,5
17654,47
17657,15
17660,1
17663,1
17666,51
17669,2
17672,2
17675,1
17678,9
17681,1
17684,3
17687,7
17690,2
17693,5
17696,4
17699,1
17702,2
17705,1
17708,1
17711,92
17714,5
17717,10
17720,2
17723,4
17726,8
17729,1
17732,2
17735,2
17738,1
17741,3
17744,2
17747,6
17750,1
17753,246
17756,17
17759,11
17762,19
17765,2
17768,13
17771,15
17774,2
17777,10
17780,6
17783,14
17786,3
17789,33
17792,11
17795,1
17798,NA
17801,4
17804,1
17807,2
17810,1
17813,NA
17816,1
17819,2
17822,4
17825,7
17828,5
17831,1
17834,1
17837,78
17840,106
17843,1
17846,NA
17849,1
17852,8
17855,7
17858,1
17861,17
17864,3
17867,7
17870,13
17873,24
17876,1
17879,54
17882,6
17885,2
17888,2
17891,11
17894,30
17897,6
17900,1
17903,2
17906,1
17909,1
17912,8
17915,1
17918,9
17921,NA
17924,5
17927,7
17930,27
17933,1
17936,1
17939,169
17942,20
17945,2
17948,1
17951,1
17954,2
17957,3
17960,7
17963,468
17966,3
17969,10
17972,2
17975,13
17978,32
17981,13
17984,49
17987,2
17990,1
17993,60
17996,33
17999,1
18002,108
18005,4
18008,4
18011,53
18014,26
18017,3
18020,2
18023,1
18026,84
18029,51
18032,4
18035,1
18038,2
18041,1
18044,13
18047,14
18050,47
18053,2
18056,1
18059,10
18062,2
18065,1
18068,1
18071,4
18074,1
18077,2
18080,1
18083,1
18086,3
18089,18
18092,2
18095,32
18098,1
18101,1
18104,1
18107,35
18110,2
18113,18
18116,11
18119,29
18122,70
18125,24
18128,58
18131,7
18134,5
18137,3
18140,1
18143,1
18146,428
18149,1
18152,10
18155,138
18158,9
18161,9
18164,3
18167,7
18170,10
18173,13
18176,5
18179,478
18182,2
18185,2
18188,1
18191,4
18194,1
18197,11
18200,30
18203,2
18206,1
18209,50
18212,4
18215,2
18218,20
18221,21
18224,2
18227,23
18230,22
18233,773
18236,96
18239,10
18242,2
18245,3
18248,1
18251,19
18254,11
18257,2
18260,4
18263,1
18266,11
18269,99
18272,12
18275,7
18278,1
18281,16
18284,37
18287,6
18290,1
18293,1
18296,3
18299,1
18302,3
18305,5
18308,6
18311,1
18314,1
18317,18
18320,527
18323,4
18326,1
18329,2
18332,NA
18335,1
18338,6
18341,1
18344,18
18347,11
18350,24
18353,8
18356,1
18359,42
18362,220
18365,2
18368,2
18371,1
18374,107
18377,4
18380,3
18383,24
18386,3
18389,1
18392,3
18395,3
18398,8
18401,1
18404,10
18407,3
18410,1
18413,1
18416,3
18419,1
18422,4
18425,17
18428,21
18431,17
18434,3
18437,95
18440,1
18443,69
18446,7
18449,3
18452,376
18455,5
18458,2
18461,7
18464,1
18467,64
18470,221
18473,1
18476,9
18479,17
18482,8
18485,3
18488,1
18491,41
18494,1
18497,138
18500,32
18503,10
18506,3
18509,6
18512,3
18515,4
18518,38
18521,1
18524,14
18527,3
18530,107
18533,116
18536,4
18539,7
18542,184
18545,3
18548,NA
18551,25
18554,9
18557,10
18560,2
18563,92
18566,NA
18569,5
18572,2
18575,36
18578,76
18581,3
18584,1
18587,6
18590,19
18593,2
18596,3
18599,1
18602,14
18605,11
18608,1
18611,1
18614,5
18617,2
18620,1
18623,374
18626,NA
18629,1
18632,23
18635,2
18638,2
18641,1
18644,1
18647,7
18650,1
18653,336
18656,1
18659,27
18662,8
18665,3
18668,5
18671,9
18674,1
18677,2
18680,3
18683,8
18686,1
18689,74
18692,3
18695,5
18698,797
18701,15
18704,1
18707,3
18710,479
18713,18
18716,4
18719,1
18722,2
18725,3
18728,1
18731,4
18734,31
18737,107
18740,4
18743,2
18746,4
18749,6
18752,2
18755,2
18758,713
18761,5
18764,3
18767,6
18770,1
18773,1
18776,13
18779,3
18782,6
18785,11
18788,58
18791,5
18794,2
18797,2
18800,5
18803,10
18806,3
18809,2
18812,2
18815,1
18818,2
18821,3
18824,1
18827,172
18830,21
18833,1
18836,1
18839,1
18842,214
18845,2
18848,4
18851,104
18854,15
18857,3
18860,1
18863,1
18866,5
18869,5
18872,15
18875,1
18878,4
18881,1
18884,1
18887,2
18890,2
18893,16
18896,3
18899,1
18902,4
18905,9
18908,14
18911,108
18914,2
18917,2
18920,29
18923,1
18926,17
18929,1
18932,4
18935,1
18938,1
18941,1
18944,NA
18947,7
18950,1
18953,148
18956,1
18959,3
18962,3
18965,NA
18968,5
18971,NA
18974,2
18977,2
18980,2
18983,2
18986,3
18989,7
18992,2
18995,5
18998,2
19001,9
19004,21
19007,12
19010,3
19013,2
19016,11
19019,29
19022,2
19025,2
19028,9
19031,7
19034,2
19037,6
19040,1
19043,2
19046,5
19049,31
19052,359
19055,1
19058,30
19061,NA
19064,6
19067,14
19070,3
19073,1
19076,23
19079,6
19082,6
19085,1
19088,5
19091,8
19094,1
19097,55
19100,9
19103,5
19106,1
19109,10
19112,2
19115,7
19118,5
19121,81
19124,1
19127,7
19130,1
19133,8
19136,45
19139,2
19142,2
19145,1
19148,350
19151,1
19154,1
19157,336
19160,1
19163,2
19166,11
19169,1
19172,47
19175,2
19178,12
19181,NA
19184,2
19187,2
19190,8
19193,26
19196,1
19199,3
19202,671
19205,29
19208,105
19211,1
19214,1
19217,4
19220,4
19223,2
19226,5
19229,1
19232,8
19235,4
19238,1
19241,4
19244,7
19247,2
19250,2
19253,1
19256,17
19259,46
19262,4
19265,16
19268,4
19271,1
19274,2
19277,14
19280,2
19283,1
19286,420
19289,6
19292,3
19295,17
19298,2
19301,8
19304,59
19307,22
19310,9
19313,1
19316,5
19319,1
19322,12
19325,1
19328,1
19331,4
19334,245
19337,12
19340,10
19343,1
19346,1
19349,6
19352,3
19355,1
19358,1
19361,27
19364,2
19367,18
19370,2
19373,2
19376,1
19379,1
19382,23
19385,2
19388,1
19391,1
19394,3
19397,2
19400,1
19403,2
19406,133
19409,1
19412,92
19415,2
19418,2
19421,NA
19424,2
19427,3
19430,3
19433,1
19436,12
19439,5
19442,6
19445,1
19448,2
19451,29
19454,5
19457,3
19460,4
19463,1
19466,1
19469,1
19472,55
19475,2
19478,22
19481,3
19484,2
19487,50
19490,3
19493,4
19496,4
19499,86
19502,2
19505,5
19508,1
19511,4
19514,5
19517,108
19520,6
19523,24
19526,1
19529,2
19532,4
19535,297
19538,4
19541,21
19544,1
19547,6
19550,1
19553,2
19556,41
19559,47
19562,6
19565,1
19568,12
19571,23
19574,1
19577,502
19580,5
19583,5
19586,1
