1,1
2,1
3,1
4,2
5,1
6,1
7,2
8,1
9,1
10,2
11,1
12,3
13,2
14,1
15,1
16,4
17,3
18,1
19,6
20,1
21,1
22,2
23,1
24,2
25,2
26,1
27,2
28,2
29,1
30,1
31,8
32,3
33,1
34,2
35,1
36,1
37,2
38,5
39,1
40,4
41,1
42,3
43,2
44,1
45,2
46,8
47,583
48,1
49,2
50,1
51,1
52,6
53,1
54,1
55,4
56,1
57,2
58,2
59,5
60,2
61,4
62,7
63,1
64,2
65,1
66,5
67,2
68,1
69,1
70,2
71,3
72,3
73,2
74,1
75,1
76,4
77,3
78,1
79,2
80,3
81,1
82,10
83,1
84,2
85,4
86,1
87,2
88,2
89,1
90,1
91,8
92,7
93,2
94,582
95,1
96,1
97,2
98,1
99,1
100,2
101,3
102,2
103,16
104,5
105,1
106,4
107,3
108,2
109,6
110,3
111,1
112,2
113,1
114,1
115,2
116,1
117,3
118,4
119,1
120,1
121,8
122,3
123,6
124,6
125,1
126,3
127,2
128,1
129,3
130,2
131,1
132,4
133,4
134,1
135,1
136,12
137,3
138,1
139,2
140,1
141,1
142,2
143,53
144,2
145,6
146,1
147,8
148,2
149,3
150,2
151,4
152,3
153,1
154,2
155,1
156,1
157,8
158,1
159,6
160,2
161,3
162,3
163,2
164,9
165,1
166,4
167,7
168,1
169,2
170,3
171,8
172,4
173,1
174,1
175,2
176,1
177,2
178,6
179,1
180,7
181,4
182,7
183,1
184,6
185,3
186,1
187,6
188,581
189,1
190,2
191,1
192,2
193,2
194,1
195,4
196,4
197,15
198,1
199,2
200,1
201,3
202,2
203,13
204,1
205,2
206,15
207,2
208,4
209,1
210,1
211,20
212,3
213,2
214,2
215,1
216,1
217,66
218,5
219,1
220,2
221,1
222,3
223,8
224,1
225,3
226,4
227,11
228,1
229,6
230,1
231,1
232,2
233,1
234,2
235,2
236,3
237,4
238,2
239,1
240,5
241,36
242,7
243,1
244,2
245,1
246,5
247,6
248,5
249,1
250,4
251,1
252,2
253,2
254,1
255,2
256,8
257,279
258,2
259,38
260,1
261,1
262,2
263,29
264,3
265,2
266,3
267,2
268,4
269,3
270,1
271,4
272,11
273,1
274,2
275,7
276,8
277,2
278,1
279,2
280,4
281,1
282,2
283,30
284,1
285,1
286,52
287,3
288,1
289,10
290,5
291,4
292,4
293,1
294,7
295,2
296,1
297,3
298,2
299,1
300,1
301,4
302,3
303,1
304,2
305,3
306,1
307,2
308,1
309,1
310,6
311,9
312,2
313,4
314,7
315,1
316,8
317,7
318,5
319,2
320,1
321,1
322,2
323,1
324,2
325,2
326,1
327,3
328,8
329,1
330,1
331,4
332,3
333,5
334,6
335,19
336,1
337,4
338,1
339,3
340,2
341,1
342,7
343,2
344,3
345,1
346,12
347,3
348,4
349,10
350,1
351,12
352,2
353,21
354,1
355,6
356,5
357,2
358,2
359,1
360,6
361,28
362,3
363,1
364,6
365,5
366,1
367,12
368,5
369,1
370,2
371,1
372,2
373,2
374,5
375,1
376,580
377,11
378,1
379,14
380,1
381,3
382,4
383,6393
384,1
385,8
386,1
387,2
388,2
389,11
390,3
391,4
392,3
393,1
394,14
395,5
396,3
397,4
398,1
399,2
400,2
401,3
402,2
403,2
404,1
405,1
406,12
407,3
408,4
409,2
410,1
411,1
412,14
413,1
414,1
415,6
416,3
417,2
418,4
419,1
420,3
421,4
422,19
423,2
424,2
425,7
426,1
427,2
428,1
429,1
430,2
431,1
432,3
433,2
434,65
435,2
436,4
437,23
438,1
439,6
440,1
441,1
442,6
443,1
444,2
445,4
446,7
447,2
448,8
449,3
450,2
451,12
452,3
453,1
454,10
455,1
456,4
457,8
458,5
459,1
460,10
461,5
462,3
463,6
464,1
465,2
466,4
467,19
468,1
469,2
470,1
471,3
472,2
473,1
474,3
475,2
476,1
477,6
478,2
479,3
480,4
481,64
482,35
483,1
484,6
485,1
486,3
487,2
488,1
489,5
490,4
491,1
492,4
493,2
494,5
495,1
496,4
497,7
498,1
499,2
500,3
501,4
502,10
503,5
504,1
505,4
506,1
507,2
508,10
509,1
510,1
511,8
512,7
513,2
514,278
515,1
516,1
517,2
518,37
519,1
520,2
521,5
522,2
523,4
524,1
525,1
526,28
527,3
528,2
529,6
530,1
531,1
532,2
533,13
534,1
535,2
536,3
537,3
538,2
539,7
540,2
541,8
542,3
543,1
544,10
545,1
546,1
547,4
548,1
549,5
550,6
551,1
552,7
553,2
554,1
555,2
556,12
557,3
558,1
559,2
560,3
561,1
562,6
563,9
564,1
565,4
566,29
567,2
568,2
569,15
570,2
571,4
572,51
573,2
574,2
575,1
576,1
577,2
578,9
579,6
580,4
581,1
582,3
583,2
584,3
585,1
586,4
587,227
588,6
589,2
590,1
591,3
592,4
593,1
594,2
595,2
596,1
597,2
598,2
599,3
600,1
601,16
602,3
603,4
604,2
605,11
606,1
607,12
608,1
609,2
610,2
611,1
612,11
613,6
614,1
615,1
616,4
617,3
618,1
619,2
620,5
621,3
622,8
623,5
624,1
625,8
626,3
627,6
628,6
629,1
630,2
631,144
632,7
633,9
634,6
635,3
636,4
637,2
638,1
639,1
640,6
641,1
642,4
643,4
644,1
645,1
646,4
647,15
648,1
649,22
650,1
651,1
652,2
653,1
654,2
655,2
656,7
657,4
658,2
659,1
660,1
661,8
662,3
663,1
664,2
665,7
666,4
667,6
668,5
669,2
670,18
671,7
672,2
673,2
674,3
675,5
676,12
677,3
678,2
679,6
680,1
681,3
682,2
683,1
684,6
685,2
686,1
687,2
688,2
689,15
690,1
691,4
692,11
693,8
694,2
695,9
696,3
697,2
698,9
699,1
700,2
701,5
702,11
703,8
704,1
705,3
706,20
707,3
708,2
709,2
710,5
711,1
712,4
713,1
714,1
715,2
716,1
717,3
718,4
719,1
720,5
721,8
722,27
723,1
724,2
725,1
726,1
727,2
728,5
729,1
730,4
731,3
732,3
733,12
734,11
735,1
736,4
737,3
738,2
739,2
740,1
741,1
742,2
743,1
744,1
745,6
746,1
747,4
748,4
749,1
750,2
751,12
752,579
753,4
754,10
755,1
756,4
757,4
758,13
759,2
760,2
761,1
762,2
763,8
764,3
765,1
766,6392
767,23
768,4
769,14
770,7
771,1
772,2
773,53
774,1
775,4
776,1
777,2
778,10
779,1
780,2
781,4
782,3
783,1
784,2
785,1
786,4
787,8
788,13
789,1
790,4
791,1
792,2
793,4
794,3
795,2
796,12
797,35
798,1
799,6
800,1
801,5
802,2
803,1
804,1
805,2
806,1
807,2
808,6
809,1
810,1
811,16
812,11
813,1
814,2
815,3
816,3
817,6
818,1
819,3
820,4
821,3
822,3
823,6
824,13
825,2
826,4
827,19
828,1
829,18
830,5
831,1
832,2
833,1
834,1
835,6
836,3
837,6
838,6
839,5
840,2
841,4
842,3
843,2
844,18
845,3
846,1
847,2
848,1
849,1
850,6
851,7
852,4
853,2
854,1
855,3
856,4
857,3
858,2
859,10
860,1
861,1
862,2
863,5
864,2
865,2
866,1
867,2
868,64
869,5
870,1
871,8
872,3
873,1
874,22
875,3
876,1
877,4
878,5
879,1
880,4
881,1027
882,2
883,2
884,5
885,2
886,4
887,7
888,1
889,2
890,3
891,1
892,6
893,1
894,1
895,2
896,7
897,3
898,2
899,3
900,1
901,12
902,11
903,2
904,2
905,1
906,9
907,6
908,9
909,2
910,4
911,1
912,3
913,18
914,7
915,1
916,4
917,27
918,2
919,2
920,9
921,3
922,4
923,1
924,2
925,2
926,5
927,2
928,6
929,3
930,1
931,4
932,3
933,1
934,18
935,1
936,1
937,8
938,1
939,1
940,2
941,3
942,2
943,6
944,1
945,3
946,4
947,3
948,2
949,2
950,1
951,4
952,4
953,1
954,5
955,2
956,1
957,4
958,2
959,3
960,3
961,4
962,63
963,2
964,34
965,1
966,1
967,4
968,5
969,2
970,2
971,9
972,2
973,4
974,1
975,1
976,8
977,3
978,4
979,2
980,3
981,5
982,2
983,9
984,3
985,4
986,1
987,7
988,4
989,1
990,6
991,16
992,3
993,1
994,6
995,9
996,1
997,2
998,1
999,1
1000,2
1001,1
1002,3
1003,2
1004,9
1005,1
1006,4
1007,23
1008,1
1009,6
1010,3
1011,3
1012,2
1013,1
1014,1
1015,8
1016,9
1017,4
1018,2
1019,1
1020,3
1021,112
1022,7
1023,2
1024,6
1025,5
1026,1
1027,4
1028,277
1029,3
1030,4
1031,1
1032,2
1033,2
1034,1
1035,4
1036,36
1037,3
1038,2
1039,2
1040,1
1041,1
1042,4
1043,1
1044,1
1045,8
1046,3
1047,3
1048,6
1049,1
1050,2
1051,8
1052,27
1053,14
1054,2
1055,1
1056,1
1057,2
1058,5
1059,5
1060,2
1061,9
1062,4
1063,2
1064,1
1065,1
1066,12
1067,3
1068,1
1069,10
1070,1
1071,1
1072,2
1073,5
1074,2
1075,8
1076,1
1077,19
1078,6
1079,7
1080,1
1081,12
1082,7
1083,6
1084,2
1085,3
1086,3
1087,2
1088,9
1089,1
1090,6
1091,5
1092,3
1093,2
1094,3
1095,3
1096,24
1097,7
1098,4
1099,2
1100,5
1101,1
1102,2
1103,1
1104,6
1105,2
1106,1
1107,4
1108,4
1109,41
1110,1
1111,12
1112,11
1113,5
1114,2
1115,9
1116,3
1117,8
1118,1
1119,1
1120,2
1121,1
1122,6
1123,2
1124,5
1125,1
1126,8
1127,15
1128,2
1129,2
1130,3
1131,3
1132,28
1133,1
1134,1
1135,36
1136,1
1137,2
1138,14
1139,9
1140,1
1141,4
1142,3
1143,1
1144,50
1145,3
1146,1
1147,4
1148,1
1149,2
1150,4
1151,3
1152,4
1153,18
1154,1
1155,1
1156,8
1157,3
1158,5
1159,2
1160,3
1161,7
1162,2
1163,5
1164,2
1165,6
1166,1
1167,3
1168,2
1169,1
1170,1
1171,8
1172,3
1173,1
1174,226
1175,1
1176,5
1177,6
1178,1
1179,3
1180,2
1181,7
1182,2
1183,2
1184,3
1185,1
1186,8
1187,3
1188,1
1189,10
1190,1
1191,1
1192,4
1193,5
1194,1
1195,4
1196,1
1197,2
1198,2
1199,1
1200,2
1201,960
1202,15
1203,2
1204,2
1205,1
1206,3
1207,6
1208,1
1209,6
1210,10
1211,1
1212,3
1213,32
1214,11
1215,2
1216,4
1217,7
1218,1
1219,2
1220,1
1221,3
1222,2
1223,1
1224,10
1225,6
1226,5
1227,2
1228,6
1229,1
1230,4
1231,4
1232,3
1233,1
1234,2
1235,5
1236,1
1237,4
1238,1
1239,2
1240,4
1241,3
1242,2
1243,2
1244,7
1245,5
1246,4
1247,7
1248,2
1249,14
1250,7
1251,1
1252,2
1253,17
1254,5
1255,2
1256,5
1257,4
1258,4
1259,5
1260,1
1261,4
1262,143
1263,6
1264,6
1265,1
1266,8
1267,12
1268,5
1269,1
1270,2
1271,1
1272,3
1273,4
1274,1
1275,1
1276,8
1277,143
1278,1
1279,22
1280,5
1281,5
1282,10
1283,5
1284,3
1285,6
1286,3
1287,4
1288,2
1289,1
1290,3
1291,12
1292,3
1293,10
1294,14
1295,1
1296,1
1297,2
1298,21
1299,2
1300,12
1301,11
1302,2
1303,4
1304,1
1305,5
1306,4
1307,3
1308,1
1309,2
1310,1
1311,5
1312,6
1313,5
1314,3
1315,2
1316,1
1317,8
1318,2
1319,5
1320,2
1321,12
1322,7
1323,1
1324,2
1325,3
1326,5
1327,2
1328,1
1329,1
1330,6
1331,1
1332,3
1333,2
1334,5
1335,1
1336,4
1337,15
1338,1
1339,10
1340,17
1341,1
1342,6
1343,1
1344,1
1345,2
1346,1
1347,6
1348,2
1349,1
1350,4
1351,4
1352,11
1353,1
1354,2
1355,1
1356,1
1357,4
1358,5
1359,1
1360,2
1361,3
1362,2
1363,16
1364,1
1365,1
1366,8
1367,3
1368,5
1369,2
1370,1
1371,4
1372,18
1373,45
1374,1
1375,2
1376,1
1377,6
1378,14
1379,5
1380,2
1381,12
1382,3
1383,1
1384,10
1385,11
1386,7
1387,4
1388,1
1389,2
1390,8
1391,39
1392,2
1393,2
1394,1
1395,1
1396,8
1397,3
1398,1
1399,10
1400,1
1401,1
1402,4
1403,9
1404,10
1405,4
1406,7
1407,3
1408,12
1409,1
1410,2
1411,8
1412,19
1413,2
1414,2
1415,3
1416,1
1417,2
1418,1
1419,3
1420,4
1421,1
1422,2
1423,2
1424,3
1425,1
1426,4
1427,7
1428,1
1429,2
1430,1
1431,9
1432,8
1433,9
1434,2
1435,2
1436,3
1437,2
1438,6
1439,1
1440,4
1441,4
1442,7
1443,1
1444,26
1445,15
1446,5
1447,70
1448,1
1449,3
1450,2
1451,1
1452,3
1453,2
1454,1
1455,2
1456,4
1457,3
1458,1
1459,6
1460,3
1461,3
1462,2
1463,1
1464,2
1465,2
1466,11
1467,2
1468,10
1469,1
1470,2
1471,4
1472,3
1473,5
1474,2
1475,3
1476,1
1477,4
1478,1
1479,3
1480,18
1481,1
1482,6
1483,8
1484,1
1485,1
1486,8
1487,3
1488,2
1489,18
1490,5
1491,4
1492,4
1493,5
1494,3
1495,2
1496,3
1497,10
1498,6
1499,1
1500,1
1501,8
1502,11
1503,4
1504,578
1505,1
1506,3
1507,2
1508,9
1509,1
1510,10
1511,1
1512,3
1513,2
1514,3
1515,5
1516,12
1517,15
1518,1
1519,34
1520,1
1521,4
1522,2
1523,145
1524,1
1525,2
1526,7
1527,6
1528,2
1529,9
1530,1
1531,16
1532,6391
1533,1
1534,22
1535,3
1536,3
1537,4
1538,13
1539,1
1540,6
1541,1
1542,6
1543,2
1544,1
1545,10
1546,52
1547,3
1548,5
1549,2
1550,3
1551,3
1552,10
1553,5
1554,1
1555,2
1556,9
1557,2
1558,6
1559,1
1560,1
1561,4
1562,3
1563,12
1564,2
1565,13
1566,4
1567,2
1568,1
1569,2
1570,4
1571,3
1572,3
1573,4
1574,7
1575,2
1576,12
1577,35
1578,5
1579,2
1580,3
1581,1
1582,2
1583,1
1584,1
1585,14
1586,3
1587,3
1588,2
1589,3
1590,1
1591,4
1592,11
1593,1
1594,34
1595,1
1596,4
1597,2
1598,5
1599,2
1600,4
1601,1
1602,4
1603,6
1604,1
1605,2
1606,12
1607,11
1608,1
1609,10
1610,1
1611,3
1612,2
1613,9
1614,1
1615,4
1616,5
1617,2
1618,2
1619,3
1620,2
1621,8
1622,15
1623,4
1624,10
1625,1
1626,1
1627,8
1628,1
1629,1
1630,2
1631,3
1632,2
1633,6
1634,5
1635,1
1636,4
1637,31
1638,2
1639,10
1640,3
1641,8
1642,2
1643,1465
1644,2
1645,2
1646,5
1647,3
1648,12
1649,1
1650,1
1651,4
1652,3
1653,1
1654,18
1655,3
1656,1
1657,4
1658,17
1659,1
1660,4
1661,1
1662,3
1663,2
1664,1
1665,1
1666,56
1667,3
1668,2
1669,230
1670,5
1671,1
1672,2
1673,1
1674,5
1675,2
1676,5
1677,2
1678,4
1679,1
1680,1
1681,12
1682,3
1683,2
1684,2
1685,1
1686,1
1687,4
1688,17
1689,3
1690,2
1691,37
1692,3
1693,16
1694,1
1695,1
1696,12
1697,3
1698,2
1699,426
1700,5
1701,15
1702,6
1703,1
1704,3
1705,4
1706,1
1707,2
1708,2
1709,11
1710,2
1711,8
1712,3
1713,4
1714,2
1715,3
1716,1
1717,2
1718,9
1719,5
1720,168
1721,5
1722,11
1723,6
1724,1
1725,5
1726,4
1727,367
1728,1
1729,2
1730,1
1731,1
1732,6
1733,1
1734,1
1735,88
1736,63
1737,2
1738,4
1739,3
1740,2
1741,304
1742,7
1743,10
1744,2
1745,1
1746,15
1747,4
1748,21
1749,1
1750,2
1751,3
1752,6
1753,2
1754,3
1755,1
1756,4
1757,3
1758,1
1759,6
1760,3
1761,8
1762,1026
1763,1
1764,1
1765,10
1766,1
1767,2
1768,4
1769,1
1770,1
1771,8
1772,3
1773,1
1774,6
1775,11
1776,24
1777,2
1778,1
1779,1
1780,2
1781,3
1782,2
1783,6
1784,5
1785,1
1786,40
1787,7
1788,14
1789,54
1790,1
1791,1
1792,6
1793,29
1794,2
1795,8
1796,1
1797,4
1798,2
1799,7
1800,3
1801,4
1802,11
1803,1
1804,10
1805,7
1806,1
1807,2
1808,1
1809,2
1810,4
1811,1
1812,8
1813,2
1814,5
1815,1
1816,8
1817,3
1818,1
1819,14
1820,3
1821,1
1822,4
1823,5
1824,2
1825,4
1826,17
1827,2
1828,6
1829,1
1830,2
1831,4
1832,3
1833,2
1834,26
1835,1
1836,1
1837,2
1838,1
1839,3
1840,8
1841,5
1842,2
1843,12
1844,3
1845,1
1846,4
1847,11
1848,1
1849,10
1850,1
1851,5
1852,4
1853,25
1854,1
1855,16
1856,5
1857,43
1858,2
1859,1
1860,4
1861,92
1862,3
1863,1
1864,2
1865,11
1866,1
1867,4
1868,17
1869,1
1870,2
1871,3
1872,2
1873,8
1874,7
1875,10
1876,188
1877,3
1878,6
1879,2
1880,1
1881,4
1882,2
1883,1
1884,1
1885,2
1886,5
1887,2
1888,6
1889,1
1890,2
1891,12
1892,3
1893,2
1894,2
1895,3
1896,1
1897,2
1898,1
1899,3
1900,24
1901,1
1902,3
1903,4
1904,3
1905,2
1906,4
1907,27
1908,4
1909,18
1910,1
1911,1
1912,2
1913,9
1914,3
1915,6
1916,1
1917,2
1918,2
1919,5
1920,2
1921,24
1922,3
1923,1
1924,62
1925,1
1926,1
1927,8
1928,33
1929,2
1930,4
1931,1
1932,11
1933,8
1934,3
1935,2
1936,4
1937,3
1938,1
1939,2
1940,1
1941,8
1942,8
1943,9
1944,1
1945,4
1946,3
1947,2
1948,2
1949,9
1950,3
1951,132
1952,7
1953,1
1954,2
1955,1
1956,3
1957,2
1958,1
1959,1
1960,2
1961,1
1962,4
1963,2
1964,1
1965,1
1966,8
1967,3
1968,2
1969,2
1970,3
1971,1
1972,678
1973,1
1974,6
1975,2
1976,3
1977,3
1978,4
1979,9
1980,5
1981,8
1982,15
1983,1
1984,2
1985,3
1986,3
1987,2
1988,5
1989,3
1990,8
1991,15
1992,3
1993,12
1994,1
1995,5
1996,16
1997,7
1998,2
1999,14
2000,1
2001,1
2002,2
2003,1
2004,2
2005,6
2006,1
2007,3
2008,8
2009,1
2010,1
2011,32
2012,3
2013,1
2014,22
2015,7
2016,4
2017,2
2018,5
2019,5
2020,2
2021,81
2022,2
2023,2
2024,1
2025,1
2026,8
2027,3
2028,1
2029,2
2030,7
2031,3
2032,8
2033,221
2034,3
2035,4
2036,1
2037,6
2038,4
2039,1
2040,2
2041,8
2042,111
2043,13
2044,6
2045,1
2046,1
2047,6
2048,5
2049,1
2050,4
2051,5
2052,2
2053,10
2054,3
2055,1
2056,276
2057,295
2058,2
2059,2
2060,3
2061,9
2062,4
2063,1
2064,1
2065,14
2066,1
2067,2
2068,2
2069,1
2070,3
2071,8
2072,35
2073,2
2074,2
2075,21
2076,1
2077,6
2078,1
2079,1
2080,6
2081,3
2082,2
2083,4
2084,3
2085,5
2086,4
2087,11
2088,1
2089,6
2090,7
2091,3
2092,2
2093,5
2094,2
2095,4
2096,5
2097,2
2098,4
2099,5
2100,1
2101,4
2102,7
2103,6
2104,26
2105,1
2106,13
2107,2
2108,1
2109,1
2110,14
2111,3
2112,7
2113,4
2114,1
2115,1
2116,4
2117,3
2118,4
2119,6
2120,1
2121,1
2122,8
2123,13
2124,3
2125,2
2126,1
2127,4
2128,2
2129,1
2130,1
2131,44
2132,11
2133,4
2134,2
2135,1
2136,1
2137,6
2138,9
2139,5
2140,24
2141,1
2142,3
2143,2
2144,1
2145,2
2146,4
2147,7
2148,1
2149,2
2150,7
2151,3
2152,2
2153,5
2154,18
2155,28
2156,5
2157,2
2158,6
2159,11
2160,2
2161,12
2162,11
2163,1
2164,6
2165,3
2166,5
2167,2
2168,1
2169,1
2170,2
2171,5
2172,2
2173,2
2174,1
2175,3
2176,8
2177,3
2178,1
2179,6
2180,5
2181,1
2182,4
2183,5
2184,2
2185,2
2186,1
2187,3
2188,2
2189,15
2190,2
2191,8
2192,23
2193,4
2194,6
2195,1
2196,3
2197,4
2198,1
2199,13
2200,4
2201,3
2202,6
2203,12
2204,1
2205,2
2206,12
2207,3
2208,5
2209,2
2210,1
2211,1
2212,2
2213,13
2214,3
2215,2
2216,3
2217,3
2218,40
2219,9
2220,1
2221,4
2222,11
2223,1
2224,10
2225,1
2226,4
2227,6
2228,1
2229,5
2230,8
2231,1
2232,2
2233,2
2234,7
2235,2
2236,8
2237,19
2238,4
2239,10
2240,1
2241,1
2242,2
2243,5
2244,5
2245,24
2246,1
2247,3
2248,4
2249,7
2250,2
2251,4
2252,7
2253,1
2254,14
2255,3
2256,1
2257,2
2258,1
2259,1
2260,2
2261,1
2262,2
2263,4
2264,27
2265,3
2266,60
2267,11
2268,5
2269,10
2270,35
2271,3
2272,4
2273,1
2274,1
2275,6
2276,13
2277,2
2278,8
2279,3
2280,1
2281,4
2282,3
2283,1
2284,2
2285,5
2286,3
2287,6
2288,49
2289,2
2290,2
2291,1
2292,11
2293,2
2294,3
2295,1
2296,24
2297,31
2298,1
2299,6
2300,3
2301,1
2302,2
2303,189
2304,3
2305,2
2306,17
2307,3
2308,4
2309,7
2310,1
2311,76
2312,7
2313,5
2314,2
2315,3
2316,4
2317,16
2318,1
2319,1
2320,2
2321,1
2322,6
2323,2
2324,1
2325,1
2326,4
2327,3
2328,1
2329,6
2330,5
2331,1
2332,4
2333,21
2334,2
2335,2
2336,1
2337,2
2338,4
2339,1
2340,4
2341,12
2342,7
2343,4
2344,2
2345,1
2346,4
2347,6
2348,225
2349,2
2350,6
2351,1
2352,4
2353,2
2354,5
2355,2
2356,20
2357,31
2358,2
2359,2
2360,1
2361,1
2362,6
2363,5
2364,1
2365,2
2366,1
2367,7
2368,2
2369,21
2370,6
2371,12
2372,7
2373,5
2374,2
2375,1
2376,3
2377,10
2378,9
2379,1
2380,2
2381,15
2382,4
2383,2
2384,3
2385,3
2386,4
2387,11
2388,6
2389,6
2390,3
2391,1
2392,4
2393,1
2394,1
2395,4
2396,1
2397,6
2398,8
2399,1
2400,1
2401,8
2402,959
2403,2
2404,14
2405,5
2406,1
2407,2
2408,1
2409,3
2410,4
2411,3
2412,2
2413,4
2414,5
2415,1
2416,16
2417,67
2418,5
2419,2
2420,9
2421,4
2422,2
2423,881
2424,2
2425,6
2426,31
2427,3
2428,10
2429,3
2430,1
2431,8
2432,3
2433,2
2434,6
2435,1
2436,3
2437,2
2438,1
2439,5
2440,4
2441,15
2442,2
2443,4
2444,1
2445,2
2446,8
2447,3
2448,9
2449,10
2450,5
2451,1
2452,4
2453,5
2454,1
2455,30
2456,5
2457,2
2458,2
2459,1
2460,3
2461,8
2462,3
2463,4
2464,2
2465,1
2466,1
2467,6
2468,1
2469,3
2470,4
2471,1
2472,3
2473,4
2474,3
2475,1
2476,192
2477,11
2478,1
2479,6
2480,3
2481,5
2482,2
2483,1
2484,1
2485,2
2486,1
2487,2
2488,6
2489,3
2490,4
2491,4
2492,3
2493,1
2494,6
2495,3
2496,1
2497,4
2498,13
2499,1
2500,6
2501,1
2502,2
2503,40
2504,1
2505,1
2506,16
2507,15
2508,4
2509,2
2510,1
2511,1
2512,4
2513,9
2514,3
2515,2
2516,3
2517,2
2518,4
2519,1
2520,3
2521,32
2522,3
2523,2
2524,142
2525,1
2526,5
2527,4
2528,5
2529,1
2530,6
2531,3
2532,7
2533,2
2534,11
2535,2
2536,4
2537,3
2538,1
2539,18
2540,1
2541,7
2542,2
2543,1
2544,2
2545,2
2546,3
2547,8
2548,2
2549,1
2550,1
2551,8
2552,7
2553,1
2554,142
2555,3
2556,1
2557,8
2558,21
2559,1
2560,4
2561,5
2562,4
2563,2
2564,9
2565,3
2566,4
2567,27
2568,2
2569,22
2570,5
2571,7
2572,2
2573,1
2574,3
2575,2
2576,1
2577,4
2578,2
2579,5
2580,2
2581,12
2582,11
2583,1
2584,2
2585,1
2586,9
2587,6
2588,13
2589,1
2590,10
2591,5
2592,2
2593,14
2594,1
2595,4
2596,20
2597,7
2598,1
2599,14
2600,11
2601,3
2602,10
2603,73
2604,1
2605,4
2606,3
2607,2
2608,2
2609,3
2610,4
2611,4
2612,3
2613,1
2614,2
2615,1
2616,1
2617,14
2618,1
2619,2
2620,20
2621,5
2622,4
2623,4
2624,5
2625,2
2626,4
2627,3
2628,2
2629,22
2630,1
2631,7
2632,2
2633,25
2634,7
2635,18
2636,1
2637,4
2638,4
2639,1
2640,1
2641,4
2642,11
2643,18
2644,6
2645,19
2646,3
2647,2
2648,1
2649,2
2650,2
2651,1
2652,4
2653,2
2654,1
2655,5
2656,152
2657,15
2658,10
2659,110
2660,5
2661,1
2662,6
2663,21
2664,2
2665,4
2666,1
2667,6
2668,4
2669,9
2670,6
2671,4
2672,3
2673,1
2674,14
2675,1
2676,8
2677,2
2678,9
2679,3
2680,16
2681,5
2682,2
2683,2
2684,5
2685,3
2686,16
2687,19
2688,2
2689,6
2690,1
2691,3
2692,10
2693,1
2694,5
2695,2
2696,1
2697,2
2698,6
2699,1
2700,3
2701,64
2702,3
2703,1
2704,10
2705,5
2706,1
2707,4
2708,1
2709,1
2710,10
2711,5
2712,8
2713,2
2714,3
2715,1
2716,4
2717,3
2718,1
2719,6
2720,1
2721,1
2722,2
2723,9
2724,1
2725,8
2726,15
2727,2
2728,4
2729,7
2730,3
2731,12
2732,7
2733,8
2734,2
2735,1
2736,4
2737,2
2738,1
2739,1
2740,6
2741,1
2742,3
2743,2
2744,17
2745,3
2746,44
2747,3
2748,2
2749,6
2750,1
2751,1
2752,6
2753,1
2754,5
2755,6
2756,13
2757,35
2758,4
2759,1
2760,1
2761,12
2762,11
2763,1
2764,2
2765,1
2766,3
2767,2
2768,9
2769,3
2770,10
2771,7
2772,6
2773,2
2774,3
2775,5
2776,4
2777,7
2778,1
2779,2
2780,7
2781,1
2782,38
2783,5
2784,1
2785,8
2786,1
2787,2
2788,22
2789,9
2790,1
2791,4
2792,7
2793,2
2794,2
2795,1
2796,3
2797,4
2798,9
2799,2
2800,12
2801,3
2802,10
2803,2
2804,3
2805,3
2806,8
2807,7
2808,9
2809,14
2810,3
2811,1
2812,6
2813,5
2814,2
2815,2
2816,11
2817,6
2818,2
2819,1
2820,1
2821,4
2822,7
2823,1
2824,18
2825,1
2826,1
2827,4
2828,1
2829,1
2830,2
2831,105
2832,2
2833,4
2834,1
2835,4
2836,4
2837,3
2838,2
2839,10
2840,3
2841,1
2842,2
2843,5
2844,1
2845,12
2846,1
2847,3
2848,2
2849,13
2850,1
2851,12
2852,3
2853,5
2854,6
2855,1
2856,4
2857,14
2858,1
2859,2
2860,6
2861,19
2862,8
2863,10
2864,7
2865,3
2866,8
2867,3
2868,1
2869,26
2870,1
2871,1
2872,2
2873,9
2874,1
2875,18
2876,5
2877,3
2878,4
2879,7
2880,3
2881,8
2882,3
2883,17
2884,6
2885,3
2886,5
2887,2
2888,25
2889,1
2890,14
2891,1
2892,4
2893,6
2894,69
2895,1
2896,4
2897,9715
2898,2
2899,2
2900,1
2901,3
2902,8
2903,1
2904,2
2905,2
2906,1
2907,6
2908,2
2909,5
2910,1
2911,40
2912,3
2913,1
2914,2
2915,3
2916,8
2917,6
2918,5
2919,1
2920,2
2921,1
2922,2
2923,4
2924,1
2925,1
2926,4
2927,3
2928,1
2929,2
2930,1
2931,7
2932,10
2933,1
2934,1
2935,12
2936,9
2937,3
2938,10
2939,1
2940,1
2941,4
2942,3
2943,8
2944,2
2945,3
2946,4
2947,2
2948,1
2949,3
2950,2
2951,1
2952,10
2953,2
2954,3
2955,2
2956,4
2957,95
2958,2
2959,6
2960,17
2961,1
2962,8
2963,1
2964,5
2965,4
2966,7
2967,7
2968,20
2969,1
2970,3
2971,20
2972,7
2973,4
2974,2
2975,3
2976,1
2977,2
2978,17
2979,3
2980,4
2981,5
2982,3
2983,2
2984,3
2985,2
2986,4
2987,123
2988,2
2989,6
2990,1
2991,3
2992,2
2993,1
2994,9
2995,2
2996,5
2997,3
2998,4
2999,3
3000,3
3001,4
3002,7
3003,1
3004,10
3005,1
3006,3
3007,34
3008,577
3009,2
3010,2
3011,5
3012,2
3013,6
3014,1
3015,3
3016,8
3017,3
3018,1
3019,10
3020,9
3021,1
3022,4
3023,1
3024,2
3025,2
3026,1
3027,2
3028,2
3029,15
3030,4
3031,4
3032,11
3033,1
3034,14
3035,3
3036,1
3037,2
3038,33
3039,1
3040,2
3041,3
3042,3
3043,10
3044,1
3045,1
3046,144
3047,11
3048,12
3049,2
3050,1
3051,4
3052,6
3053,9
3054,5
3055,18
3056,1
3057,12
3058,8
3059,3
3060,1
3061,33288
3062,15
3063,2
3064,6390
3065,1
3066,1
3067,2
3068,21
3069,2
3070,2
3071,1
3072,2
3073,4
3074,3
3075,1
3076,12
3077,7
3078,6
3079,26
3080,5
3081,1
3082,2
3083,21
3084,5
3085,6
3086,1
3087,3
3088,4
3089,5
3090,9
3091,24
3092,51
3093,2
3094,2
3095,5
3096,4
3097,12
3098,1
3099,1
3100,2
3101,1
3102,2
3103,2
3104,9
3105,1
3106,4
3107,7
3108,1
3109,2
3110,1
3111,3
3112,8
3113,9
3114,1
3115,12
3116,5
3117,6
3118,2
3119,3
3120,4
3121,4
3122,3
3123,1
3124,2
3125,17
3126,11
3127,4
3128,1
3129,2
3130,12
3131,1
3132,3
3133,4
3134,1
3135,1
3136,4
3137,3
3138,1
3139,26
3140,3
3141,7
3142,2
3143,1
3144,2
3145,4
3146,3
3147,2
3148,6
3149,1
3150,1
3151,4
3152,11
3153,2
3154,34
3155,1
3156,4
3157,4
3158,1
3159,2
3160,2
3161,1
3162,4
3163,2
3164,1
3165,3
3166,100
3167,83
3168,1
3169,6
3170,13
3171,1
3172,2
3173,5
3174,2
3175,12
3176,1
3177,4
3178,2
3179,1
3180,1
3181,8
3182,3
3183,1
3184,10
3185,5
3186,1
3187,4
3188,33
3189,1
3190,6
3191,17
3192,3
3193,6
3194,1
3195,2
3196,4
3197,3
3198,1
3199,14
3200,3
3201,3
3202,2
3203,5
3204,3
3205,2
3206,5
3207,2
3208,4
3209,3
3210,1
3211,12
3212,11
3213,1
3214,10
3215,5
3216,5
3217,4
3218,9
3219,7
3220,4
3221,7
3222,2
3223,2
3224,1
3225,1
3226,8
3227,27
3228,6
3229,2
3230,3
3231,3
3232,4
3233,5
3234,1
3235,2
3236,1
3237,6
3238,2
3239,3
3240,1
3241,92
3242,7
3243,2
3244,14
3245,1
3246,3
3247,10
3248,9
3249,5
3250,2
3251,5
3252,2
3253,30
3254,7
3255,3
3256,8
3257,23
3258,2
3259,2
3260,1
3261,4
3262,2
3263,5
3264,1
3265,6
3266,5
3267,6
3268,4
3269,3
3270,3
3271,8
3272,3
3273,1
3274,30
3275,1
3276,1
3277,2
3278,9
3279,6
3280,2
3281,1
3282,7
3283,4
3284,1
3285,1
3286,1464
3287,3
3288,1
3289,274
3290,1
3291,8
3292,4
3293,9
3294,2
3295,4
3296,11
3297,11
3298,4
3299,1
3300,5
3301,4
3302,3
3303,1
3304,2
3305,5
3306,3
3307,2
3308,17
3309,1
3310,2
3311,3
3312,2
3313,12
3314,3
3315,6
3316,16
3317,7
3318,1
3319,70
3320,3
3321,5
3322,8
3323,37
3324,2
3325,4
3326,1
3327,2
3328,2
3329,1
3330,1
3331,172
3332,55
3333,5
3334,2
3335,3
3336,1
3337,36
3338,229
3339,1
3340,4
3341,3
3342,3
3343,6
3344,1
3345,1
3346,20
3347,3
3348,4
3349,2
3350,1
3351,1
3352,4
3353,33
3354,1
3355,2
3356,3
3357,6
3358,6
3359,1
3360,2
3361,4
3362,11
3363,8
3364,2
3365,3
3366,1
3367,2
3368,1
3369,2
3370,6
3371,5
3372,7
3373,16
3374,3
3375,4
3376,16
3377,3
3378,2
3379,66
3380,1
3381,1
3382,36
3383,13
3384,2
3385,6
3386,15
3387,4
3388,2
3389,1
3390,1
3391,24
3392,11
3393,10
3394,2
3395,1
3396,1
3397,6
3398,425
3399,2
3400,4
3401,1
3402,14
3403,2
3404,5
3405,3
3406,4
3407,7
3408,2
3409,106
3410,3
3411,1
3412,2
3413,1
3414,1
3415,52
3416,1
3417,2
3418,10
3419,15
3420,1
3421,12
3422,7
3423,2
3424,2
3425,7
3426,3
3427,2
3428,1
3429,7
3430,2
3431,1
3432,2
3433,14
3434,1
3435,1
3436,8
3437,27
3438,4
3439,2
3440,167
3441,1
3442,4
3443,3137
3444,10
3445,2
3446,5
3447,2
3448,6
3449,1
3450,4
3451,4
3452,3
3453,1
3454,366
3455,1
3456,9
3457,2
3458,1
3459,3
3460,2
3461,3
3462,3
3463,16
3464,5
3465,4
3466,4
3467,3
3468,2
3469,2
3470,87
3471,7
3472,62
3473,1
3474,1
3475,2
3476,3
3477,3
3478,2
3479,1
3480,1
3481,4
3482,303
3483,1
3484,6
3485,1
3486,9
3487,4
3488,1
3489,11
3490,6
3491,1
3492,14
3493,4
3494,3
3495,1
3496,20
3497,7
3498,1
3499,2
3500,1
3501,12
3502,2
3503,5
3504,5
3505,4
3506,1
3507,2
3508,2
3509,1
3510,3
3511,40
3512,3
3513,1
3514,2
3515,5
3516,11
3517,6
3518,5
3519,1
3520,2
3521,1
3522,7
3523,4
3524,1025
3525,3
3526,4
3527,19
3528,1
3529,122
3530,9
3531,21
3532,8
3533,261
3534,1
3535,6
3536,3
3537,2
3538,2
3539,1
3540,12
3541,8
3542,7
3543,2
3544,2
3545,71
3546,4
3547,24
3548,5
3549,2
3550,10
3551,1
3552,23
3553,6
3554,1
3555,2
3556,4
3557,71
3558,4
3559,14
3560,1
3561,7
3562,2
3563,1
3564,1
3565,4
3566,5
3567,3
3568,4
3569,17
3570,2
3571,64
3572,39
3573,2
3574,6
3575,1
3576,13
3577,6
3578,53
3579,1
3580,2
3581,3
3582,3
3583,4
3584,5
3585,2
3586,28
3587,3
3588,1
3589,118
3590,7
3591,3
3592,2
3593,1
3594,3
3595,6
3596,1
3597,2
3598,6
3599,3
3600,2
3601,12
3602,3
3603,1
3604,10
3605,1
3606,1
3607,4
3608,9
3609,1
3610,6
3611,5
3612,2
3613,4
3614,1
3615,2
3616,8
3617,31
3618,1
3619,18
3620,3
3621,1
3622,2
3623,1
3624,7
3625,8
3626,1
3627,3
3628,4
3629,3
3630,8
3631,12
3632,7
3633,2
3634,2
3635,7
3636,8
3637,2
3638,13
3639,2
3640,2
3641,1
3642,3
3643,8
3644,3
3645,4
3646,4
3647,15
3648,1
3649,26
3650,3
3651,3
3652,16
3653,1
3654,1
3655,2
3656,5
3657,2
3658,2
3659,7
3660,1
3661,28
3662,3
3663,2
3664,2
3665,1
3666,1
3667,2
3668,25
3669,11
3670,30
3671,29
3672,6
3673,18
3674,1
3675,1
3676,1840
3677,99
3678,2
3679,2
3680,7
3681,4
3682,4
3683,97
3684,1
3685,2
3686,11
3687,28
3688,2
3689,7
3690,5
3691,8
3692,3
3693,8
3694,10
3695,25
3696,1
3697,6
3698,9
3699,2
3700,26
3701,7
3702,4
3703,2
3704,3
3705,1
3706,24
3707,7
3708,1
3709,10
3710,15
3711,4
3712,4
3713,21
3714,42
3715,4
3716,1
3717,2
3718,12
3719,3
3720,3
3721,444
3722,91
3723,16
3724,2
3725,1
3726,4
3727,6
3728,1
3729,1
3730,10
3731,19
3732,2
3733,4
3734,3
3735,3
3736,16
3737,19
3738,1
3739,2
3740,1
3741,21
3742,2
3743,1
3744,1
3745,4
3746,7
3747,27
3748,6
3749,1
3750,9
3751,4
3752,187
3753,1
3754,2
3755,9
3756,5
3757,28
3758,1
3759,7
3760,4
3761,1
3762,3
3763,2
3764,1
3765,2
3766,4
3767,3
3768,1
3769,2
3770,1
3771,3
3772,4
3773,1
3774,1
3775,2
3776,5
3777,8
3778,4
3779,1
3780,1
3781,4
3782,11
3783,36
3784,2
3785,31
3786,1
3787,2
3788,1
3789,3
3790,2
3791,1
3792,6
3793,2
3794,1
3795,1
3796,4
3797,315
3798,2
3799,6
3800,23
3801,1
3802,10
3803,1
3804,2
3805,6
3806,3
3807,4
3808,2
3809,5
3810,1
3811,32
3812,3
3813,6
3814,26
3815,5
3816,3
3817,2
3818,17
3819,1
3820,4
3821,1
3822,2
3823,4
3824,1
3825,5
3826,8
3827,207
3828,2
3829,1230
3830,5
3831,3
3832,2
3833,77
3834,1
3835,16
3836,1
3837,2
3838,4
3839,3
3840,1
3841,12
3842,23
3843,1
3844,2
3845,1
3846,9
3847,4
3848,61
3849,1
3850,2
3851,1
3852,3
3853,2
3854,7
3855,3
3856,32
3857,11
3858,1
3859,42
3860,3
3861,1
3862,12
3863,1
3864,10
3865,2
3866,7
3867,3
3868,2
3869,9
3870,1
3871,16
3872,3
3873,2
3874,2
3875,5
3876,1
3877,8
3878,1
3879,1
3880,4
3881,5
3882,7
3883,4
3884,7
3885,2
3886,8
3887,7
3888,8
3889,18
3890,3
3891,5
3892,2
3893,5
3894,1
3895,2
3896,1
3897,3
3898,8
3899,3
3900,2
3901,4
3902,131
3903,5
3904,6
3905,13
3906,3
3907,2
3908,1
3909,9
3910,2
3911,1
3912,2
3913,6
3914,1
3915,2
3916,20
3917,3
3918,6
3919,14
3920,1
3921,7
3922,4
3923,21
3924,3
3925,4
3926,1
3927,8
3928,6
3929,21
3930,9
3931,4
3932,7
3933,1
3934,2
3935,3
3936,1
3937,2
3938,1
3939,1
3940,2
3941,1
3942,4
3943,2
3944,677
3945,5
3946,16
3947,11
3948,5
3949,2
3950,1
3951,5
3952,2
3953,1
3954,2
3955,4
3956,3
3957,3
3958,8
3959,1
3960,4
3961,4
3962,7
3963,1
3964,14
3965,3
3966,1
3967,4
3968,1
3969,2
3970,2
3971,3
3972,2
3973,10
3974,1
3975,1
3976,4
3977,3
3978,2
3979,50
3980,7
3981,1
3982,14
3983,389
3984,2
3985,4
3986,11
3987,4
3988,4
3989,5
3990,4
3991,4
3992,15
3993,2
3994,6
3995,7
3996,1
3997,12
3998,13
3999,7
4000,2
4001,3
4002,4
4003,28
4004,1
4005,1
4006,8
4007,3
4008,1
4009,6
4010,5
4011,3
4012,18
4013,21
4014,2
4015,2
4016,7
4017,2
4018,2
4019,1
4020,6
4021,24
4022,31
4023,6
4024,2
4025,9
4026,1
4027,4
4028,21
4029,1
4030,6
4031,5
4032,3
4033,6
4034,1
4035,2
4036,4
4037,3
4038,4
4039,26
4040,1
4041,5
4042,80
4043,1
4044,1
4045,20
4046,1
4047,2
4048,2
4049,9
4050,1
4051,4
4052,7
4053,4
4054,2
4055,1
4056,5
4057,2
4058,1
4059,7
4060,6
4061,1
4062,2
4063,2
4064,7
4065,9
4066,220
4067,3
4068,2
4069,6
4070,3
4071,3
4072,6
4073,1
4074,5
4075,2
4076,3
4077,12
4078,8
4079,3
4080,1
4081,8
4082,7
4083,1
4084,110
4085,1
4086,12
4087,2
4088,5
4089,1
4090,2
4091,11
4092,2
4093,10
4094,5
4095,1
4096,4
4097,15
4098,8
4099,6
4100,3
4101,4
4102,4
4103,5
4104,1
4105,2
4106,9
4107,4
4108,2
4109,1
4110,1
4111,4
4112,275
4113,2
4114,294
4115,1
4116,1
4117,6
4118,1
4119,2
4120,2
4121,1
4122,8
4123,2
4124,3
4125,5
4126,12
4127,11
4128,16
4129,10
4130,13
4131,1
4132,2
4133,5
4134,1
4135,4
4136,1
4137,6
4138,2
4139,3
4140,2
4141,8
4142,7
4143,1
4144,34
4145,1
4146,1
4147,12
4148,1
4149,9
4150,20
4151,5
4152,6
4153,4
4154,5
4155,1
4156,28
4157,11
4158,1
4159,6
4160,5
4161,3
4162,2
4163,9
4164,1
4165,2
4166,3
4167,6
4168,2
4169,3
4170,4
4171,8
4172,3
4173,2
4174,10
4175,21
4176,1
4177,24
4178,5
4179,7
4180,6
4181,1
4182,2
4183,6
4184,1
4185,2
4186,4
4187,7
4188,1
4189,114
4190,3
4191,3
4192,4
4193,1
4194,1
4195,4
4196,3
4197,3
4198,4
4199,5
4200,3
4201,4
4202,3
4203,6
4204,6
4205,3
4206,5
4207,2
4208,25
4209,1
4210,6
4211,1
4212,12
4213,4
4214,1
4215,1
4216,8
4217,15
4218,4
4219,10
4220,13
4221,1
4222,2
4223,1
4224,6
4225,2
4226,3
4227,11
4228,6
4229,5
4230,1
4231,72
4232,3
4233,1
4234,2
4235,7
4236,3
4237,6
4238,5
4239,5
4240,12
4241,11
4242,3
4243,6
4244,7
4245,2
4246,12
4247,7
4248,2
4249,10
4250,1
4251,5
4252,12
4253,9
4254,3
4255,2
4256,1
4257,2
4258,2
4259,17
4260,1
4261,36
4262,43
4263,1
4264,10
4265,5
4266,3
4267,8
4268,1
4269,1
4270,6
4271,1
4272,8
4273,2
4274,5
4275,6
4276,8
4277,3
4278,4
4279,2
4280,23
4281,1
4282,10
4283,689
4284,2
4285,14
4286,1
4287,3
4288,8
4289,3
4290,1
4291,12
4292,3
4293,10
4294,6
4295,3
4296,3
4297,2
4298,1
4299,1
4300,6
4301,5
4302,2
4303,6
4304,1
4305,4
4306,4
4307,3
4308,17
4309,14
4310,27
4311,1
4312,4
4313,1
4314,1
4315,14
4316,5
4317,3
4318,10
4319,5
4320,1
4321,8
4322,11
4323,1
4324,10
4325,5
4326,5
4327,4
4328,5
4329,2
4330,2
4331,1
4332,4
4333,2
4334,1
4335,2
4336,80
4337,103
4338,1
4339,94
4340,1
4341,3
4342,4
4343,5
4344,1
4345,12
4346,1
4347,2
4348,2
4349,1
4350,2
4351,20
4352,7
4353,1
4354,2
4355,3
4356,1
4357,6
4358,5
4359,1
4360,4
4361,7
4362,2
4363,4
4364,3
4365,1
4366,4
4367,715
4368,1
4369,2
4370,1
4371,15
4372,2
4373,1
4374,2
4375,4
4376,1
4377,2
4378,14
4379,21
4380,1
4381,16
4382,7
4383,6
4384,22
4385,3
4386,3
4387,6
4388,5
4389,1
4390,4
4391,1
4392,2
4393,2
4394,3
4395,2
4396,12
4397,11
4398,12
4399,2
4400,3
4401,1
4402,2
4403,1
4404,5
4405,4
4406,11
4407,3
4408,4
4409,1
4410,1
4411,8
4412,11
4413,8
4414,2
4415,1
4416,4
4417,2
4418,1
4419,1
4420,2
4421,7
4422,4
4423,4
4424,1
4425,3
4426,12
4427,15
4428,2
4429,342
4430,1
4431,1
4432,2
4433,1
4434,2
4435,26
4436,39
4437,2
4438,8
4439,5
4440,2
4441,8
4442,3
4443,1
4444,10
4445,13
4446,1
4447,2
4448,9
4449,3
4450,322
4451,5
4452,3
4453,4
4454,5
4455,6
4456,36
4457,7
4458,4
4459,2
4460,7
4461,1
4462,6
4463,9
4464,1
4465,16
4466,1
4467,4
4468,6
4469,3
4470,1
4471,4
4472,7
4473,4
4474,18
4475,1
4476,3
4477,2
4478,9
4479,5
4480,2
4481,1
4482,2
4483,12
4484,1
4485,1
4486,4
4487,3
4488,4
4489,2
4490,23
4491,12
4492,12
4493,13
4494,2
4495,2
4496,3
4497,2
4498,6
4499,1
4500,1
4501,12
4502,3
4503,1
4504,6
4505,1
4506,1
4507,16
4508,13
4509,3
4510,2
4511,9
4512,2
4513,6
4514,1
4515,2
4516,8
4517,3
4518,5
4519,2
4520,1
4521,1
4522,2
4523,5
4524,1
4525,8
4526,3
4527,3
4528,26
4529,1
4530,2
4531,4
4532,59
4533,1
4534,10
4535,5
4536,4
4537,2
4538,9
4539,3
4540,34
4541,33
4542,2
4543,4
4544,3
4545,1
4546,12
4547,7
4548,18
4549,10
4550,5
4551,1
4552,12
4553,41
4554,1
4555,6
4556,7
4557,2
4558,2
4559,3
4560,11
4561,4
4562,3
4563,1
4564,2
4565,15
4566,1
4567,2
4568,1
4569,15
4570,4
4571,5
4572,2
4573,6
4574,5
4575,1
4576,48
4577,7
4578,1
4579,10
4580,1
4581,15
4582,2
4583,21
4584,10
4585,2
4586,1
4587,3
4588,2
4589,3
4590,1
4591,8
4592,23
4593,1
4594,30
4595,3
4596,5
4597,4
4598,5
4599,1
4600,2
4601,1
4602,6
4603,2
4604,1
4605,4
4606,188
4607,3
4608,2
4609,14
4610,1
4611,9
4612,16
4613,1
4614,2
4615,2
4616,3
4617,10
4618,6
4619,1
4620,1
4621,12
4622,75
4623,2
4624,6
4625,13
4626,4
4627,6
4628,1
4629,2
4630,2
4631,3
4632,3
4633,8
4634,15
4635,2
4636,4
4637,3
4638,1
4639,34
4640,1
4641,1
4642,8
4643,49
4644,5
4645,8
4646,1
4647,4
4648,2
4649,7
4650,3
4651,72
4652,3
4653,4
4654,2
4655,1
4656,8
4657,6
4658,5
4659,1
4660,4
4661,1
4662,6
4663,4
4664,3
4665,2
4666,20
4667,3
4668,1
4669,6
4670,1
4671,1
4672,8
4673,21
4674,1
4675,2
4676,3
4677,6
4678,2
4679,5
4680,3
4681,4
4682,11
4683,4
4684,6
4685,1
4686,3
4687,2
4688,1
4689,2
4690,4
4691,3
4692,3
4693,2
4694,5
4695,1
4696,224
4697,11
4698,1
4699,2
4700,5
4701,1
4702,6
4703,5
4704,3
4705,10
4706,1
4707,3
4708,4
4709,1
4710,1
4711,4
4712,19
4713,8
4714,30
4715,1
4716,1
4717,2
4718,1
4719,1
4720,4
4721,9
4722,4
4723,6
4724,5
4725,5
4726,4
4727,227
4728,2
4729,2
4730,1
4731,1
4732,8
4733,1
4734,6
4735,18
4736,1
4737,3
4738,20
4739,1
4740,5
4741,12
4742,11
4743,2
4744,6
4745,1
4746,4
4747,20
4748,1
4749,3
4750,2
4751,7
4752,2
4753,2
4754,9
4755,1
4756,8
4757,7
4758,4
4759,2
4760,1
4761,11
4762,14
4763,5
4764,3
4765,6
4766,1
4767,2
4768,2
4769,1
4770,2
4771,56
4772,3
4773,1
4774,10
4775,1
4776,5
4777,8
4778,5
4779,6
4780,2
4781,5
4782,6
4783,14
4784,3
4785,2
4786,12
4787,7
4788,8
4789,2
4790,3
4791,3
4792,4
4793,1
4794,5
4795,2
4796,7
4797,3
4798,20
4799,3
4800,1
4801,752
4802,7
4803,2
4804,958
4805,45
4806,1
4807,4
4808,13
4809,1
4810,4
4811,1
4812,2
4813,10
4814,1
4815,1
4816,180
4817,23
4818,2
4819,54
4820,3
4821,1
4822,2
4823,13
4824,1
4825,2
4826,3
4827,2
4828,4
4829,31
4830,1
4831,8
4832,15
4833,2
4834,66
4835,63
4836,4
4837,8
4838,1
4839,1
4840,8
4841,3
4842,3
4843,2
4844,1
4845,2
4846,880
4847,3321063
4848,1
4849,30
4850,5
4851,4
4852,30
4853,21
4854,2
4855,2
4856,9
4857,2
4858,2
4859,1
4860,1
4861,2492
4862,7
4863,9
4864,2
4865,3
4866,1
4867,2
4868,5
4869,1
4870,6
4871,1
4872,2
4873,4
4874,1
4875,2
4876,4
4877,27
4878,4
4879,10
4880,3
4881,7
4882,14
4883,1
4884,1
4885,2
4886,3
4887,3
4888,2
4889,3
4890,1
4891,12
4892,7
4893,1
4894,2
4895,1
4896,8
4897,6
4898,9
4899,2
4900,4
4901,1
4902,2
4903,8
4904,3
4905,1
4906,4
4907,7
4908,1
4909,10
4910,29
4911,4
4912,4
4913,5
4914,1
4915,2
4916,1
4917,8
4918,12
4919,1
4920,2
4921,4
4922,7
4923,9
4924,2
4925,1
4926,3
4927,2
4928,1
4929,1
4930,6
4931,5
4932,10
4933,4
4934,5
4935,1
4936,4
4937,7
4938,2
4939,6
4940,3
4941,1
4942,10
4943,1
4944,2
4945,8
4946,3
4947,4
4948,2
4949,7
4950,1
4951,80
4952,191
4953,1
4954,10
4955,7
4956,17
4957,14
4958,5
4959,11
4960,2
4961,1
4962,4
4963,2
4964,1
4965,1
4966,60
4967,7
4968,9
4969,34
4970,1
4971,3
4972,2
4973,9
4974,1
4975,4
4976,5
4977,4
4978,2
4979,17
4980,3
4981,4
4982,3
4983,1
4984,2
4985,5
4986,1
4987,2
4988,5
4989,13
4990,2
4991,3
4992,3
4993,2
4994,3
4995,6
4996,12
4997,83
4998,2
4999,2
5000,5
5001,3
5002,14
5003,1
5004,1
5005,2
5006,39
5007,2
5008,6
5009,9
5010,13
5011,4
5012,15
5013,4
5014,14
5015,5
5016,3
5017,4
5018,1
5019,1
5020,10
5021,3
5022,2
5023,4
5024,3
5025,2
5026,8
5027,7
5028,2
5029,2
5030,1
5031,7
5032,2
5033,1
5034,1
5035,14
5036,3
5037,2
5038,6
5039,1
5040,2
5041,4
5042,31
5043,2
5044,2
5045,1
5046,1
5047,6
5048,141
5049,1
5050,2
5051,1
5052,4
5053,4
5054,3
5055,1
5056,4
5057,11
5058,2
5059,18
5060,5
5061,7
5062,2
5063,5
5064,6
5065,2
5066,1
5067,2
5068,10
5069,1
5070,1
5071,24
5072,3
5073,6
5074,2
5075,1
5076,3
5077,4
5078,17
5079,1
5080,4
5081,1
5082,6
5083,2
5084,1
5085,2
5086,8
5087,3
5088,1
5089,2
5090,1
5091,4
5092,2
5093,57
5094,7
5095,8
5096,1
5097,2
5098,2
5099,5
5100,3
5101,64
5102,7
5103,4
5104,6
5105,1
5106,3
5107,8
5108,141
5109,26
5110,2
5111,1
5112,3
5113,20
5114,7
5115,9
5116,20
5117,55
5118,6
5119,2
5120,3
5121,1
5122,4
5123,1
5124,3
5125,8
5126,1
5127,2
5128,8
5129,1
5130,2
5131,12
5132,3
5133,1
5134,26
5135,1
5136,1
5137,2
5138,21
5139,3
5140,4
5141,5
5142,6
5143,52
5144,1
5145,3
5146,8
5147,3
5148,2
5149,98
5150,1
5151,1
5152,6
5153,13
5154,3
5155,12
5156,1
5157,3
5158,4
5159,5
5160,1
5161,40
5162,11
5163,4
5164,10
5165,1
5166,1
5167,6
5168,1
5169,14
5170,2
5171,1
5172,8
5173,2
5174,5
5175,5
5176,12
5177,7
5178,1
5179,2
5180,9
5181,11
5182,4
5183,5
5184,1
5185,6
5186,13
5187,2
5188,2
5189,3
5190,3
5191,8
5192,19
5193,2
5194,6
5195,1
5196,4
5197,2
5198,13
5199,1
5200,10
5201,3
5202,2
5203,6
5204,9
5205,3
5206,72
5207,251
5208,5
5209,38
5210,3
5211,17
5212,2
5213,1
5214,1
5215,10
5216,1
5217,3
5218,2
5219,5
5220,3
5221,4
5222,3
5223,13
5224,2
5225,3
5226,1
5227,10
5228,1
5229,1
5230,2
5231,1
5232,2
5233,44
5234,13
5235,4
5236,4
5237,3
5238,1
5239,18
5240,19
5241,4
5242,4
5243,1
5244,3
5245,2
5246,3
5247,6
5248,4
5249,1
5250,1
5251,4
5252,3
5253,2
5254,2
5255,7
5256,1
5257,46
5258,21
5259,3
5260,20
5261,3
5262,6
5263,8
5264,1
5265,1
5266,24
5267,23
5268,6
5269,6
5270,17
5271,3
5272,2
5273,5
5274,3
5275,2
5276,3
5277,7
5278,4
5279,1
5280,2
5281,32
5282,3
5283,1
5284,10
5285,3
5286,17
5287,2
5288,5
5289,2
5290,18
5291,5
5292,2
5293,6
5294,1
5295,14
5296,4
5297,50011
5298,1
5299,6
5300,1
5301,3
5302,14
5303,1
5304,3
5305,2
5306,1
5307,3
5308,12
5309,3
5310,4
5311,4
5312,151
5313,1
5314,14
5315,1
5316,9
5317,2
5318,109
5319,1
5320,4
5321,3
5322,3
5323,8
5324,5
5325,1
5326,20
5327,11
5328,1
5329,2
5330,3
5331,1
5332,4
5333,1
5334,5
5335,2
5336,3
5337,3
5338,8
5339,27
5340,5
5341,12
5342,3
5343,1
5344,2
5345,1
5346,7
5347,10
5348,13
5349,2
5350,2
5351,5
5352,7
5353,6
5354,1
5355,1
5356,8
5357,7
5358,2
5359,5054502
5360,15
5361,1
5362,4
5363,5
5364,1
5365,8
5366,1
5367,3
5368,4
5369,1
5370,2
5371,388
5372,15
5373,2
5374,18
5375,5
5376,1
5377,8
5378,5
5379,2
5380,2
5381,3
5382,2
5383,20
5384,9
5385,1
5386,36
5387,43
5388,4
5389,2
5390,1
5391,4
5392,2
5393,9
5394,1
5395,10
5396,5
5397,2
5398,4
5399,1
5400,2
5401,12
5402,63
5403,2
5404,2
5405,7
5406,5
5407,8
5408,9
5409,7
5410,4
5411,13
5412,2
5413,6
5414,3
5415,1
5416,60
5417,175
5418,1
5419,170
5420,9
5421,5
5422,4
5423,1
5424,7
5425,2
5426,1
5427,6
5428,2
5429,1
5430,1
5431,40
5432,3
5433,1
5434,2
5435,3
5436,7
5437,4
5438,5
5439,2
5440,4
5441,1
5442,23
5443,2
5444,1
5445,1
5446,8
5447,3
5448,5
5449,26
5450,7
5451,1
5452,14
5453,9
5454,1
5455,2
5456,3
5457,4
5458,6
5459,133
5460,2
5461,8
5462,11
5463,9
5464,6
5465,3
5466,7
5467,4
5468,1
5469,1
5470,2
5471,19
5472,3
5473,2
5474,1
5475,3
5476,8
5477,15
5478,1
5479,6
5480,5
5481,4
5482,2
5483,137
5484,2
5485,6
5486,1
5487,4
5488,16
5489,1
5490,2
5491,12
5492,43
5493,1
5494,2
5495,3
5496,1
5497,14
5498,5
5499,2
5500,4
5501,1
5502,3
5503,2
5504,5
5505,3
5506,8
5507,7
5508,4
5509,2
5510,5
5511,3
5512,12
5513,1
5514,34
5515,4
5516,3
5517,28
5518,2
5519,5
5520,4
5521,4
5522,11
5523,1
5524,10
5525,3
5526,255
5527,2
5528,1
5529,1
5530,6
5531,3
5532,2
5533,2
5534,1
5535,1
5536,8
5537,19
5538,2
5539,2
5540,9
5541,1
5542,6
5543,1
5544,5
5545,4
5546,1
5547,2
5548,2
5549,7
5550,4
5551,4
5552,3
5553,8
5554,6
5555,5
5556,1
5557,2
5558,1
5559,1
5560,6
5561,5
5562,3
5563,4
5564,37
5565,1
5566,4
5567,3
5568,2
5569,2
5570,7
5571,4
5572,4
5573,21
5574,1
5575,12
5576,21
5577,3
5578,8
5579,1
5580,1
5581,44
5582,3
5583,4
5584,6
5585,1
5586,1
5587,2
5588,1
5589,9
5590,12
5591,3
5592,2
5593,8
5594,3
5595,2
5596,8
5597,3
5598,1
5599,2
5600,11
5601,3
5602,2
5603,21
5604,9
5605,4
5606,1
5607,7
5608,2
5609,11
5610,2
5611,8
5612,7
5613,2
5614,6
5615,9
5616,8
5617,2
5618,13
5619,1
5620,2
5621,1
5622,8
5623,20
5624,5
5625,1
5626,4
5627,7
5628,1
5629,6
5630,1
5631,47
5632,10
5633,13
5634,5
5635,2
5636,1
5637,2
5638,24
5639,1
5640,3
5641,28
5642,3
5643,1
5644,6
5645,3
5646,9
5647,4
5648,17
5649,1
5650,4
5651,9
5652,11
5653,2
5654,3
5655,1
5656,28
5657,35
5658,1
5659,2
5660,1
5661,3
5662,104
5663,13
5664,1
5665,4
5666,3
5667,2
5668,6
5669,5
5670,3
5671,60
5672,3
5673,5
5674,2
5675,1
5676,1
5677,2
5678,9
5679,2
5680,2
5681,7
5682,7
5683,10
5684,1
5685,2
5686,4
5687,3
5688,4
5689,66
5690,11
5691,1
5692,2
5693,5
5694,2
5695,4
5696,1
5697,4
5698,12
5699,1
5700,6
5701,8
5702,11
5703,4
5704,2
5705,1
5706,4
5707,6
5708,5
5709,3
5710,6
5711,1
5712,3
5713,2
5714,13
5715,2
5716,4
5717,3
5718,1
5719,2
5720,5
5721,1
5722,18
5723,1
5724,7
5725,2
5726,9
5727,3
5728,6
5729,3
5730,2
5731,16
5732,7
5733,1
5734,2
5735,1
5736,9
5737,8
5738,25
5739,34
5740,2
5741,1
5742,4
5743,2
5744,1
5745,1
5746,8
5747,7
5748,1
5749,42
5750,17
5751,1
5752,4
5753,25
5754,2
5755,2
5756,3
5757,2
5758,6
5759,1
5760,2
5761,4
5762,7
5763,1
5764,2
5765,7
5766,16
5767,14
5768,5
5769,3
5770,2
5771,167
5772,4
5773,4
5774,1
5775,1
5776,24
5777,15
5778,6
5779,2
5780,13
5781,5
5782,12
5783,5
5784,3
5785,6
5786,5
5787,4
5788,68
5789,1
5790,4
5791,4
5792,3
5793,1
5794,9714
5795,5
5796,1
5797,2
5798,1
5799,2
5800,2
5801,15
5802,2
5803,4
5804,7
5805,3
5806,20
5807,3
5808,1
5809,10
5810,1
5811,3
5812,4
5813,9
5814,5
5815,24
5816,1
5817,2
5818,4
5819,7
5820,6
5821,12
5822,39
5823,2
5824,2
5825,3
5826,20
5827,18
5828,1
5829,3
5830,2
5831,3
5832,7
5833,2
5834,5
5835,3
5836,4
5837,23
5838,1
5839,2
5840,1
5841,8
5842,2
5843,33
5844,1
5845,8
5846,3
5847,4
5848,14
5849,1
5850,1
5851,8
5852,3
5853,10
5854,2
5855,5
5856,5
5857,6
5858,1
5859,1
5860,4
5861,3
5862,6
5863,4
5864,9
5865,1
5866,24
5867,7
5868,2
5869,38
5870,11
5871,1
5872,8
5873,21
5874,2
5875,6
5876,9
5877,2
5878,4
5879,7
5880,3
5881,156
5882,3
5883,14
5884,2
5885,33
5886,7
5887,2
5888,1
5889,1
5890,2
5891,1
5892,3
5893,10
5894,1
5895,2
5896,8
5897,22619
5898,2
5899,6
5900,1
5901,5
5902,2
5903,1
5904,9
5905,32
5906,1
5907,2
5908,2
5909,9
5910,1
5911,84
5912,3
5913,1
5914,94
5915,1
5916,1
5917,2
5918,5
5919,1
5920,16
5921,5
5922,2
5923,6
5924,7
5925,15
5926,16
5927,3
5928,4
5929,10
5930,3
5931,1
5932,6
5933,1
5934,6
5935,2
5936,19
5937,3
5938,2
5939,3
5940,2
5941,12
5942,19
5943,1
5944,6
5945,7
5946,3
5947,2
5948,1
5949,5
5950,2
5951,1
5952,4
5953,2
5954,1
5955,7
5956,16
5957,3
5958,2
5959,6
5960,3
5961,1
5962,4
5963,1
5964,2
5965,4
5966,1
5967,2
5968,2
5969,1
5970,1
5971,8
5972,3
5973,2
5974,122
5975,21
5976,1
5977,2
5978,5
5979,1
5980,12
5981,17
5982,2
5983,18
5984,1
5985,1
5986,16
5987,23
5988,8
5989,2
5990,1
5991,4
5992,4
5993,1
5994,2
5995,2
5996,3
5997,3
5998,2
5999,5
6000,2
6001,4
6002,3
6003,1
6004,6
6005,1
6006,3
6007,2
6008,9
6009,3
6010,6
6011,13
6012,2
6013,12
6014,33
6015,2
6016,576
6017,7
6018,1
6019,2
6020,1
6021,1
6022,4
6023,5
6024,1
6025,4
6026,5
6027,2
6028,2
6029,59
6030,2
6031,4
6032,7
6033,2
6034,2
6035,1
6036,1
6037,6
6038,9
6039,3
6040,8
6041,7
6042,2
6043,8
6044,3
6045,2
6046,4
6047,7
6048,1
6049,2
6050,1
6051,3
6052,6
6053,1
6054,1
6055,10
6056,1
6057,2
6058,14
6059,1
6060,3
6061,8
6062,3
6063,5
6064,10
6065,11
6066,5
6067,4
6068,13
6069,9
6070,2
6071,1
6072,14
6073,4
6074,1
6075,11
6076,32
6077,7
6078,1
6079,2
6080,1
6081,1
6082,2
6083,9
6084,2
6085,38
6086,9
6087,6
6088,10
6089,17
6090,4
6091,8
6092,143
6093,2
6094,10
6095,3
6096,11
6097,4
6098,1
6099,13
6100,8
6101,1
6102,3
6103,2
6104,5
6105,1
6106,8
6107,3
6108,4
6109,22
6110,17
6111,3
6112,10
6113,1
6114,11
6115,4
6116,7
6117,2
6118,2
6119,1
6120,1
6121,24
6122,33287
6123,6
6124,14
6125,1
6126,1
6127,2
6128,6389
6129,2
6130,4
6131,1
6132,3
6133,2
6134,1
6135,3
6136,20
6137,7
6138,1
6139,58
6140,1
6141,4
6142,8
6143,37
6144,1
6145,4
6146,3
6147,3
6148,2
6149,3
6150,1
6151,40
6152,11
6153,9
6154,6
6155,5
6156,5
6157,6
6158,25
6159,5
6160,4
6161,1
6162,3
6163,8
6164,1
6165,4
6166,20
6167,7
6168,4
6169,2
6170,5
6171,1
6172,10
6173,1
6174,2
6175,4
6176,3
6177,2
6178,4
6179,3
6180,8
6181,4
6182,23
6183,2
6184,50
6185,3
6186,1
6187,2
6188,1
6189,1
6190,4
6191,3
6192,3
6193,4
6194,11
6195,1
6196,4
6197,19
6198,2
6199,14
6200,1
6201,13
6202,2
6203,21
6204,1
6205,2
6206,1
6207,39
6208,8
6209,5
6210,1
6211,4
6212,3
6213,4
6214,6
6215,23
6216,1
6217,8
6218,1
6219,2
6220,8
6221,33
6222,2
6223,6
6224,7
6225,1
6226,8
6227,7
6228,1
6229,2
6230,11
6231,7
6232,4
6233,5
6234,5
6235,4
6236,1
6237,4
6238,2
6239,1
6240,3
6241,12
6242,3
6243,1
6244,2
6245,1
6246,5
6247,2
6248,1
6249,3
6250,16
6251,1
6252,10
6253,2
6254,3
6255,1
6256,16
6257,7
6258,1
6259,2
6260,11
6261,8
6262,4
6263,1
6264,2
6265,10
6266,3
6267,7
6268,2
6269,1
6270,1
6271,20
6272,3
6273,1
6274,2
6275,15
6276,1
6277,22
6278,25
6279,2
6280,2
6281,13
6282,6
6283,8
6284,1
6285,5
6286,20
6287,11
6288,1
6289,14
6290,3
6291,1
6292,2
6293,33
6294,1
6295,6
6296,5
6297,2
6298,4
6299,73
6300,1
6301,8
6302,3
6303,9
6304,10
6305,1
6306,1
6307,2
6308,33
6309,1
6310,20
6311,5
6312,3
6313,2
6314,3
6315,2
6316,8
6317,11
6318,1
6319,4606
6320,1
6321,16
6322,8
6323,1
6324,3
6325,2
6326,1
6327,2
6328,24
6329,1
6330,2
6331,12
6332,99
6333,9
6334,82
6335,1
6336,4
6337,2
6338,5
6339,2
6340,12
6341,7
6342,7
6343,2
6344,1
6345,8
6346,4
6347,3
6348,1
6349,30
6350,11
6351,1
6352,2
6353,785
6354,3
6355,4
6356,1
6357,3
6358,8
6359,3
6360,1
6361,24
6362,7
6363,2
6364,2
6365,17
6366,3
6367,2
6368,9
6369,1
6370,4
6371,1
6372,19
6373,8
6374,3
6375,3
6376,32
6377,39
6378,1
6379,1014
6380,5
6381,1
6382,16
6383,85
6384,2
6385,2
6386,5
6387,6
6388,8
6389,7
6390,1
6391,44
6392,3
6393,6
6394,2
6395,1
6396,3
6397,2
6398,13
6399,1
6400,2
6401,15
6402,2
6403,10
6404,1
6405,2
6406,4
6407,3
6408,2
6409,14
6410,1
6411,1
6412,4
6413,21
6414,1
6415,6
6416,3
6417,4
6418,2
6419,9
6420,1
6421,20
6422,11
6423,2
6424,10
6425,19
6426,1
6427,40
6428,9
6429,2
6430,4
6431,3
6432,4
6433,2
6434,3
6435,2
6436,8
6437,11
6438,6
6439,578
6440,3
6441,11
6442,6
6443,5
6444,1
6445,6
6446,1
6447,3
6448,2
6449,1
6450,2
6451,4
6452,7
6453,1
6454,26
6455,1
6456,5
6457,8
6458,1
6459,1
6460,2
6461,1
6462,2
6463,4
6464,3
6465,3
6466,4
6467,23
6468,2
6469,6
6470,1
6471,3
6472,2
6473,45
6474,5
6475,14
6476,1
6477,3
6478,2
6479,1
6480,4
6481,28
6482,91
6483,1
6484,6
6485,5
6486,1
6487,28
6488,13
6489,1
6490,4
6491,1
6492,2
6493,4
6494,9
6495,2
6496,8
6497,3
6498,4
6499,2
6500,1
6501,1
6502,4
6503,1
6504,1
6505,2
6506,29
6507,2
6508,6
6509,37
6510,2
6511,16
6512,7
6513,2
6514,22
6515,3
6516,1
6517,6
6518,1
6519,3
6520,8
6521,1
6522,3
6523,4
6524,1
6525,3
6526,4
6527,15
6528,2
6529,10
6530,5
6531,1
6532,4
6533,9
6534,5
6535,2
6536,3
6537,4
6538,2
6539,3
6540,2
6541,20
6542,7
6543,10
6544,2
6545,3
6546,1
6547,2
6548,29
6549,1
6550,4
6551,1
6552,2
6553,4
6554,1
6555,9
6556,8
6557,3
6558,5
6559,2
6560,1
6561,3
6562,2
6563,1
6564,6
6565,2
6566,3
6567,10
6568,6
6569,3
6570,3
6571,4
6572,1463
6573,1
6574,2
6575,1
6576,3
6577,2
6578,273
6579,1
6580,2
6581,1
6582,7
6583,6
6584,3
6585,1
6586,8
6587,3
6588,1
6589,2
6590,3
6591,1
6592,10
6593,1
6594,10
6595,10
6596,3
6597,6
6598,2
6599,37
6600,4
6601,12
6602,3
6603,4
6604,2
6605,7
6606,21
6607,10
6608,1
6609,1
6610,4
6611,3
6612,2
6613,6
6614,1
6615,5
6616,16
6617,3
6618,5
6619,6
6620,1
6621,5
6622,2
6623,9
6624,1
6625,2
6626,11
6627,3
6628,2
6629,1
6630,5
6631,16
6632,15
6633,1
6634,6
6635,13
6636,3
6637,6
6638,69
6639,2
6640,2
6641,3
6642,4
6643,2
6644,7
6645,1
6646,36
6647,11
6648,1
6649,2
6650,3
6651,4
6652,4
6653,5
6654,1
6655,16
6656,1
6657,23
6658,2
6659,9
6660,2
6661,24
6662,171
6663,1
6664,54
6665,1
6666,4
6667,2
6668,1
6669,1
6670,2
6671,7
6672,3
6673,2
6674,35
6675,2
6676,228
6677,319
6678,2
6679,2
6680,3
6681,8
6682,2
6683,1
6684,2
6685,4
6686,5
6687,4
6688,6
6689,11
6690,1
6691,4
6692,19
6693,4
6694,2
6695,11
6696,3
6697,10
6698,1
6699,1
6700,2
6701,3
6702,3
6703,2
6704,3
6705,1
6706,32
6707,3
6708,1
6709,74
6710,1
6711,4
6712,2
6713,5
6714,5
6715,2
6716,5
6717,4
6718,6
6719,103
6720,1
6721,208
6722,3
6723,2
6724,10
6725,1
6726,7
6727,8
6728,1
6729,5
6730,2
6731,1
6732,3
6733,10
6734,1
6735,3
6736,4
6737,3
6738,1
6739,6
6740,5
6741,4
6742,4
6743,1
6744,6
6745,2
6746,15
6747,10
6748,2
6749,1
6750,3
6751,8
6752,15
6753,9
6754,2
6755,7
6756,1
6757,6
6758,65
6759,5
6760,4
6761,1
6762,4
6763,6
6764,35
6765,2
6766,12
6767,279
6768,1
6769,2
6770,5
6771,7
6772,14
6773,49
6774,3
6775,4
6776,1
6777,2
6778,26
6779,33
6780,8
6781,4
6782,23
6783,1
6784,10
6785,5
6786,9
6787,20
6788,1
6789,7
6790,6
6791,5
6792,6
6793,8
6794,5
6795,1
6796,424
6797,3
6798,1
6799,2
6800,3
6801,3
6802,22
6803,5
6804,13
6805,4
6806,1
6807,6
6808,4
6809,1
6810,2
6811,16
6812,3
6813,1
6814,6
6815,3
6816,1
6817,4
6818,105
6819,2
6820,2
6821,21
6822,3
6823,4
6824,1
6825,3
6826,24
6827,3
6828,6
6829,90
6830,51
6831,4
6832,2
6833,5
6834,1
6835,72
6836,9
6837,10
6838,14
6839,1
6840,1
6841,72
6842,11
6843,1
6844,6
6845,1
6846,1
6847,16
6848,1
6849,2
6850,6
6851,7
6852,2
6853,10
6854,1
6855,1
6856,12
6857,11
6858,6
6859,2
6860,1
6861,1
6862,2
6863,21
6864,1
6865,4
6866,13
6867,4
6868,8
6869,5
6870,2
6871,4
6872,7
6873,5
6874,26
6875,1
6876,3
6877,2
6878,1
6879,1
6880,166
6881,1
6882,2
6883,4
6884,3
6885,2
6886,3136
6887,7
6888,9
6889,326
6890,1
6891,5
6892,4
6893,69
6894,1
6895,2
6896,5
6897,10
6898,12
6899,1
6900,3
6901,52
6902,3
6903,1
6904,2
6905,35
6906,3
6907,12
6908,365
6909,6
6910,10
6911,263
6912,8
6913,2
6914,1
6915,1
6916,8
6917,3
6918,2
6919,6
6920,1
6921,7
6922,2
6923,5
6924,2
6925,2
6926,15
6927,10
6928,4
6929,1
6930,3
6931,8
6932,3
6933,2
6934,2
6935,7
6936,1
6937,2
6938,1
6939,1
6940,86
6941,1
6942,6
6943,2
6944,61
6945,4
6946,8
6947,23
6948,2
6949,10
6950,1
6951,1
6952,2
6953,1
6954,2
6955,8
6956,1
6957,16
6958,10
6959,3
6960,1
6961,12
6962,3
6963,4
6964,302
6965,1
6966,1
6967,8
6968,5
6969,5
6970,4
6971,25
6972,8
6973,2
6974,3
6975,2
6976,8
6977,3
6978,10
6979,2
6980,5
6981,1
6982,8
6983,1
6984,13
6985,2
6986,3
6987,3
6988,2
6989,21
6990,2
6991,4
6992,19
6993,8
6994,6
6995,5
6996,9
6997,4
6998,1
6999,1
7000,2
7001,3
7002,11
7003,6
7004,1
7005,1
7006,4
7007,7
7008,4
7009,10
7010,3
7011,8
7012,6
7013,126113
7014,1
7015,4
7016,1
7017,2
7018,4
7019,13
7020,2
7021,4
7022,39
7023,5
7024,2
7025,1
7026,3
7027,2
7028,1
7029,5
7030,4
7031,3
7032,10
7033,6
7034,5
7035,1
7036,4
7037,7
7038,5
7039,26
7040,1
7041,1
7042,8
7043,1
7044,6
7045,2
7046,3
7047,3
7048,1024
7049,3
7050,2
7051,64
7052,3
7053,1
7054,18
7055,17
7056,9
7057,2
7058,121
7059,3
7060,8
7061,3
7062,20
7063,6
7064,7
7065,4
7066,260
7067,7
7068,4
7069,2
7070,5
7071,1
7072,2
7073,5
7074,1
7075,22
7076,1
7077,2
7078,12
7079,1
7080,11
7081,24
7082,7
7083,4
7084,6
7085,3
7086,1
7087,2
7088,1
7089,3
7090,70
7091,5
7092,3
7093,4
7094,23
7095,10
7096,4
7097,7
7098,1
7099,14
7100,9
7101,3
7102,2
7103,1
7104,22
7105,6
7106,5
7107,2
7108,2
7109,3
7110,1
7111,4
7112,3
7113,4
7114,70
7115,3
7116,3
7117,6
7118,13
7119,2
7120,4
7121,1
7122,6
7123,2
7124,1
7125,1
7126,16
7127,15
7128,2
7129,2
7130,3
7131,21
7132,4
7133,5
7134,2
7135,2
7136,3
7137,2
7138,16
7139,13
7140,1
7141,128
7142,63
7143,2
7144,38
7145,7
7146,1
7147,10
7148,5
7149,2
7150,8
7151,1
7152,12
7153,8
7154,5
7155,2
7156,52
7157,15
7158,10
7159,30
7160,1
7161,1
7162,2
7163,1
7164,2
7165,2
7166,3
7167,2
7168,4
7169,5
7170,1
7171,44
7172,27
7173,1
7174,2
7175,5
7176,7
7177,4
7178,117
7179,7
7180,6
7181,7
7182,2
7183,12
7184,1
7185,6
7186,12
7187,7
7188,2
7189,10
7190,5
7191,3
7192,6
7193,1
7194,1
7195,14
7196,5
7197,2
7198,2
7199,3
7200,1
7201,964
7202,11
7203,1
7204,2
7205,1
7206,3
7207,12
7208,9
7209,1
7210,4
7211,1
7212,3
7213,8
7214,3
7215,1
7216,8
7217,3
7218,1
7219,10
7220,5
7221,8
7222,4
7223,1
7224,1
7225,2
7226,3
7227,2
7228,8
7229,9
7230,1
7231,16
7232,7
7233,2
7234,30
7235,3
7236,4
7237,2
7238,17
7239,1
7240,2
7241,15
7242,4
7243,22
7244,1
7245,5
7246,24
7247,3
7248,6
7249,18
7250,7
7251,1
7252,2
7253,69
7254,2
7255,2
7256,3
7257,3
7258,2
7259,1
7260,7
7261,4
7262,11
7263,5
7264,6
7265,17
7266,1
7267,4
7268,1
7269,2
7270,6
7271,1
7272,7
7273,8
7274,1
7275,1
7276,12
7277,3
7278,1
7279,10
7280,1
7281,1
7282,2
7283,57
7284,2
7285,10
7286,7
7287,4
7288,2
7289,3
7290,3
7291,4
7292,3
7293,2
7294,14
7295,1
7296,1
7297,6
7298,25
7299,3
7300,2
7301,23
7302,2
7303,4
7304,15
7305,2
7306,36
7307,11
7308,4
7309,18
7310,1
7311,11
7312,4
7313,1
7314,1
7315,4
7316,1
7317,2
7318,6
7319,1
7320,15
7321,8
7322,27
7323,9
7324,2
7325,3
7326,1
7327,10
7328,1
7329,5
7330,4
7331,7
7332,3
7333,2
7334,1
7335,4
7336,24
7337,15
7338,10
7339,50
7340,29
7341,1
7342,28
7343,5
7344,5
7345,6
7346,17
7347,2
7348,96
7349,1
7350,2
7351,4
7352,1839
7353,6
7354,98
7355,7
7356,1
7357,2
7358,1
7359,2
7360,6
7361,1
7362,3
7363,2
7364,3
7365,1
7366,96
7367,3
7368,1
7369,6
7370,1
7371,4
7372,10
7373,1
7374,27
7375,2
7376,1
7377,4
7378,6
7379,1
7380,4
7381,12
7382,7
7383,1
7384,2
7385,1
7386,7
7387,8
7388,9
7389,1
7390,24
7391,1
7392,2
7393,2
7394,5
7395,2
7396,8
7397,135
7398,1
7399,30
7400,25
7401,3
7402,6
7403,5
7404,3
7405,10
7406,1
7407,2
7408,2
7409,3
7410,1
7411,100
7412,23
7413,1
7414,6
7415,1
7416,5
7417,2
7418,9
7419,5
7420,14
7421,1
7422,3
7423,6
7424,3
7425,1
7426,20
7427,3
7428,41
7429,2
7430,3
7431,4
7432,4
7433,1
7434,1
7435,2
7436,11
7437,3
7438,2
7439,1
7440,2
7441,4
7442,443
7443,1
7444,90
7445,1
7446,15
7447,2
7448,1
7449,5
7450,12
7451,81
7452,3
7453,18
7454,5
7455,10
7456,4
7457,7
7458,2
7459,2
7460,9
7461,1
7462,18
7463,9
7464,1
7465,36
7466,3
7467,7
7468,2
7469,1
7470,2
7471,8
7472,15
7473,1
7474,18
7475,1
7476,3
7477,4
7478,1
7479,2
7480,2
7481,9
7482,20
7483,6
7484,1
7485,5
7486,20
7487,23
7488,4
7489,290
7490,3
7491,1
7492,6
7493,5249
7494,26
7495,4
7496,5
7497,2
7498,14
7499,7
7500,8
7501,4
7502,3
7503,2
7504,186
7505,3
7506,1
7507,2
7508,1
7509,46
7510,8
7511,3
7512,4
7513,4
7514,27
7515,1
7516,12
7517,7
7518,6
7519,34
7520,3
7521,3
7522,2
7523,25
7524,2
7525,4
7526,1
7527,2
7528,2
7529,27
7530,1
7531,32
7532,3
7533,2
7534,2
7535,9
7536,1
7537,10
7538,1
7539,5
7540,2
7541,1
7542,2
7543,4
7544,3
7545,1
7546,4
7547,23
7548,5
7549,2
7550,1
7551,4
7552,4
7553,1
7554,7
7555,14
7556,3
7557,3
7558,4
7559,29
7560,1
7561,4
7562,3
7563,2
7564,10
7565,1
7566,35
7567,2
7568,1
7569,1
7570,30
7571,5
7572,6
7573,2
7574,1
7575,3
7576,24
7577,3
7578,2
7579,10
7580,1
7581,3
7582,4
7583,17
7584,5
7585,2
7586,1
7587,8
7588,8
7589,9
7590,4
7591,20
7592,3
7593,1
7594,314
7595,3
7596,1
7597,2
7598,5
7599,1
7600,22
7601,5
7602,4
7603,8
7604,9
7605,6
7606,4
7607,27
7608,1
7609,6
7610,5
7611,3
7612,2
7613,1
7614,3
7615,58
7616,1
7617,2
7618,4
7619,3
7620,1
7621,4
7622,31
7623,2
7624,2
7625,3
7626,5
7627,2
7628,25
7629,1
7630,4
7631,1
7632,2
7633,6
7634,1
7635,1
7636,16
7637,11
7638,1
7639,2
7640,3
7641,3
7642,4
7643,1
7644,1
7645,4
7646,3
7647,6
7648,2
7649,1
7650,4
7651,25368
7652,7
7653,1
7654,206
7655,27
7656,1
7657,16
7658,1229
7659,1
7660,4
7661,9
7662,2
7663,4
7664,1
7665,1
7666,76
7667,7
7668,9
7669,2
7670,15
7671,5
7672,2
7673,9
7674,1
7675,6
7676,3
7677,3
7678,2
7679,1
7680,1
7681,8
7682,11
7683,4
7684,22
7685,35
7686,1
7687,6
7688,1
7689,2
7690,8
7691,1
7692,8
7693,2
7694,3
7695,1
7696,60
7697,11
7698,4
7699,22
7700,1
7701,3
7702,2
7703,5
7704,2
7705,6
7706,1
7707,2
7708,6
7709,3
7710,2
7711,4
7712,31
7713,1
7714,10
7715,35
7716,3
7717,2
7718,41
7719,1
7720,2
7721,1
7722,4
7723,2
7724,11
7725,1
7726,60
7727,19
7728,9
7729,10
7730,1
7731,5
7732,6
7733,1
7734,2
7735,2
7736,1
7737,2
7738,8
7739,5
7740,6
7741,28
7742,15
7743,29
7744,2
7745,3
7746,1
7747,4
7748,1
7749,7
7750,4
7751,5
7752,3
7753,2
7754,7
7755,1
7756,4
7757,3
7758,2
7759,18
7760,3
7761,9
7762,4
7763,1
7764,6
7765,8
7766,3
7767,2
7768,6
7769,5
7770,1
7771,4
7772,7
7773,5
7774,6
7775,1
7776,7
7777,4
7778,17
7779,1
7780,2
7781,9
7782,4
7783,4
7784,1
7785,4
7786,4
7787,3
7788,2
7789,6
7790,1
7791,1
7792,4
7793,5
7794,2
7795,2
7796,7
7797,2
7798,2
7799,7
7800,1
7801,8
7802,3
7803,1
7804,130
7805,49
7806,4
7807,6
7808,5
7809,1
7810,12
7811,7
7812,2
7813,2
7814,1
7815,12
7816,28
7817,7
7818,8
7819,2
7820,1
7821,1
7822,18
7823,1
7824,1
7825,4
7826,5
7827,3
7828,12
7829,3
7830,1
7831,64
7832,19
7833,1
7834,2
7835,1
7836,5
7837,8
7838,13
7839,1
7840,4
7841,1
7842,6
7843,6
7844,3
7845,3
7846,20
7847,31
7848,2
7849,2
7850,3
7851,4
7852,10
7853,5
7854,7
7855,8
7856,5
7857,8
7858,20
7859,3
7860,8
7861,4
7862,3
7863,1
7864,6
7865,1
7866,1
7867,2
7868,1
7869,1
7870,2
7871,3
7872,2
7873,16
7874,1
7875,4
7876,76
7877,7
7878,2
7879,2
7880,1
7881,4
7882,12
7883,1
7884,3
7885,2
7886,1
7887,3
7888,676
7889,3
7890,4
7891,4
7892,15
7893,1
7894,10
7895,1
7896,4
7897,6
7898,1
7899,6
7900,2
7901,1
7902,4
7903,16
7904,1
7905,3
7906,56
7907,7
7908,1
7909,2174
7910,3
7911,1
7912,2
7913,125
7914,2
7915,4
7916,7
7917,3
7918,16
7919,3
7920,3
7921,156
7922,3
7923,5
7924,6
7925,5
7926,3
7927,6
7928,13
7929,1
7930,2
7931,41
7932,2
7933,6
7934,3
7935,2
7936,52
7937,11
7938,1
7939,6
7940,1
7941,17
7942,2
7943,1
7944,1
7945,34
7946,9
7947,3
7948,2
7949,5
7950,1
7951,4
7952,3
7953,1
7954,2
7955,9
7956,1
7957,5064
7958,49
7959,1
7960,6
7961,1
7962,2
7963,6
7964,13
7965,50
7966,388
7967,3
7968,1
7969,74
7970,3
7971,9
7972,10
7973,5
7974,3
7975,4
7976,3
7977,6
7978,4
7979,1
7980,3
7981,20
7982,3
7983,5
7984,14
7985,1
7986,1
7987,6
7988,5
7989,2
7990,6
7991,3
7992,4
7993,2
7994,11
7995,1
7996,12
7997,3
7998,6
7999,18
8000,1
8001,5
8002,2
8003,1
8004,3
8005,6
8006,27
8007,2
8008,16
8009,7
8010,3
8011,8
8012,7
8013,10
8014,2
8015,11
8016,1
8017,2
8018,5
8019,2
8020,4
8021,119
8022,2
8023,6
8024,17
8025,5
8026,20
8027,3
8028,1
8029,2
8030,1
8031,1
8032,6
8033,1
8034,1
8035,2
8036,1
8037,7
8038,6
8039,5
8040,5
8041,4
8042,23
8043,1
8044,30
8045,1
8046,5
8047,2
8048,1
8049,26
8050,8
8051,1
8052,4
8053,2
8054,3
8055,1
8056,20
8057,19
8058,2
8059,2
8060,5
8061,3
8062,4
8063,1
8064,2
8065,2
8066,5
8067,8
8068,4
8069,1
8070,1
8071,8
8072,3
8073,4
8074,2
8075,3
8076,3
8077,2
8078,25
8079,3
8080,2
8081,9
8082,4
8083,10
8084,79
8085,2
8086,12
8087,11
8088,2
8089,18
8090,19
8091,1
8092,2
8093,1
8094,1
8095,2
8096,1
8097,4
8098,8
8099,3
8100,2
8101,20
8102,3
8103,2
8104,6
8105,7
8106,3
8107,2
8108,1
8109,9
8110,2
8111,1
8112,4
8113,8
8114,1
8115,1
8116,252
8117,3
8118,6
8119,1162
8120,5
8121,3
8122,4
8123,5
8124,1
8125,10
8126,1
8127,6
8128,6
8129,3
8130,8
8131,8
8132,219
8133,1
8134,2
8135,7
8136,1
8137,8
8138,5
8139,7
8140,2
8141,3
8142,2
8143,2
8144,5
8145,6
8146,4
8147,11
8148,4
8149,6
8150,1
8151,8
8152,2
8153,21
8154,11
8155,2
8156,7
8157,3
8158,2
8159,1
8160,27
8161,88
8162,7
8163,2
8164,6
8165,5
8166,1
8167,6
8168,109
8169,1
8170,6
8171,13
8172,11
8173,2
8174,1
8175,5
8176,4
8177,7
8178,2
8179,2
8180,1
8181,1
8182,10
8183,9
8184,1
8185,8
8186,9
8187,2
8188,4
8189,5
8190,1
8191,12
8192,3
8193,6
8194,14
8195,19
8196,7
8197,2
8198,5
8199,2
8200,2
8201,3
8202,3
8203,4
8204,3
8205,1
8206,4
8207,3
8208,1
8209,6
8210,1
8211,7
8212,8
8213,1
8214,3
8215,4
8216,1
8217,2
8218,4
8219,5
8220,3
8221,12
8222,3
8223,1
8224,274
8225,1
8226,1
8227,2
8228,293
8229,2
8230,10
8231,35
8232,4
8233,2
8234,5
8235,2
8236,4
8237,7
8238,1
8239,2
8240,1
8241,3
8242,2
8243,1
8244,7
8245,658
8246,1
8247,6
8248,2
8249,3
8250,4
8251,48
8252,11
8253,2
8254,10
8255,3
8256,15
8257,2
8258,9
8259,1
8260,12
8261,3
8262,2
8263,2
8264,1
8265,4
8266,4
8267,3
8268,2
8269,1150
8270,3
8271,3
8272,18
8273,1
8274,5
8275,16
8276,1
8277,26
8278,2
8279,7
8280,1
8281,8
8282,7
8283,1
8284,6
8285,7
8286,1
8287,2
8288,33
8289,5
8290,2
8291,5
8292,3
8293,4
8294,11
8295,2
8296,8
8297,3
8298,8
8299,10
8300,19
8301,1
8302,4
8303,1
8304,5
8305,6
8306,3
8307,3
8308,4
8309,1
8310,4
8311,8
8312,27
8313,6
8314,10
8315,1
8316,1
8317,4
8318,5
8319,3
8320,4
8321,3
8322,2
8323,4
8324,1
8325,1
8326,8
8327,3
8328,1
8329,2
8330,1
8331,9
8332,2
8333,9
8334,5
8335,60
8336,1
8337,2
8338,2
8339,3
8340,3
8341,12
8342,7
8343,5
8344,2
8345,1
8346,1
8347,8
8348,9
8349,1
8350,20
8351,1
8352,2
8353,2
8354,23
8355,3
8356,4
8357,7
8358,6
8359,14
8360,5
8361,3
8362,6
8363,9
8364,1
8365,2
8366,5
8367,2
8368,246
8369,7
8370,1
8371,20
8372,3
8373,1
8374,6
8375,27
8376,7
8377,4
8378,113
8379,1
8380,2
8381,1
8382,2
8383,2
8384,3
8385,4
8386,4
8387,7
8388,8
8389,54
8390,3
8391,3
8392,2
8393,1
8394,2
8395,2
8396,3
8397,2
8398,4
8399,7
8400,2
8401,4
8402,3
8403,2
8404,2
8405,1
8406,5
8407,2
8408,5
8409,2
8410,2
8411,1
8412,4
8413,4
8414,1
8415,1
8416,24
8417,63
8418,5
8419,6
8420,5
8421,1
8422,4
8423,55157
8424,11
8425,8
8426,3
8427,7
8428,2
8429,3
8430,2
8431,36
8432,7
8433,6
8434,14
8435,1
8436,3
8437,2
8438,9
8439,1
8440,12
8441,1
8442,2
8443,2
8444,1
8445,5
8446,8
8447,3
8448,5
8449,2
8450,1
8451,1
8452,2
8453,9
8454,10
8455,4
8456,5
8457,2
8458,4
8459,5
8460,1
8461,40
8462,71
8463,1
8464,2
8465,1
8466,5
8467,6
8468,1
8469,17
8470,6
8471,1
8472,2
8473,2
8474,5
8475,3
8476,4
8477,11
8478,4
8479,322
8480,11
8481,1
8482,10
8483,17
8484,2
8485,2
8486,5
8487,8
8488,6
8489,1
8490,1
8491,32
8492,11
8493,1
8494,6
8495,3
8496,1
8497,8
8498,9
8499,2
8500,6
8501,21
8502,4
8503,12
8504,11
8505,1
8506,8
8507,15
8508,2
8509,10
8510,1
8511,4
8512,4
8513,1
8514,1
8515,2
8516,1
8517,4
8518,16
8519,9
8520,1
8521,4
8522,35
8523,1
8524,42
8525,11
8526,1
8527,28
8528,9
8529,11
8530,4
8531,9
8532,2
8533,14
8534,7
8535,2
8536,32
8537,99
8538,1
8539,2
8540,5
8541,3
8542,8
8543,5793
8544,7
8545,6
8546,1
8547,4
8548,4
8549,1
8550,5
8551,12
8552,7
8553,1
8554,2
8555,21
8556,3
8557,8
8558,1
8559,3
8560,22
8561,1
8562,4
8563,2
8564,9
8565,2
8566,688
8567,11
8568,1
8569,6
8570,13
8571,12
8572,4
8573,165
8574,2
8575,2
8576,7
8577,14
8578,2
8579,1
8580,6
8581,8
8582,11
8583,1
8584,2
8585,15
8586,9
8587,4
8588,5
8589,3
8590,2
8591,1
8592,2
8593,10
8594,1
8595,1
8596,4
8597,3
8598,12
8599,6
8600,5
8601,1
8602,4
8603,1
8604,1
8605,2
8606,5
8607,2
8608,10
8609,5
8610,3
8611,4
8612,3
8613,6
8614,2
8615,1
8616,16
8617,2
8618,13
8619,1
8620,26
8621,7
8622,6
8623,8
8624,3
8625,2
8626,8
8627,11
8628,1
8629,22
8630,13
8631,7
8632,4
8633,5
8634,2
8635,12
8636,9
8637,2
8638,4
8639,5
8640,4
8641,8
8642,7
8643,4
8644,10
8645,1
8646,1
8647,2
8648,9
8649,1
8650,4
8651,5
8652,4
8653,2
8654,3
8655,5
8656,4
8657,3
8658,1
8659,10
8660,1
8661,4
8662,2
8663,1
8664,3
8665,4
8666,1
8667,3
8668,2
8669,9
8670,1
8671,16
8672,79
8673,2
8674,102
8675,1
8676,24
8677,10
8678,93
8679,1
8680,2
8681,5
8682,2
8683,42
8684,3
8685,3
8686,4
8687,3
8688,1
8689,2
8690,11
8691,1
8692,6
8693,1
8694,1
8695,2
8696,1
8697,6
8698,4
8699,3
8700,1
8701,12
8702,19
8703,5
8704,6
8705,5
8706,4
8707,4
8708,1
8709,1
8710,2
8711,5
8712,2
8713,4
8714,5
8715,1
8716,4
8717,3
8718,8
8719,2
8720,3
8721,1
8722,6
8723,5
8724,1
8725,6
8726,3
8727,6
8728,2
8729,3
8730,4
8731,4
8732,3
8733,1
8734,714
8735,1
8736,5
8737,2
8738,1
8739,5
8740,2
8741,1
8742,14
8743,8
8744,1
8745,1
8746,48
8747,19
8748,1
8749,278
8750,3
8751,3
8752,20
8753,5
8754,1
8755,36
8756,13
8757,10
8758,20
8759,1
8760,5
8761,4
8762,15
8763,2
8764,6
8765,3
8766,5
8767,2
8768,21
8769,1
8770,2
8771,5
8772,2
8773,8
8774,5
8775,1
8776,4
8777,31
8778,4
8779,2
8780,3
8781,3
8782,2
8783,13
8784,1
8785,2
8786,1
8787,2
8788,2
8789,1
8790,1
8791,268
8792,11
8793,4
8794,10
8795,9
8796,11
8797,6
8798,1
8799,1
8800,2
8801,11
8802,23
8803,16
8804,1
8805,2
8806,4
8807,3
8808,4
8809,6
8810,3
8811,1
8812,10
8813,1
8814,2
8815,4
8816,3
8817,3
8818,6
8819,23
8820,2
8821,8
8822,7
8823,14
8824,10
8825,9
8826,7
8827,4
8828,1
8829,1
8830,24
8831,7
8832,3
8833,10
8834,1
8835,6
8836,8
8837,11
8838,2
8839,10
8840,1
8841,1
8842,6
8843,5
8844,3
8845,2
8846,3
8847,10
8848,2
8849,3
8850,2
8851,24
8852,11
8853,1
8854,14
8855,3
8856,1
8857,18
8858,341
8859,2
8860,4
8861,5
8862,2
8863,10
8864,1
8865,2
8866,152
8867,3
8868,1
8869,22
8870,25
8871,3
8872,38
8873,1
8874,1
8875,16
8876,7
8877,2
8878,4
8879,5
8880,1
8881,4
8882,7
8883,2
8884,2
8885,3
8886,3
8887,4
8888,9
8889,10
8890,12
8891,1
8892,2
8893,2
8894,1
8895,1
8896,8
8897,15
8898,2
8899,2
8900,321
8901,3
8902,4
8903,1
8904,2
8905,10
8906,3
8907,3
8908,4
8909,7
8910,5
8911,244
8912,35
8913,1
8914,6
8915,5
8916,3
8917,4
8918,1
8919,1
8920,6
8921,5
8922,7
8923,16
8924,5
8925,1
8926,8
8927,31
8928,5
8929,1966
8930,15
8931,1
8932,2
8933,261
8934,3
8935,6
8936,5
8937,4
8938,2
8939,5
8940,1
8941,36
8942,3
8943,8
8944,6
8945,1
8946,3
8947,6
8948,17
8949,2
8950,2
8951,1
8952,2
8953,4
8954,1
8955,1
8956,8
8957,115
8958,4
8959,2
8960,1
8961,1
8962,6
8963,81
8964,1
8965,6
8966,11
8967,2
8968,4
8969,1
8970,3
8971,4
8972,3
8973,4
8974,2
8975,13
8976,3
8977,6
8978,1
8979,1
8980,22
8981,3
8982,11
8983,2
8984,11
8985,1
8986,12
8987,19
8988,1
8989,418
8990,1
8991,9
8992,2
8993,1
8994,1
8995,38
8996,5
8997,4
8998,2
8999,3
9000,6
9001,8
9002,11
9003,2
9004,2
9005,29
9006,1
9007,10
9008,5
9009,2
9010,4
9011,3
9012,6
9013,18
9014,15
9015,2
9016,12
9017,7
9018,2
9019,18
9020,1
9021,1
9022,8
9023,1
9024,1
9025,6
9026,5
9027,2
9028,106
9029,1
9030,1
9031,4
9032,7
9033,20
9034,2
9035,21
9036,4
9037,4
9038,1
9039,3
9040,2
9041,47
9042,3
9043,14
9044,1
9045,6
9046,4
9047,15
9048,1
9049,262
9050,7
9051,4
9052,2
9053,241
9054,2
9055,6
9056,25
9057,2
9058,6
9059,1
9060,1
9061,20
9062,3
9063,1
9064,58
9065,1
9066,1
9067,2
9068,9
9069,2
9070,4
9071,1
9072,3
9073,2
9074,1
9075,8
9076,8
9077,3
9078,2
9079,10
9080,33
9081,3
9082,32
9083,5
9084,1
9085,2
9086,3
9087,7
9088,2
9089,15
9090,1
9091,204
9092,11
9093,2
9094,6
9095,1
9096,17
9097,2
9098,9
9099,1
9100,4
9101,15
9102,3
9103,12
9104,11
9105,1
9106,40
9107,15
9108,1
9109,18
9110,5
9111,1
9112,6
9113,37
9114,1
9115,16
9116,1
9117,2
9118,2
9119,3
9120,10
9121,28
9122,3
9123,2
9124,2
9125,1
9126,1
9127,4
9128,1
9129,9
9130,14
9131,53
9132,2
9133,30
9134,1
9135,2
9136,12
9137,51
9138,14
9139,6
9140,3
9141,7
9142,4
9143,1
9144,1
9145,12
9146,5
9147,19
9148,4
9149,7
9150,1
9151,4
9152,47
9153,1
9154,6
9155,1
9156,1
9157,2
9158,9
9159,2
9160,10
9161,43
9162,14
9163,2
9164,1
9165,7
9166,20
9167,71
9168,9
9169,2
9170,1
9171,3
9172,10
9173,21
9174,2
9175,4
9176,1
9177,2
9178,2
9179,3
9180,2
9181,136
9182,7
9183,1
9184,22
9185,1
9186,4
9187,2
9188,29
9189,1
9190,2
9191,3
9192,4
9193,4
9194,3
9195,2
9196,4
9197,11
9198,1
9199,6
9200,1
9201,3
9202,2
9203,9
9204,5
9205,2
9206,1
9207,11
9208,2
9209,3
9210,3
9211,4
9212,187
9213,1
9214,2
9215,3
9216,1
9217,18
9218,13
9219,1
9220,8
9221,1
9222,8
9223,8
9224,15
9225,1
9226,4
9227,7
9228,1
9229,6
9230,1
9231,3
9232,2
9233,9
9234,9
9235,4
9236,5
9237,3
9238,6
9239,7
9240,1
9241,16
9242,11
9243,2
9244,74
9245,3
9246,1
9247,12
9248,5
9249,2
9250,12
9251,1
9252,3
9253,2
9254,5
9255,2
9256,8
9257,11
9258,1
9259,6
9260,1
9261,1
9262,2
9263,41
9264,2
9265,2
9266,7
9267,100
9268,14
9269,1
9270,1
9271,12
9272,3
9273,6
9274,2
9275,3
9276,1
9277,20
9278,33
9279,2
9280,10
9281,29
9282,3
9283,8
9284,7
9285,6
9286,48
9287,3
9288,4
9289,22
9290,7
9291,1
9292,14
9293,1
9294,3
9295,2
9296,1
9297,2
9298,6
9299,27
9300,2
9301,4
9302,71
9303,8
9304,2
9305,3
9306,3
9307,4
9308,1
9309,5
9310,4
9311,3
9312,7
9313,2
9314,5
9315,3
9316,4
9317,15
9318,1
9319,2
9320,3
9321,8
9322,4
9323,3013
9324,5
9325,8
9326,3
9327,2
9328,2
9329,57
9330,1
9331,4
9332,19
9333,8
9334,2
9335,1
9336,4
9337,4
9338,5
9339,1
9340,2
9341,3
9342,2
9343,4
9344,7
9345,1
9346,20
9347,15
9348,5
9349,2
9350,1
9351,8
9352,2
9353,53
9354,5
9355,6
9356,1
9357,3
9358,4
9359,1
9360,2
9361,16
9362,3
9363,5
9364,10
9365,1
9366,3
9367,4
9368,5
9369,9
9370,4
9371,1
9372,2
9373,2
9374,1
9375,2
9376,176
9377,3
9378,1
9379,2
9380,3
9381,4
9382,2
9383,29
9384,2
9385,6
9386,1
9387,2
9388,4
9389,7
9390,2
9391,16
9392,223
9393,1
9394,10
9395,3
9396,1
9397,2
9398,1
9399,3
9400,4
9401,1
9402,3
9403,8
9404,5
9405,5
9406,4
9407,7
9408,2
9409,14
9410,9
9411,3
9412,2
9413,57
9414,2
9415,12
9416,3
9417,3
9418,6
9419,1
9420,4
9421,8
9422,3
9423,2
9424,18
9425,3
9426,7
9427,4
9428,29
9429,1
9430,4
9431,5
9432,8
9433,4
9434,1
9435,4
9436,32
9437,39
9438,4
9439,62
9440,3
9441,4
9442,8
9443,397
9444,3
9445,2
9446,5
9447,3
9448,4
9449,1
9450,4
9451,12
9452,3
9453,2
9454,226
9455,1
9456,1
9457,6
9458,1
9459,1
9460,12
9461,3
9462,16
9463,2
9464,7
9465,2
9466,20
9467,27
9468,5
9469,6
9470,17
9471,4
9472,2
9473,1
9474,2
9475,10
9476,19
9477,7
9478,14
9479,1
9480,4
9481,8
9482,11
9483,4
9484,10
9485,9
9486,1
9487,42
9488,5
9489,1
9490,4
9491,5
9492,3
9493,10
9494,19
9495,6
9496,4
9497,15
9498,2
9499,2
9500,1
9501,4
9502,6
9503,13
9504,1
9505,4
9506,1
9507,11
9508,8
9509,9
9510,3
9511,12
9512,7
9513,2
9514,6
9515,1
9516,3
9517,2
9518,1
9519,5
9520,8
9521,17
9522,10
9523,14
9524,13
9525,1
9526,4
9527,7
9528,2
9529,34
9530,5
9531,3
9532,10
9533,13
9534,1
9535,8
9536,1
9537,2
9538,2
9539,1
9540,1
9541,4
9542,55
9543,1
9544,2
9545,5
9546,3
9547,2
9548,9
9549,2
9550,2
9551,5
9552,4
9553,6
9554,7
9555,3
9556,4
9557,35
9558,5
9559,2
9560,1
9561,11
9562,4
9563,17
9564,5
9565,2
9566,13
9567,3
9568,2
9569,1
9570,1
9571,4
9572,11
9573,14
9574,6
9575,97
9576,7
9577,6
9578,1
9579,2
9580,2
9581,1
9582,2
9583,2
9584,3
9585,6
9586,12
9587,3
9588,4
9589,370
9590,1
9591,1
9592,6
9593,9
9594,2
9595,4
9596,19
9597,3
9598,2
9599,5
9600,3
9601,12
9602,751
9603,1
9604,6
9605,1
9606,1
9607,6
9608,957
9609,1
9610,44
9611,9
9612,2
9613,2
9614,3
9615,1
9616,12
9617,11
9618,1
9619,6
9620,3
9621,5
9622,4
9623,21
9624,1
9625,2
9626,9
9627,3
9628,8
9629,1
9630,3
9631,4
9632,179
9633,1
9634,22
9635,3
9636,1
9637,6
9638,53
9639,2
9640,2
9641,7
9642,2
9643,6
9644,1
9645,4
9646,12
9647,23
9648,2
9649,6
9650,1
9651,4
9652,2
9653,13
9654,1
9655,18
9656,3
9657,2
9658,30
9659,1
9660,5
9661,8
9662,7
9663,2
9664,14
9665,7
9666,1
9667,2
9668,65
9669,2
9670,62
9671,3
9672,3
9673,2
9674,7
9675,9
9676,32
9677,3
9678,2
9679,18
9680,7
9681,4
9682,2
9683,5
9684,2
9685,6
9686,1
9687,2
9688,4
9689,1
9690,1
9691,8
9692,879
9693,1
9694,3321062
9695,1
9696,3
9697,4
9698,29
9699,15
9700,4
9701,1
9702,3
9703,12
9704,29
9705,2
9706,20
9707,15
9708,1
9709,14
9710,1
9711,1
9712,8
9713,1
9714,1
9715,2
9716,1
9717,4
9718,2
9719,5
9720,1
9721,4
9722,2491
9723,1
9724,6
9725,3
9726,8
9727,6
9728,1
9729,2
9730,2
9731,1
9732,6
9733,2
9734,1
9735,1
9736,4
9737,23
9738,1
9739,14
9740,5
9741,1
9742,42
9743,125
9744,1
9745,4
9746,3
9747,3
9748,2
9749,15
9750,1
9751,8
9752,3
9753,1
9754,26
9755,3
9756,3
9757,14
9758,9
9759,5
9760,2
9761,5
9762,6
9763,18
9764,13
9765,1
9766,4
9767,3
9768,14
9769,10
9770,1
9771,1
9772,2
9773,5
9774,2
9775,30
9776,1
9777,22
9778,2
9779,1
9780,3
9781,20
9782,11
9783,2
9784,6
9785,1
9786,4
9787,4
9788,1
9789,2
9790,2
9791,1
9792,7
9793,10
9794,5
9795,2
9796,8
9797,7
9798,1
9799,46
9800,3
9801,1
9802,2
9803,17
9804,1
9805,10
9806,7
9807,2
9808,2
9809,5
9810,2
9811,68
9812,3
9813,13
9814,6
9815,39
9816,4
9817,6
9818,9
9819,3
9820,28
9821,3
9822,3
9823,2
9824,3
9825,2
9826,4
9827,11
9828,2
9829,2
9830,1
9831,3
9832,6
9833,253
9834,7
9835,2
9836,11
9837,3
9838,14
9839,3
9840,1
9841,4
9842,3
9843,1
9844,6
9845,33
9846,8
9847,12
9848,1
9849,1
9850,20
9851,3
9852,2
9853,4
9854,1
9855,5
9856,12
9857,3
9858,1
9859,54
9860,5
9861,3
9862,4
9863,1
9864,9
9865,2
9866,3
9867,11
9868,4
9869,1
9870,6
9871,20
9872,3
9873,5
9874,6
9875,1
9876,1
9877,2
9878,5
9879,1
9880,2
9881,1
9882,4
9883,4
9884,9
9885,2
9886,60
9887,11
9888,1
9889,6
9890,7
9891,9
9892,2
9893,5
9894,3
9895,2
9896,1
9897,14
9898,6
9899,3
9900,1
9901,20
9902,79
9903,4
9904,190
9905,3
9906,1
9907,10
9908,9
9909,1
9910,6
9911,17
9912,16
9913,8
9914,13
9915,8
9916,4
9917,3
9918,10
9919,6
9920,1
9921,1
9922,8
9923,9
9924,3
9925,10
9926,1
9927,2
9928,4
9929,3
9930,1
9931,496
9932,59
9933,1
9934,6
9935,3
9936,8
9937,2
9938,33
9939,13
9940,2
9941,9
9942,2
9943,6
9944,1
9945,1
9946,8
9947,15
9948,4
9949,22
9950,3
9951,3
9952,4
9953,205
9954,3
9955,2
9956,1
9957,2
9958,16
9959,1
9960,2
9961,20
9962,3
9963,1
9964,2
9965,5
9966,4
9967,2
9968,1
9969,2
9970,4
9971,3
9972,3
9973,4
9974,1
9975,2
9976,4
9977,3
9978,12
9979,10
9980,1
9981,1
9982,2
9983,17
9984,2
9985,8
9986,1
9987,4
9988,2
9989,1
9990,5
9991,4
9992,11
9993,9
9994,82
9995,1
9996,1
9997,2
9998,1
9999,6
10000,4
