1,2
2,1
3,2
4,2
5,1
6,1
7,2
8,2
9,3
10,1
11,1
12,2
13,1
14,29
15,1
16,1
17,21
18,1
19,1
20,2
21,1
22,2
23,4
24,2
25,1
26,1
27,1
28,1
29,4
30,2
31,2
32,159
33,1
34,26
35,1
36,31
37,1
38,1
39,4
40,1
41,3
42,2
43,3
44,1
45,4
46,1
47,1
48,1
49,1
50,1
51,1
52,2
53,1
54,1
55,2
56,NA
57,1
58,1
59,2
60,6
61,1
62,1
63,1
64,1
65,427
66,2
67,6
68,1
69,182
70,2
71,1
72,1
73,1
74,2
75,1
76,1
77,1
78,98
79,12
80,1
81,1
82,111
83,1
84,1
85,11
86,1
87,3
88,3
89,NA
90,1
91,3
92,5
93,1
94,3
95,6
96,10
97,1
98,3
99,2
100,16
101,6
102,1
103,4
104,1
105,1
106,1
107,1
108,11
109,15
110,2
111,4
112,1
113,2
114,1
115,4
116,1
117,2
118,5
119,1
120,1
121,2
122,20
123,2
124,3
125,1
126,1
127,1
128,1
129,37
130,1
131,13
132,3
133,2
134,2
135,1
136,3
137,47
138,1
139,1
140,6
141,1
142,1
143,3
144,2
145,1
146,1
147,2
148,1
149,1
150,2
151,1
152,3
153,3
154,1
155,8
156,27
157,2
158,2
159,1
160,2
161,18
162,1
163,2
164,1
165,1
166,34
167,2
168,1
169,1
170,15
171,1
172,1
173,6
174,22
175,1
176,1
177,4
178,11
179,1
180,1
181,5
182,1
183,1
184,51
185,2
186,3
187,1
188,6
189,11
190,4
191,1
192,1
193,2
194,19
195,1
196,4
197,9
198,1
199,2
200,1
201,1
202,1
203,1
204,1
205,3
206,10
207,1
208,NA
209,1
210,16
211,1
212,20
213,1
214,4
215,1
216,2
217,1
218,1
219,NA
220,1
221,4
222,1
223,1
224,1
225,17
226,3
227,1
228,1
229,1
230,1
231,7
232,16
233,1
234,1
235,1
236,2
237,1
238,3
239,5
240,2
241,1
242,5
243,16
244,3
245,1
246,5
247,1
248,1
249,1
250,2
251,3
252,1
253,2
254,2
255,5
256,2
257,1
258,1
259,1
260,2
261,1
262,2
263,3
264,26
265,2
266,2
267,2
268,2
269,4
270,1
271,1
272,1
273,4
274,7
275,3
276,8
277,81
278,2
279,1
280,1
281,1
282,2
283,1
284,6
285,11
286,1
287,4
288,2
289,3
290,2
291,3
292,4
293,1
294,1
295,1
296,1
297,7
298,16
299,6
300,8
301,2
302,1
303,2
304,2
305,1
306,1
307,NA
308,15
309,NA
310,1
311,1
312,1
313,1
314,28
315,4
316,2
317,55
318,3
319,1
320,4
321,1
322,1
323,2
324,235
325,2
326,2
327,1
328,1
329,137
330,2
331,116
332,1
333,3
334,3
335,1
336,24
337,20
338,4
339,1
340,1
341,3
342,30
343,1
344,1
345,3
346,1
347,1
348,1
349,4
350,4
351,3
352,3
353,4
354,3
355,2
356,1
357,1
358,1
359,2
360,1
361,1
362,1
363,2
364,2
365,1
366,13
367,1
368,18
369,1
370,1
371,6
372,1
373,1
374,36
375,2
376,1
377,5
378,1
379,1
380,3
381,155
382,1
383,14
384,19
385,2
386,8
387,1
388,7
389,1
390,1
391,1
392,1
393,1
394,2
395,9
396,1
397,2
398,1
399,1
400,6
401,1
402,4
403,2
404,1
405,4
406,3
407,2
408,316
409,1
410,1
411,2
412,2
413,6
414,1
415,1
416,1
417,181
418,2
419,4
420,3
421,4
422,4
423,3
424,2
425,1
426,NA
427,1
428,1
429,1
430,12
431,1
432,3
433,105
434,1
435,1
436,1
437,18
438,1
439,3
440,2
441,2
442,7
443,1
444,1
445,1
446,3
447,18
448,6
449,1
450,1
451,1
452,6
453,1
454,2
455,1
456,1
457,3
458,2
459,2
460,1
461,5
462,1
463,54
464,1
465,22
466,1
467,1
468,2
469,3
470,1
471,34
472,165
473,3
474,32
475,1
476,2
477,1
478,4
479,3
480,1
481,4
482,1
483,55
484,3
485,120
486,1
487,1
488,2
489,6
490,31
491,1
492,13
493,2
494,1
495,3
496,14
497,8
498,2
499,7
500,3
501,16
502,5
503,1
504,348
505,1
506,4
507,2
508,1
509,1
510,2
511,11
512,1
513,1
514,1
515,2
516,5
517,1
518,2
519,4
520,1
521,5
522,2
523,1
524,2
525,4
526,5
527,1
528,1
529,2
530,1
531,1
532,1
533,3
534,1
535,23
536,2
537,2
538,3
539,3
540,NA
541,1
542,5
543,1
544,2
545,1
546,1
547,2
548,1
549,1
550,17
551,6
552,1
553,1
554,15
555,1
556,1
557,1
558,2
559,2
560,NA
561,6
562,2
563,59
564,3
565,1
566,2
567,1
568,1
569,1
570,2
571,1
572,2
573,2
574,1
575,1
576,5
577,1
578,2
579,1
580,8
581,2
582,85
583,3
584,2
585,1
586,1
587,3
588,2
589,20
590,2
591,1
592,2
593,1
594,1
595,24
596,6
597,7
598,1
599,1
600,2
601,1
602,2
603,2
604,1
605,4
606,2
607,21
608,25
609,3
610,2
611,2
612,2
613,1
614,1
615,21
616,2
617,148
618,1
619,5
620,2
621,1
622,1
623,1
624,3
625,4
626,41
627,2
628,122
629,3
630,77
631,1
632,7
633,2
634,1
635,2
636,1
637,1
638,1
639,2
640,1
641,3
642,1
643,2
644,29
645,2
646,1
647,1
648,1
649,4
650,8
651,1
652,1
653,9
654,38
655,10
656,1
657,2
658,2
659,3
660,1
661,2
662,1
663,1
664,1
665,1
666,7
667,2
668,2
669,10
670,3
671,1
672,2
673,1
674,2
675,1
676,4
677,3
678,7
679,1
680,6
681,41
682,2
683,4
684,3
685,1
686,4
687,7
688,1
689,2
690,3
691,2
692,1
693,5
694,NA
695,1
696,3
697,1
698,1
699,6
700,14
701,1
702,2
703,79
704,1
705,4
706,5
707,2
708,1
709,1
710,1
711,6
712,3
713,1
714,NA
715,2
716,2
717,3
718,1
719,21
720,1
721,6
722,2
723,3
724,3
725,303
726,1
727,NA
728,2
729,1
730,1
731,1
732,3
733,1
734,1
735,2
736,1
737,2
738,790
739,1
740,1
741,1
742,1
743,2
744,8
745,8
746,1
747,1
748,1
749,4
750,1
751,1
752,5
753,7
754,1
755,16
756,2
757,1
758,137
759,1
760,2
761,3
762,1
763,3
764,1
765,1
766,1
767,1
768,2
769,1
770,1
771,2
772,1
773,1
774,6
775,1
776,13
777,1
778,2
779,1
780,1
781,2
782,6
783,27
784,2
785,1
786,1
787,1
788,1
789,5
790,3
791,31
792,4
793,52
794,7
795,1
796,5
797,8
798,4
799,1
800,1
801,6
802,11
803,3
804,38
805,1
806,9
807,2
808,3
809,1
810,3
811,1
812,1
813,1
814,3
815,6
816,7
817,1
818,16
819,4
820,3
821,5
822,1
823,2
824,3
825,1
826,6
827,1
828,2
829,3
830,2
831,1
832,1
833,1
834,11
835,5
836,2
837,28
838,2
839,3
840,1
841,2
842,4
843,1
844,1
845,2
846,1
847,1
848,320
849,2
850,1
851,1
852,1
853,2
854,1
855,4
856,18
857,1
858,12
859,10
860,4
861,3
862,3
863,1
864,1
865,1
866,1
867,2
868,1
869,1
870,358
871,2
872,5
873,1
874,1
875,2
876,2
877,2
878,1
879,199
880,1
881,4
882,6
883,2
884,4
885,4
886,1
887,1
888,2
889,1
890,1
891,1
892,4
893,2
894,118
895,6
896,2
897,1
898,1
899,1
900,1
901,5
902,4
903,8
904,8
905,9
906,4
907,33
908,1
909,1
910,1
911,1
912,1
913,7
914,2
915,7
916,2
917,1
918,1
919,1
920,4
921,5
922,1
923,1
924,1
925,2
926,1
927,3
928,3
929,3
930,23
931,1
932,2
933,3
934,431
935,5
936,2
937,1
938,2
939,6
940,2
941,1
942,1
943,1
944,1
945,3
946,6
947,10
948,1
949,3
950,1
951,2
952,5
953,3
954,8
955,1
956,3
957,6
958,2
959,13
960,1
961,1
962,2
963,1
964,7
965,3
966,150
967,1
968,1
969,2
970,2
971,2
972,7
973,2
974,1
975,2
976,5
977,1
978,1
979,12
980,14
981,1
982,1
983,9
984,1
985,54
986,1
987,13
988,5
989,1
990,1
991,NA
992,2
993,6
994,4
995,10
996,24
997,9
998,93
999,1
1000,65
1001,1
1002,20
1003,2
1004,3
1005,8
1006,1
1007,2
1008,6
1009,1
1010,9
1011,1
1012,1
1013,2
1014,1
1015,24
1016,1
1017,1
1018,41
1019,1
1020,1
1021,3
1022,201
1023,1
1024,NA
1025,1
1026,1
1027,114
1028,1
1029,2
1030,1
1031,15
1032,3
1033,27
1034,16
1035,6
1036,3
1037,10
1038,1
1039,5
1040,2
1041,2
1042,1
1043,3
1044,5
1045,6
1046,4
1047,1
1048,2
1049,3
1050,1
1051,12
1052,1
1053,1
1054,1
1055,1
1056,2
1057,36
1058,1
1059,1
1060,26
1061,1
1062,8
1063,1
1064,1
1065,2
1066,1
1067,2
1068,14
1069,3
1070,92
1071,1
1072,8
1073,1
1074,4
1075,1
1076,1
1077,3
1078,1
1079,2
1080,2
1081,3
1082,1
1083,8
1084,1
1085,1
1086,3
1087,1
1088,11
1089,1
1090,2
1091,86
1092,1
1093,8
1094,5
1095,3
1096,2
1097,1
1098,2
1099,3
1100,1
1101,4
1102,1
1103,1
1104,1
1105,2
1106,1
1107,4
1108,1
1109,2
1110,1
1111,1
1112,82
1113,3
1114,7
1115,1
1116,7
1117,2
1118,1
1119,1
1120,1
1121,11
1122,3
1123,14
1124,25
1125,6
1126,2
1127,1
1128,3
1129,4
1130,1
1131,1
1132,1
1133,1
1134,2
1135,3
1136,4
1137,2
1138,5
1139,12
1140,1
1141,3
1142,2
1143,5
1144,93
1145,20
1146,2
1147,11
1148,2
1149,2
1150,5
1151,98
1152,1
1153,4
1154,3
1155,4
1156,2
1157,1
1158,10
1159,3
1160,1
1161,86
1162,3
1163,2
1164,1
1165,1
1166,1
1167,NA
1168,1
1169,1
1170,1
1171,1
1172,1
1173,1
1174,9
1175,1
1176,1
1177,1
1178,2
1179,1
1180,1
1181,7
1182,2
1183,1
1184,4
1185,2
1186,2
1187,41
1188,12
1189,2
1190,2
1191,3
1192,2
1193,3
1194,1
1195,1
1196,5
1197,13
1198,7
1199,1
1200,72
1201,3
1202,1
1203,2
1204,1
1205,55
1206,1
1207,4
1208,1
1209,7
1210,1
1211,6
1212,1
1213,5
1214,1
1215,2
1216,7
1217,7
1218,1
1219,3
1220,19
1221,1
1222,2
1223,2
1224,1
1225,5
1226,3
1227,24
1228,7
1229,1
1230,3
1231,3
1232,3
1233,4
1234,2
1235,1
1236,2
1237,3
1238,29
1239,228
1240,1
1241,1
1242,91
1243,1
1244,36
1245,4
1246,1
1247,14
1248,85
1249,2
1250,1
1251,12
1252,2
1253,3
1254,4
1255,2
1256,1
1257,2
1258,1
1259,6
1260,1
1261,6
1262,4
1263,1
1264,1
1265,3
1266,4
1267,1
1268,12
1269,11
1270,2
1271,4
1272,1
1273,4
1274,2
1275,1
1276,3
1277,20
1278,8
1279,63
1280,1
1281,19
1282,1
1283,4
1284,1
1285,7
1286,1
1287,1
1288,6
1289,1
1290,2
1291,2
1292,4
1293,1
1294,2
1295,21
1296,1
1297,15
1298,2
1299,140
1300,5
1301,1
1302,1
1303,1
1304,2
1305,1
1306,3
1307,1
1308,1
1309,1
1310,12
1311,1
1312,2
1313,1
1314,3
1315,1
1316,6
1317,5
1318,1
1319,9
1320,85
1321,6
1322,4
1323,1
1324,1
1325,19
1326,12
1327,6
1328,1
1329,1
1330,5
1331,1
1332,2
1333,3
1334,1
1335,1
1336,21
1337,1
1338,5
1339,1
1340,12
1341,3
1342,1
1343,48
1344,1
1345,33
1346,1
1347,1
1348,1
1349,1
1350,1
1351,2
1352,3
1353,3
1354,310
1355,1
1356,5
1357,76
1358,2
1359,4
1360,160
1361,1
1362,51
1363,1
1364,13
1365,12
1366,2
1367,70
1368,5
1369,17
1370,3
1371,2
1372,9
1373,2
1374,1
1375,1
1376,4
1377,2
1378,1
1379,2
1380,1
1381,1
1382,2
1383,1
1384,1
1385,1
1386,3
1387,2
1388,1
1389,3
1390,4
1391,5
1392,3
1393,1
1394,2
1395,6
1396,1
1397,1
1398,14
1399,2
1400,2
1401,297
1402,3
1403,5
1404,1
1405,1
1406,1
1407,5
1408,114
1409,12
1410,16
1411,1
1412,3
1413,1
1414,1
1415,2
1416,8
1417,2
1418,7
1419,10
1420,106
1421,8
1422,1
1423,1
1424,1
1425,3
1426,324
1427,1
1428,3
1429,1
1430,14
1431,18
1432,2
1433,2
1434,18
1435,5
1436,1
1437,1
1438,1
1439,1
1440,1
1441,3
1442,8
1443,6
1444,1
1445,5
1446,5
1447,3
1448,7
1449,2
1450,2
1451,1
1452,1
1453,6
1454,1
1455,1
1456,1
1457,4
1458,2
1459,1
1460,3
1461,1
1462,7
1463,2
1464,6
1465,2
1466,49
1467,1
1468,1
1469,1
1470,1
1471,1
1472,1
1473,5
1474,6
1475,2
1476,1
1477,2
1478,1
1479,1
1480,1
1481,4
1482,1
1483,1
1484,3
1485,7
1486,8
1487,1
1488,1
1489,1
1490,2
1491,1
1492,1
1493,1
1494,1
1495,7
1496,48
1497,2
1498,5
1499,3
1500,1
1501,4
1502,1
1503,1
1504,2
1505,4
1506,7
1507,7
1508,24
1509,1
1510,1
1511,1
1512,5
1513,8
1514,2
1515,5
1516,4
1517,1
1518,6
1519,42
1520,28
1521,8
1522,1
1523,2
1524,2
1525,2
1526,11
1527,2
1528,1
1529,3
1530,12
1531,3
1532,1
1533,2
1534,1
1535,39
1536,1
1537,1
1538,12
1539,45
1540,5
1541,2
1542,3
1543,1
1544,63
1545,1
1546,1
1547,1
1548,7
1549,3
1550,11
1551,2
1552,6
1553,2
1554,1
1555,1
1556,4
1557,1
1558,6
1559,1
1560,6
1561,13
1562,1
1563,4
1564,5
1565,3
1566,1
1567,1
1568,4
1569,1
1570,1
1571,2
1572,35
1573,11
1574,14
1575,5
1576,3
1577,2
1578,1
1579,4
1580,79
1581,1
1582,2
1583,1
1584,2
1585,2
1586,1
1587,4
1588,2
1589,2
1590,47
1591,1
1592,29
1593,1
1594,1
1595,38
1596,84
1597,1
1598,4
1599,2
1600,6
1601,1
1602,2
1603,8
1604,23
1605,1
1606,3
1607,4
1608,1
1609,1
1610,1
1611,16
1612,1
1613,2
1614,1
1615,8
1616,NA
1617,3
1618,86
1619,7
1620,6
1621,1
1622,19
1623,1
1624,2
1625,17
1626,1
1627,1
1628,2
1629,8
1630,1
1631,2
1632,2
1633,4
1634,1
1635,1
1636,4
1637,4
1638,1
1639,1
1640,2
1641,3
1642,5
1643,1
1644,1
1645,30
1646,1
1647,1
1648,1
1649,481
1650,7
1651,52
1652,1
1653,4
1654,2
1655,2
1656,2
1657,1
1658,NA
1659,1
1660,3
1661,1
1662,NA
1663,8
1664,2
1665,8
1666,1
1667,1
1668,8
1669,15
1670,1
1671,7
1672,1
1673,2
1674,1
1675,2
1676,1
1677,2
1678,2
1679,2
1680,28
1681,2
1682,27
1683,1
1684,104
1685,1
1686,9
1687,1
1688,2
1689,NA
1690,6
1691,1
1692,4
1693,1
1694,2
1695,4
1696,5
1697,1
1698,1
1699,17
1700,3
1701,5
1702,8
1703,1
1704,1
1705,1
1706,12
1707,11
1708,3
1709,1
1710,1
1711,3
1712,1
1713,7
1714,1
1715,49
1716,1
1717,118
1718,16
1719,1
1720,5
1721,57
1722,1
1723,6
1724,106
1725,2
1726,1
1727,1
1728,4
1729,1
1730,3
1731,1
1732,2
1733,2
1734,7
1735,2
1736,3
1737,1
1738,3
1739,18
1740,3
1741,2
1742,1
1743,3
1744,7
1745,1
1746,3
1747,12
1748,5
1749,1
1750,62
1751,2
1752,1
1753,1
1754,1
1755,1
1756,1
1757,4
1758,1
1759,3
1760,4
1761,2
1762,1
1763,1
1764,1
1765,1
1766,2
1767,1
1768,1
1769,1
1770,3
1771,3
1772,6
1773,2
1774,1
1775,97
1776,2
1777,55
1778,1
1779,1
1780,11
1781,1
1782,4
1783,2
1784,4
1785,6
1786,7
1787,2
1788,1
1789,3
1790,4
1791,1
1792,13
1793,1
1794,2
1795,2
1796,1
1797,4
1798,5
1799,9
1800,3
1801,1
1802,2
1803,7
1804,1
1805,10
1806,2
1807,1
1808,2
1809,1
1810,1
1811,9
1812,1
1813,1
1814,1
1815,10
1816,64
1817,16
1818,3
1819,1
1820,1
1821,1
1822,1
1823,1
1824,3
1825,1
1826,11
1827,4
1828,1
1829,2
1830,3
1831,1
1832,4
1833,NA
1834,17
1835,1
1836,29
1837,3
1838,114
1839,1
1840,1
1841,2
1842,10
1843,13
1844,1
1845,1
1846,8
1847,1
1848,60
1849,6
1850,2
1851,10
1852,5
1853,1
1854,6
1855,1
1856,57
1857,1
1858,31
1859,2
1860,4
1861,2
1862,1
1863,2
1864,1
1865,4
1866,1
1867,1
1868,3
1869,13
1870,1
1871,8
1872,3
1873,6
1874,1
1875,1
1876,57
1877,1
1878,7
1879,9
1880,1
1881,1
1882,4
1883,1
1884,2
1885,1
1886,1
1887,6
1888,3
1889,8
1890,2
1891,5
1892,3
1893,4
1894,1
1895,33
1896,1
1897,31
1898,5
1899,3
1900,3
1901,2
1902,11
1903,3
1904,6
1905,1
1906,4
1907,1
1908,1
1909,1
1910,16
1911,1
1912,3
1913,1
1914,1
1915,2
1916,15
1917,2
1918,161
1919,1
1920,1
1921,117
1922,3
1923,1
1924,1
1925,1
1926,426
1927,1
1928,14
1929,1
1930,2
1931,2
1932,1
1933,1
1934,1
1935,3
1936,17
1937,2
1938,1
1939,1
1940,1
1941,2
1942,5
1943,1
1944,2
1945,1
1946,NA
1947,1
1948,6
1949,1
1950,2
1951,1
1952,14
1953,1
1954,2
1955,2
1956,1
1957,5
1958,1
1959,2
1960,39
1961,4
1962,1
1963,6
1964,2
1965,15
1966,1
1967,9
1968,163
1969,NA
1970,NA
1971,1
1972,1
1973,4
1974,1
1975,2
1976,27
1977,3
1978,1
1979,3
1980,2
1981,28
1982,6
1983,3
1984,1
1985,1
1986,1
1987,4
1988,1
1989,1
1990,1
1991,1
1992,2
1993,2
1994,1
1995,2
1996,1
1997,1
1998,2
1999,6
2000,2
2001,1
2002,2
2003,2
2004,3
2005,1
2006,2
2007,1
2008,3
2009,3
2010,8
2011,1
2012,1
2013,1
2014,4
2015,1
2016,1
2017,2
2018,1
2019,6
2020,2
2021,1
2022,1
2023,NA
2024,3
2025,184
2026,1
2027,2
2028,410
2029,2
2030,2
2031,2
2032,26
2033,11
2034,3
2035,3
2036,16
2037,12
2038,1
2039,3
2040,20
2041,15
2042,6
2043,1
2044,7
2045,5
2046,1
2047,10
2048,4
2049,1
2050,5
2051,1
2052,1
2053,1
2054,2
2055,4
2056,15
2057,3
2058,564
2059,9
2060,1
2061,4
2062,4
2063,4
2064,3
2065,2
2066,7
2067,1
2068,1
2069,2
2070,1
2071,2
2072,1
2073,1
2074,2
2075,6
2076,7
2077,4
2078,NA
2079,2
2080,6
2081,1
2082,2
2083,4
2084,3
2085,7
2086,4
2087,1
2088,30
2089,1
2090,1
2091,6
2092,1
2093,5
2094,2
2095,2
2096,3
2097,6
2098,1
2099,1
2100,1
2101,8
2102,2
2103,13
2104,1
2105,4
2106,4
2107,2
2108,2
2109,1
2110,3
2111,1
2112,2
2113,48
2114,1
2115,1
2116,3
2117,1
2118,1
2119,1
2120,1
2121,5
2122,9
2123,2
2124,2
2125,2
2126,1
2127,4
2128,1
2129,10
2130,3
2131,4
2132,1
2133,1
2134,1
2135,2
2136,2
2137,1
2138,1
2139,87
2140,1
2141,13
2142,19
2143,1
2144,1
2145,1
2146,16
2147,10
2148,3
2149,38
2150,4
2151,6
2152,1
2153,8
2154,2
2155,1
2156,1
2157,NA
2158,1
2159,2
2160,1
2161,1
2162,2
2163,2
2164,1
2165,1
2166,5
2167,6
2168,4
2169,2
2170,2
2171,8
2172,2
2173,1
2174,181
2175,6
2176,4
2177,1
2178,2
2179,2
2180,1
2181,1
2182,3
2183,1
2184,8
2185,2
2186,1
2187,2
2188,5
2189,1
2190,90
2191,2
2192,1
2193,2
2194,3
2195,1
2196,1
2197,1
2198,1
2199,1
2200,2
2201,2
2202,2
2203,6
2204,1
2205,1
2206,3
2207,6
2208,1
2209,2
2210,5
2211,4
2212,6
2213,1
2214,32
2215,3
2216,1
2217,9
2218,2
2219,1
2220,1
2221,1
2222,1
2223,NA
2224,14
2225,119
2226,2
2227,36
2228,12
2229,1
2230,1
2231,1
2232,5
2233,1
2234,8
2235,2
2236,96
2237,2
2238,3
2239,3
2240,2
2241,1
2242,1
2243,11
2244,1
2245,132
2246,3
2247,1
2248,1
2249,2
2250,1
2251,1
2252,1
2253,2
2254,233
2255,1
2256,2
2257,1
2258,1
2259,6
2260,23
2261,4
2262,16
2263,2
2264,38
2265,3
2266,2
2267,2
2268,2
2269,5
2270,2
2271,9
2272,3
2273,1
2274,2
2275,1
2276,9
2277,1
2278,4
2279,NA
2280,1
2281,1
2282,2
2283,6
2284,1
2285,1
2286,8
2287,1
2288,7
2289,10
2290,3
2291,5
2292,3
2293,1
2294,1
2295,1
2296,1
2297,1
2298,3
2299,1
2300,4
2301,2
2302,36
2303,4
2304,2
2305,11
2306,1
2307,4
2308,1
2309,109
2310,2
2311,4
2312,2
2313,208
2314,7
2315,9
2316,1
2317,1
2318,9
2319,35
2320,27
2321,2
2322,2
2323,4
2324,1
2325,1
2326,1
2327,2
2328,1
2329,1
2330,10
2331,21
2332,2
2333,66
2334,7
2335,6
2336,1
2337,1
2338,1
2339,1
2340,2
2341,1
2342,757
2343,31
2344,6
2345,1
2346,4
2347,1
2348,1
2349,2
2350,1
2351,6
2352,1
2353,13
2354,1
2355,2
2356,4
2357,6
2358,1
2359,4
2360,7
2361,2
2362,1
2363,255
2364,35
2365,1
2366,4
2367,1
2368,1
2369,2
2370,5
2371,1
2372,4
2373,2
2374,1
2375,5
2376,1
2377,NA
2378,2
2379,1
2380,3
2381,1
2382,1
2383,2
2384,97
2385,4
2386,1
2387,3
2388,2
2389,81
2390,1
2391,11
2392,2
2393,1
2394,1
2395,NA
2396,11
2397,7
2398,2
2399,2
2400,1
2401,2
2402,1
2403,1
2404,1
2405,8
2406,3
2407,1
2408,9
2409,3
2410,4
2411,2
2412,3
2413,1
2414,2
2415,4
2416,34
2417,1
2418,1
2419,409
2420,39
2421,20
2422,2
2423,1
2424,17
2425,10
2426,5
2427,3
2428,7
2429,1
2430,13
2431,1
2432,10
2433,4
2434,1
2435,3
2436,3
2437,1
2438,1
2439,8
2440,1
2441,1
2442,1
2443,4
2444,2
2445,3
2446,2
2447,17
2448,3
2449,1
2450,1
2451,2
2452,1
2453,5
2454,162
2455,10
2456,8
2457,4
2458,2
2459,1
2460,1
2461,3
2462,1
2463,1
2464,1
2465,2
2466,3
2467,1
2468,4
2469,52
2470,3
2471,14
2472,11
2473,2
2474,5
2475,2
2476,8
2477,1
2478,8
2479,1
2480,1
2481,2
2482,1
2483,490
2484,3
2485,1
2486,7
2487,18
2488,2
2489,1
2490,1
2491,1
2492,4
2493,7
2494,1
2495,1
2496,1
2497,5
2498,2
2499,1
2500,5
2501,5
2502,2
2503,10
2504,1
2505,1
2506,1
2507,491
2508,1
2509,NA
2510,3
2511,11
2512,1
2513,3
2514,1
2515,6
2516,4
2517,3
2518,23
2519,NA
2520,26
2521,76
2522,37
2523,4
2524,16
2525,4
2526,2
2527,2
2528,1
2529,41
2530,2
2531,38
2532,12
2533,16
2534,1
2535,2
2536,4
2537,3
2538,1
2539,17
2540,1
2541,6
2542,10
2543,10
2544,1
2545,1
2546,1
2547,2
2548,1
2549,11
2550,2
2551,1
2552,2
2553,14
2554,1
2555,2
2556,3
2557,3
2558,7
2559,2
2560,1
2561,9
2562,11
2563,3
2564,4
2565,2
2566,2
2567,1
2568,2
2569,28
2570,55
2571,1
2572,1
2573,1
2574,10
2575,36
2576,1
2577,1
2578,3
2579,1
2580,2
2581,3
2582,1
2583,1
2584,1
2585,5
2586,638
2587,7
2588,2
2589,1
2590,1
2591,5
2592,1
2593,2
2594,7
2595,7
2596,2
2597,406
2598,9
2599,1
2600,1
2601,1
2602,1
2603,1
2604,2
2605,1
2606,9
2607,1
2608,2
2609,1
2610,58
2611,1
2612,2
2613,1
2614,5
2615,2
2616,1
2617,89
2618,1
2619,10
2620,1
2621,2
2622,1
2623,1
2624,1
2625,7
2626,2
2627,2
2628,1
2629,1
2630,42
2631,2
2632,7
2633,1
2634,1
2635,1
2636,1
2637,3
2638,4
2639,1
2640,1
2641,2
2642,17
2643,2
2644,2
2645,1
2646,4
2647,6
2648,3
2649,4
2650,1
2651,1
2652,2
2653,2
2654,14
2655,1
2656,20
2657,1
2658,13
2659,2
2660,1
2661,1
2662,1
2663,2
2664,1
2665,2
2666,2
2667,1
2668,9
2669,5
2670,1
2671,1
2672,3
2673,1
2674,30
2675,18
2676,6
2677,211
2678,3
2679,7
2680,1
2681,1
2682,11
2683,1
2684,4
2685,80
2686,3
2687,4
2688,69
2689,3
2690,2
2691,1
2692,6
2693,2
2694,1
2695,24
2696,2
2697,1
2698,2
2699,3
2700,8
2701,4
2702,1
2703,1
2704,2
2705,767
2706,8
2707,14
2708,6
2709,1
2710,1
2711,2
2712,2
2713,6
2714,1
2715,4
2716,1
2717,3
2718,6
2719,2
2720,7
2721,2
2722,1
2723,2
2724,1
2725,1
2726,21
2727,3
2728,2
2729,2
2730,18
2731,1
2732,3
2733,2
2734,5
2735,6
2736,13
2737,3
2738,3
2739,3
2740,12
2741,1
2742,2
2743,2
2744,1
2745,1
2746,15
2747,15
2748,1
2749,75
2750,1
2751,2
2752,1
2753,1
2754,2
2755,2
2756,1
2757,5
2758,3
2759,1
2760,3
2761,2
2762,2
2763,10
2764,3
2765,1
2766,1
2767,3
2768,1
2769,8
2770,1
2771,63
2772,1
2773,2
2774,1
2775,2
2776,9
2777,2
2778,1
2779,4
2780,4
2781,1
2782,31
2783,2
2784,12
2785,1
2786,35
2787,2
2788,1
2789,1
2790,2
2791,2
2792,156
2793,1
2794,1
2795,4
2796,8
2797,1
2798,3
2799,2
2800,2
2801,1
2802,4
2803,1
2804,1
2805,9
2806,2
2807,7
2808,1
2809,1
2810,1
2811,5
2812,2
2813,3
2814,1
2815,63
2816,6
2817,10
2818,1
2819,23
2820,4
2821,1
2822,567
2823,1
2824,29
2825,2
2826,1
2827,1
2828,2
2829,9
2830,1
2831,12
2832,1
2833,26
2834,4
2835,1
2836,1
2837,7
2838,6
2839,2
2840,1
2841,23
2842,1
2843,252
2844,1
2845,5
2846,1
2847,1
2848,1
2849,10
2850,56
2851,6
2852,1
2853,23
2854,1
2855,1
2856,2
2857,1
2858,28
2859,1
2860,8
2861,2
2862,2
2863,1
2864,9
2865,1
2866,2
2867,24
2868,1
2869,3
2870,7
2871,2
2872,4
2873,102
2874,2
2875,1
2876,6
2877,572
2878,2
2879,12
2880,1
2881,NA
2882,34
2883,10
2884,2
2885,1
2886,1
2887,1
2888,1
2889,1
2890,12
2891,2
2892,1
2893,1
2894,4
2895,1
2896,4
2897,1
2898,10
2899,2
2900,1
2901,2
2902,1
2903,11
2904,1
2905,436
2906,2
2907,8
2908,5
2909,1
2910,2
2911,2
2912,5
2913,2
2914,9
2915,1
2916,2
2917,8
2918,1
2919,1
2920,3
2921,1
2922,73
2923,26
2924,1
2925,3
2926,1
2927,366
2928,1
2929,3
2930,2
2931,2
2932,1
2933,2
2934,1
2935,1
2936,5
2937,1
2938,14
2939,1
2940,1
2941,2
2942,3
2943,1
2944,4
2945,1
2946,1
2947,1
2948,4
2949,4
2950,1
2951,1
2952,4
2953,8
2954,2
2955,41
2956,2
2957,1
2958,1
2959,3
2960,4
2961,1
2962,1
2963,2
2964,2
2965,2
2966,6
2967,5
2968,15
2969,15
2970,5
2971,2
2972,2
2973,1
2974,1
2975,3
2976,11
2977,1
2978,101
2979,3
2980,3
2981,3
2982,6
2983,11
2984,5
2985,1
2986,13
2987,1
2988,2
2989,1
2990,22
2991,5
2992,1
2993,118
2994,3
2995,1
2996,545
2997,1
2998,1
2999,4
3000,36
3001,11
3002,77
3003,2
3004,4
3005,3
3006,2
3007,14
3008,3
3009,11
3010,2
3011,1
3012,1
3013,1
3014,2
3015,2
3016,3
3017,2
3018,1
3019,1
3020,2
3021,1
3022,2
3023,288
3024,161
3025,4
3026,6
3027,8
3028,1
3029,1
3030,3
3031,6
3032,1
3033,20
3034,2
3035,23
3036,1
3037,2
3038,20
3039,6
3040,1
3041,1
3042,33
3043,8
3044,1
3045,3
3046,3
3047,1
3048,2
3049,2
3050,1
3051,2
3052,139
3053,5
3054,7
3055,3
3056,1
3057,1
3058,2
3059,2
3060,1
3061,1
3062,2
3063,1
3064,8
3065,1
3066,2
3067,35
3068,5
3069,10
3070,4
3071,1
3072,9
3073,26
3074,1
3075,4
3076,1
3077,4
3078,1
3079,1
3080,2
3081,16
3082,1
3083,1
3084,1
3085,2
3086,1
3087,1
3088,1
3089,16
3090,1
3091,16
3092,384
3093,1
3094,1
3095,3
3096,42
3097,2
3098,6
3099,6
3100,4
3101,1
3102,1
3103,26
3104,1
3105,5
3106,2
3107,3
3108,2
3109,3
3110,2
3111,5
3112,3
3113,1
3114,2
3115,4
3116,4
3117,1
3118,45
3119,2
3120,3
3121,1
3122,1
3123,1
3124,20
3125,54
3126,1
3127,1
3128,1
3129,1
3130,6
3131,135
3132,1
3133,3
3134,1
3135,34
3136,14
3137,15
3138,2
3139,5
3140,1
3141,1
3142,9
3143,40
3144,1
3145,205
3146,1
3147,4
3148,1
3149,6
3150,2
3151,3
3152,1
3153,1
3154,2
3155,1
3156,81
3157,3
3158,8
3159,1
3160,6
3161,NA
3162,1
3163,23
3164,1
3165,9
3166,45
3167,1
3168,3
3169,4
3170,27
3171,5
3172,1
3173,14
3174,1
3175,1
3176,5
3177,10
3178,1
3179,1
3180,2
3181,2
3182,1
3183,3
3184,1
3185,5
3186,2
3187,5
3188,3
3189,3
3190,1
3191,6
3192,1
3193,2
3194,1
3195,951
3196,1
3197,2
3198,2
3199,3
3200,1
3201,3
3202,14
3203,6
3204,1
3205,2
3206,10
3207,1
3208,1
3209,1
3210,4
3211,1
3212,3
3213,2
3214,32
3215,12
3216,2
3217,1
3218,1
3219,2
3220,1
3221,1
3222,1
3223,8
3224,12
3225,8
3226,11
3227,2
3228,6
3229,2
3230,17
3231,1
3232,3
3233,15
3234,1
3235,6
3236,17
3237,6
3238,6
3239,44
3240,9
3241,144
3242,1
3243,1
3244,3
3245,1
3246,4
3247,1
3248,1
3249,4
3250,1
3251,29
3252,2
3253,4
3254,6
3255,5
3256,1
3257,NA
3258,1
3259,6
3260,3
3261,1
3262,1
3263,9
3264,2
3265,1
3266,1
3267,2
3268,2
3269,1
3270,2
3271,2
3272,5
3273,1
3274,3
3275,4
3276,1
3277,1
3278,1
3279,4
3280,2
3281,1
3282,1
3283,1
3284,14
3285,1
3286,13
3287,2
3288,5
3289,1
3290,4
3291,6
3292,3
3293,2
3294,4
3295,35
3296,1
3297,6
3298,12
3299,9
3300,1
3301,NA
3302,2
3303,4
3304,2
3305,1
3306,9
3307,4
3308,3
3309,3
3310,3
3311,3
3312,10
3313,2
3314,19
3315,7
3316,1
3317,2
3318,4
3319,15
3320,36
3321,NA
3322,3
3323,6
3324,1
3325,3
3326,4
3327,1
3328,2
3329,1
3330,1
3331,1
3332,99
3333,2
3334,4
3335,4
3336,1
3337,1
3338,1
3339,1
3340,2
3341,2
3342,3
3343,1
3344,3
3345,NA
3346,13
3347,2
3348,1
3349,4
3350,4
3351,4
3352,6
3353,1
3354,41
3355,1
3356,2
3357,2
3358,2
3359,897
3360,4
3361,5
3362,2
3363,15
3364,1
3365,1
3366,2
3367,4
3368,1
3369,3
3370,5
3371,8
3372,2
3373,4
3374,5
3375,1
3376,13
3377,1
3378,2
3379,5
3380,1
3381,26
3382,1
3383,2
3384,2
3385,2
3386,2
3387,NA
3388,1
3389,2
3390,4
3391,2
3392,16
3393,3
3394,2
3395,1
3396,1
3397,53
3398,3
3399,1
3400,6
3401,3
3402,1
3403,1
3404,2
3405,7
3406,13
3407,1
3408,9
3409,1
3410,2
3411,24
3412,1
3413,10
3414,3
3415,1
3416,1
3417,16
3418,2
3419,1
3420,1
3421,2
3422,38
3423,5
3424,2
3425,1
3426,2
3427,1
3428,1
3429,3
3430,18
3431,1
3432,1
3433,2
3434,1
3435,1
3436,2
3437,2
3438,1
3439,6
3440,3
3441,2
3442,27
3443,1
3444,556
3445,2
3446,1
3447,5
3448,3
3449,8
3450,2
3451,2
3452,1
3453,1
3454,4
3455,4
3456,1
3457,1
3458,3
3459,5
3460,1
3461,5
3462,3
3463,3
3464,45
3465,1
3466,908
3467,1
3468,220
3469,1
3470,1
3471,3
3472,5
3473,1
3474,1
3475,5
3476,28
3477,2
3478,5
3479,19
3480,3
3481,1
3482,15
3483,1
3484,1
3485,1
3486,1
3487,3
3488,54
3489,8
3490,9
3491,1
3492,1
3493,1
3494,1
3495,1
3496,2
3497,15
3498,27
3499,378
3500,1
3501,3
3502,1
3503,1
3504,1
3505,2
3506,1
3507,3
3508,85
3509,1
3510,NA
3511,4
3512,4
3513,1
3514,11
3515,1
3516,3
3517,1
3518,3
3519,11
3520,1
3521,2
3522,5
3523,1
3524,1
3525,1
3526,1
3527,9
3528,2
3529,1
3530,1
3531,5
3532,38
3533,1
3534,4
3535,1
3536,3
3537,16
3538,14
3539,3
3540,26
3541,1
3542,2
3543,2
3544,1
3545,5
3546,1
3547,1
3548,11
3549,6
3550,7
3551,8
3552,1
3553,3
3554,2
3555,1
3556,4
3557,1
3558,2
3559,1
3560,3
3561,NA
3562,2
3563,23
3564,1
3565,18
3566,2
3567,1
3568,1
3569,11
3570,1
3571,94
3572,3
3573,6
3574,665
3575,2
3576,64
3577,1
3578,1
3579,9
3580,4
3581,5
3582,9
3583,3
3584,1
3585,91
3586,5
3587,2
3588,25
3589,2
3590,1
3591,1
3592,3
3593,5
3594,8
3595,6
3596,1
3597,3
3598,NA
3599,1
3600,1
3601,1
3602,1
3603,2
3604,5
3605,80
3606,1
3607,NA
3608,1
3609,2
3610,1
3611,3
3612,8
3613,7
3614,1
3615,31
3616,41
3617,16
3618,117
3619,4
3620,356
3621,1
3622,19
3623,1
3624,1
3625,1
3626,5
3627,8
3628,6
3629,1
3630,3
3631,2
3632,3
3633,4
3634,1
3635,8
3636,17
3637,1
3638,3
3639,1
3640,1
3641,3
3642,2
3643,5
3644,42
3645,1
3646,5
3647,1
3648,3
3649,1
3650,1
3651,7
3652,1
3653,2
3654,1
3655,1
3656,1
3657,6
3658,1
3659,1
3660,1
3661,2
3662,1
3663,3
3664,4
3665,2
3666,3
3667,125
3668,3
3669,1
3670,2
3671,1
3672,1
3673,1
3674,1
3675,8
3676,1
3677,17
3678,1
3679,3
3680,2
3681,1
3682,1
3683,12
3684,23
3685,1
3686,4
3687,13
3688,1
3689,6
3690,2
3691,14
3692,1
3693,1
3694,1
3695,3
3696,5
3697,6
3698,1
3699,1
3700,1
3701,1
3702,1
3703,24
3704,5
3705,1
3706,55
3707,1
3708,4
3709,3
3710,18
3711,1
3712,17
3713,10
3714,3
3715,3
3716,1
3717,1
3718,9
3719,14
3720,1
3721,8
3722,2
3723,1
3724,1
3725,1
3726,20
3727,2
3728,15
3729,1
3730,2
3731,52
3732,1
3733,1
3734,37
3735,2
3736,1
3737,1
3738,1
3739,1
3740,1
3741,24
3742,2
3743,1
3744,4
3745,2
3746,3
3747,2
3748,2
3749,5
3750,1
3751,1
3752,38
3753,1
3754,1
3755,1
3756,1
3757,1
3758,8
3759,6
3760,1
3761,3
3762,1
3763,4
3764,1
3765,124
3766,1
3767,1
3768,1
3769,2
3770,1
3771,1
3772,1
3773,1
3774,NA
3775,3
3776,2
3777,2
3778,2
3779,1
3780,1
3781,12
3782,2
3783,1
3784,6
3785,2
3786,44
3787,2
3788,2
3789,13
3790,2
3791,1
3792,2
3793,3
3794,5
3795,1
3796,56
3797,69
3798,1
3799,1
3800,2
3801,2
3802,1
3803,3
3804,17
3805,NA
3806,3
3807,16
3808,7
3809,61
3810,1
3811,20
3812,7
3813,2
3814,NA
3815,26
3816,11
3817,3
3818,8
3819,3
3820,1
3821,2
3822,31
3823,2
3824,1
3825,3
3826,9
3827,NA
3828,2
3829,28
3830,2
3831,2
3832,1
3833,1
3834,1
3835,2
3836,9
3837,4
3838,1
3839,9
3840,158
3841,2
3842,4
3843,13
3844,24
3845,10
3846,1
3847,2
3848,4
3849,1
3850,34
3851,2
3852,12
3853,1
3854,1
3855,2
3856,1
3857,1
3858,3
3859,2
3860,NA
3861,1
3862,8
3863,3
3864,7
3865,2
3866,1
3867,9
3868,2
3869,1
3870,1
3871,1
3872,2
3873,8
3874,3
3875,13
3876,2
3877,1
3878,69
3879,7
3880,8
3881,1
3882,1
3883,4
3884,42
3885,1
3886,1
3887,1
3888,1
3889,2
3890,1
3891,18
3892,8
3893,NA
3894,6
3895,12
3896,14
3897,1
3898,35
3899,1
3900,1
3901,1
3902,1
3903,4
3904,5
3905,1
3906,6
3907,1
3908,2
3909,21
3910,4
3911,1
3912,25
3913,1
3914,3
3915,1
3916,4
3917,162
3918,1
3919,5
3920,2
3921,1
3922,2
3923,3
3924,1
3925,10
3926,11
3927,1
3928,2
3929,1
3930,3
3931,1
3932,1
3933,28
3934,4
3935,3
3936,4
3937,3
3938,1
3939,4
3940,4
3941,1
3942,6
3943,5
3944,3
3945,4
3946,6
3947,9
3948,1
3949,18
3950,NA
3951,2
3952,1
3953,9
3954,1
3955,4
3956,2
3957,2
3958,2
3959,1
3960,1
3961,24
3962,1
3963,6
3964,1
3965,3
3966,1
3967,1
3968,1
3969,3
3970,1
3971,2
3972,6
3973,6
3974,4
3975,48
3976,2
3977,2
3978,1
3979,14
3980,42
3981,1
3982,195
3983,2
3984,2
3985,10
3986,1
3987,1
3988,7
3989,3
3990,1
3991,702
3992,1
3993,2
3994,4
3995,2
3996,5
3997,5
3998,1
3999,1
4000,3
4001,4
4002,25
4003,5
4004,8
4005,74
4006,5
4007,2
4008,5
4009,2
4010,1
4011,21
4012,2
4013,4
4014,1
4015,1
4016,2
4017,1
4018,2
4019,1
4020,1
4021,2
4022,1
4023,2
4024,2
4025,3
4026,22
4027,12
4028,1
4029,1
4030,2
4031,2
4032,2
4033,2
4034,5
4035,1
4036,87
4037,3
4038,12
4039,4
4040,3
4041,5
4042,1
4043,1
4044,2
4045,1
4046,4
4047,11
4048,3
4049,2
4050,21
4051,3
4052,1
4053,7
4054,1
4055,1
4056,1
4057,6
4058,3
4059,8
4060,2
4061,2
4062,6
4063,1
4064,1
4065,2
4066,10
4067,2
4068,1
4069,5
4070,1
4071,2
4072,1
4073,3
4074,5
4075,1
4076,4
4077,1
4078,1
4079,1
4080,25
4081,2
4082,6
4083,1
4084,47
4085,1
4086,59
4087,6
4088,3
4089,2
4090,3
4091,1
4092,1
4093,172
4094,1
4095,6
4096,14
4097,2
4098,6
4099,3
4100,2
4101,6
4102,55
4103,11
4104,2
4105,1
4106,1
4107,11
4108,1
4109,5
4110,1
4111,3
4112,2
4113,1
4114,8
4115,8
4116,2
4117,1
4118,36
4119,1
4120,2
4121,1
4122,1
4123,1
4124,11
4125,3
4126,2
4127,1
4128,1
4129,1
4130,1
4131,13
4132,3
4133,34
4134,2
4135,5
4136,2
4137,64
4138,2
4139,1
4140,3
4141,6
4142,1
4143,1
4144,1
4145,2
4146,1
4147,3
4148,2
4149,4
4150,1
4151,12
4152,4
4153,1
4154,8
4155,7
4156,21
4157,1
4158,1
4159,2
4160,2
4161,1
4162,2
4163,281
4164,2
4165,1
4166,4
4167,1
4168,7
4169,4
4170,94
4171,1
4172,4
4173,3
4174,1
4175,1
4176,1
4177,3
4178,2
4179,5
4180,1
4181,490
4182,1
4183,24
4184,1
4185,41
4186,1
4187,1
4188,7
4189,4
4190,3
4191,1
4192,12
4193,2
4194,2
4195,3
4196,7
4197,8
4198,1
4199,1
4200,1
4201,1
4202,32
4203,2
4204,9
4205,2
4206,1
4207,4
4208,2
4209,4
4210,1
4211,1
4212,NA
4213,1
4214,4
4215,1
4216,2
4217,20
4218,8
4219,1
4220,6
4221,2
4222,3
4223,201
4224,10
4225,4
4226,2
4227,2
4228,1
4229,2
4230,3
4231,2
4232,1
4233,1
4234,5
4235,18
4236,4
4237,2
4238,4
4239,4
4240,3
4241,3
4242,21
4243,9
4244,1
4245,35
4246,1
4247,24
4248,1
4249,5
4250,7
4251,1
4252,1
4253,1
4254,1
4255,3
4256,3
4257,4
4258,12
4259,3
4260,1
4261,7
4262,1
4263,2
4264,4
4265,1
4266,1
4267,3
4268,2
4269,92
4270,7
4271,1
4272,1
4273,1
4274,7
4275,1
4276,1
4277,5
4278,31
4279,1
4280,4
4281,2
4282,1
4283,4
4284,1
4285,1
4286,2
4287,7
4288,1
4289,1
4290,22
4291,48
4292,1
4293,4
4294,20
4295,1
4296,3
4297,2
4298,1
4299,16
4300,19
4301,12
4302,2
4303,1
4304,1
4305,2
4306,1
4307,3
4308,25
4309,1
4310,4
4311,3
4312,12
4313,18
4314,5
4315,4
4316,25
4317,2
4318,7
4319,2
4320,30
4321,1
4322,19
4323,1
4324,32
4325,1
4326,1
4327,10
4328,2
4329,2
4330,3
4331,3
4332,7
4333,NA
4334,1
4335,16
4336,2
4337,12
4338,5
4339,1
4340,2
4341,1
4342,1
4343,1
4344,1
4345,1
4346,6
4347,1
4348,84
4349,1
4350,5
4351,1
4352,93
4353,1
4354,2
4355,1
4356,26
4357,2
4358,1
4359,80
4360,2
4361,3
4362,8
4363,39
4364,1
4365,1
4366,29
4367,NA
4368,4
4369,26
4370,2
4371,1
4372,2
4373,6
4374,2
4375,1
4376,3
4377,1
4378,1
4379,2
4380,116
4381,3
4382,3
4383,1
4384,7
4385,3
4386,2
4387,1
4388,1
4389,1
4390,10
4391,21
4392,2
4393,1
4394,1
4395,2
4396,4
4397,5
4398,3
4399,1
4400,1
4401,4
4402,7
4403,6
4404,58
4405,2
4406,5
4407,40
4408,2
4409,1
4410,23
4411,2
4412,24
4413,12
4414,1
4415,5
4416,1
4417,1
4418,5
4419,1
4420,1
4421,5
4422,1
4423,2
4424,3
4425,2
4426,1
4427,4
4428,3
4429,1
4430,7
4431,3
4432,1
4433,71
4434,2
4435,2
4436,3
4437,870
4438,1
4439,5
4440,1
4441,28
4442,2
4443,3
4444,2
4445,2
4446,6
4447,1
4448,5
4449,4
4450,99
4451,1
4452,1
4453,2
4454,5
4455,1
4456,NA
4457,1
4458,1
4459,2
4460,3
4461,8
4462,14
4463,2
4464,2
4465,1
4466,6
4467,2
4468,4
4469,1
4470,2
4471,4
4472,2
4473,44
4474,4
4475,1
4476,47
4477,1
4478,100
4479,9
4480,2
4481,20
4482,1
4483,2
4484,7
4485,1
4486,2
4487,51
4488,1
4489,30
4490,1
4491,1
4492,5
4493,1
4494,21
4495,1
4496,8
4497,1
4498,1
4499,1
4500,14
4501,1
4502,3
4503,3
4504,1
4505,2
4506,8
4507,1
4508,1
4509,13
4510,1
4511,2
4512,3
4513,3
4514,1
4515,5
4516,4
4517,2
4518,2
4519,1
4520,1
4521,6
4522,6
4523,1
4524,238
4525,3
4526,3
4527,1
4528,66
4529,15
4530,1
4531,11
4532,1
4533,6
4534,3
4535,1
4536,2
4537,16
4538,3
4539,2
4540,2
4541,47
4542,1
4543,1
4544,582
4545,2
4546,1
4547,1
4548,2
4549,1
4550,1
4551,37
4552,1
4553,1
4554,20
4555,80
4556,2
4557,1
4558,1
4559,2
4560,3
4561,1
4562,1
4563,2
4564,1
4565,12
4566,2
4567,5
4568,10
4569,3
4570,28
4571,1
4572,4
4573,1
4574,2
4575,1
4576,1
4577,2
4578,7
4579,1
4580,2
4581,2
4582,6
4583,9
4584,1
4585,6
4586,7
4587,1
4588,118
4589,33
4590,1
4591,75
4592,5
4593,2
4594,1
4595,62
4596,3
4597,5
4598,1
4599,40
4600,1
4601,4
4602,1
4603,6
4604,1
4605,2
4606,2
4607,1
4608,3
4609,3
4610,NA
4611,7
4612,1
4613,1
4614,1
4615,2
4616,1
4617,3
4618,12
4619,273
4620,3
4621,4
4622,1
4623,1
4624,8
4625,34
4626,3
4627,10
4628,1
4629,12
4630,5
4631,3
4632,156
4633,1
4634,202
4635,2
4636,1
4637,1
4638,37
4639,2
4640,1
4641,3
4642,1
4643,10
4644,1
4645,5
4646,1
4647,4
4648,1
4649,84
4650,6
4651,1
4652,1
4653,16
4654,8
4655,3
4656,1
4657,51
4658,3
4659,1
4660,1
4661,1
4662,2
4663,1
4664,7
4665,72
4666,5
4667,56
4668,2
4669,1
4670,25
4671,36
4672,1
4673,1
4674,1
4675,2
4676,2
4677,12
4678,3
4679,5
4680,3
4681,3
4682,1
4683,1
4684,107
4685,1
4686,2
4687,2
4688,3
4689,7
4690,3
4691,1
4692,1
4693,13
4694,24
4695,1
4696,11
4697,15
4698,2
4699,1
4700,2
4701,4
4702,19
4703,6
4704,3
4705,5
4706,2
4707,3
4708,7
4709,2
4710,29
4711,2
4712,1
4713,3
4714,2
4715,2
4716,1
4717,1
4718,1
4719,2
4720,4
4721,1
4722,7
4723,2
4724,NA
4725,1
4726,1
4727,227
4728,2
4729,3
4730,1
4731,50
4732,1
4733,1
4734,2
4735,1
4736,3
4737,1
4738,1
4739,2
4740,3
4741,1
4742,12
4743,1
4744,4
4745,1
4746,2
4747,2
4748,2
4749,87
4750,1
4751,323
4752,1
4753,68
4754,7
4755,1
4756,7
4757,1
4758,1
4759,1
4760,1
4761,1
4762,NA
4763,2
4764,10
4765,1
4766,1
4767,1
4768,1
4769,1
4770,28
4771,1
4772,23
4773,3
4774,1
4775,2
4776,1
4777,2
4778,2
4779,1
4780,1
4781,21
4782,2
4783,16
4784,1
4785,1
4786,96
4787,2
4788,2
4789,2
4790,1
4791,2
4792,8
4793,2
4794,1
4795,1
4796,5
4797,14
4798,7
4799,3
4800,1
4801,83
4802,3
4803,107
4804,18
4805,3
4806,1
4807,25
4808,2
4809,1
4810,2
4811,3
4812,2
4813,3
4814,6
4815,110
4816,3
4817,1
4818,10
4819,2
4820,1
4821,8
4822,2
4823,20
4824,1
4825,3
4826,3
4827,3
4828,77
4829,92
4830,2
4831,1
4832,2
4833,1
4834,1
4835,1
4836,1
4837,2
4838,1
4839,57
4840,6
4841,4
4842,1
4843,1
4844,2
4845,2
4846,1
4847,3
4848,2
4849,5
4850,17
4851,6
4852,NA
4853,2
4854,8
4855,1
4856,1
4857,2
4858,1
4859,3
4860,16
4861,1
4862,2
4863,6
4864,1
4865,1
4866,2
4867,30
4868,3
4869,1
4870,9
4871,2
4872,7
4873,10
4874,4
4875,2
4876,5
4877,2
4878,1
4879,2
4880,1
4881,1
4882,1
4883,25
4884,2
4885,72
4886,6
4887,37
4888,6
4889,3
4890,1
4891,1
4892,20
4893,7
4894,1
4895,3
4896,10
4897,2
4898,3
4899,1
4900,31
4901,1
4902,1
4903,1
4904,1
4905,3
4906,2
4907,2
4908,106
4909,3
4910,8
4911,31
4912,1
4913,1
4914,1
4915,12
4916,1
4917,1
4918,6
4919,27
4920,2
4921,11
4922,1
4923,13
4924,6
4925,6
4926,2
4927,1
4928,3
4929,4
4930,1
4931,9
4932,1
4933,35
4934,2
4935,3
4936,1
4937,4
4938,1
4939,1
4940,8
4941,3
4942,1
4943,2
4944,2
4945,1
4946,1
4947,1
4948,5
4949,31
4950,3
4951,2
4952,1
4953,4
4954,2
4955,2
4956,1
4957,2
4958,1
4959,1
4960,1
4961,2
4962,186
4963,259
4964,12
4965,1
4966,2
4967,6
4968,5
4969,5
4970,20
4971,5
4972,3
4973,2
4974,3
4975,7
4976,1
4977,2
4978,1
4979,3
4980,1
4981,26
4982,3
4983,2
4984,4
4985,8
4986,4
4987,8
4988,3
4989,1
4990,4
4991,7
4992,3
4993,NA
4994,1
4995,4
4996,6
4997,1
4998,2
4999,38
5000,48
5001,3
5002,1
5003,1
5004,7
5005,1
5006,2
5007,1
5008,1
5009,2
5010,1
5011,1
5012,2
5013,2
5014,1
5015,1
5016,4
5017,4
5018,42
5019,5
5020,1
5021,1
5022,2
5023,9
5024,2
5025,1
5026,3
5027,2
5028,54
5029,3
5030,2
5031,2
5032,1
5033,2
5034,4
5035,3
5036,2
5037,1
5038,5
5039,4
5040,1
5041,6
5042,7
5043,2
5044,2
5045,1
5046,2
5047,1
5048,3
5049,30
5050,2
5051,1
5052,1
5053,86
5054,6
5055,6
5056,1
5057,7
5058,1
5059,1
5060,1
5061,8
5062,2
5063,2
5064,1
5065,1
5066,1
5067,7
5068,1
5069,NA
5070,1
5071,1
5072,2
5073,2
5074,5
5075,2
5076,4
5077,1
5078,1
5079,3
5080,1
5081,1
5082,7
5083,22
5084,1
5085,18
5086,5
5087,2
5088,1
5089,1
5090,1
5091,1
5092,43
5093,3
5094,40
5095,5
5096,17
5097,1
5098,8
5099,1
5100,8
5101,2
5102,14
5103,15
5104,1
5105,2
5106,15
5107,1
5108,2
5109,1
5110,2
5111,3
5112,1
5113,9
5114,9
5115,5
5116,2
5117,1
5118,3
5119,4
5120,25
5121,10
5122,2
5123,8
5124,1
5125,3
5126,21
5127,10
5128,2
5129,2
5130,1
5131,1
5132,10
5133,15
5134,281
5135,23
5136,1
5137,17
5138,4
5139,23
5140,7
5141,3
5142,12
5143,1
5144,5
5145,1
5146,1
5147,7
5148,1
5149,98
5150,1
5151,32
5152,35
5153,1
5154,3
5155,5
5156,3
5157,1
5158,1
5159,3
5160,2
5161,2
5162,7
5163,1
5164,1
5165,2
5166,1
5167,1
5168,1
5169,5
5170,1
5171,52
5172,1
5173,2
5174,3
5175,3
5176,2
5177,1
5178,9
5179,2
5180,107
5181,1
5182,6
5183,3
5184,39
5185,3
5186,1
5187,2
5188,1
5189,2
5190,5
5191,NA
5192,1
5193,8
5194,1
5195,1
5196,1
5197,1
5198,3
5199,1
5200,13
5201,1
5202,1
5203,2
5204,56
5205,1
5206,1
5207,11
5208,1
5209,54
5210,18
5211,2
5212,2
5213,5
5214,2
5215,18
5216,4
5217,8
5218,1
5219,3
5220,2
5221,3
5222,32
5223,1
5224,41
5225,2
5226,2
5227,13
5228,5
5229,1
5230,3
5231,1
5232,1
5233,1
5234,7
5235,1
5236,3
5237,306
5238,1
5239,1
5240,1
5241,1
5242,24
5243,2
5244,1
5245,1
5246,3
5247,2
5248,24
5249,1
5250,2
5251,5
5252,13
5253,3
5254,1
5255,16
5256,11
5257,1
5258,7
5259,2
5260,6
5261,7
5262,3
5263,2
5264,1
5265,18
5266,9
5267,1
5268,57
5269,2
5270,14
5271,1
5272,12
5273,5
5274,1
5275,1
5276,2
5277,89
5278,4
5279,3
5280,2
5281,52
5282,2
5283,1
5284,1
5285,3
5286,1
5287,1
5288,7
5289,1
5290,5
5291,1
5292,4
5293,2
5294,2
5295,3
5296,2
5297,88
5298,1
5299,3
5300,2
5301,3
5302,1
5303,2
5304,2
5305,2
5306,1
5307,3
5308,2
5309,2
5310,1
5311,1
5312,45
5313,9
5314,12
5315,15
5316,4
5317,12
5318,1
5319,1
5320,3
5321,3
5322,11
5323,3
5324,5
5325,6
5326,1
5327,60
5328,1
5329,2
5330,1
5331,5
5332,2
5333,1
5334,45
5335,2
5336,4
5337,2
5338,2
5339,4
5340,3
5341,2
5342,2
5343,5
5344,70
5345,3
5346,1
5347,NA
5348,1
5349,1
5350,3
5351,1
5352,1
5353,1
5354,1
5355,2
5356,21
5357,2
5358,4
5359,1
5360,312
5361,107
5362,5
5363,214
5364,1
5365,6
5366,13
5367,675
5368,10
5369,2
5370,1
5371,3
5372,3
5373,6
5374,1
5375,1
5376,28
5377,3
5378,3
5379,1
5380,168
5381,2
5382,15
5383,4
5384,21
5385,5
5386,24
5387,14
5388,3
5389,1
5390,2
5391,6
5392,4
5393,1
5394,14
5395,1
5396,1
5397,1
5398,12
5399,12
5400,3
5401,12
5402,146
5403,1
5404,1
5405,1
5406,6
5407,1
5408,1
5409,1
5410,2
5411,1
5412,5
5413,16
5414,2
5415,1
5416,1
5417,1
5418,52
5419,1
5420,1
5421,16
5422,1
5423,1
5424,2
5425,9
5426,2
5427,2
5428,1
5429,1
5430,6
5431,1
5432,1
5433,NA
5434,1
5435,6
5436,1
5437,2
5438,3
5439,1
5440,2
5441,1
5442,2
5443,6
5444,1
5445,2
5446,38
5447,1
5448,1
5449,1
5450,1
5451,2
5452,1
5453,3
5454,3
5455,1
5456,99
5457,16
5458,5
5459,4
5460,4
5461,10
5462,5
5463,1
5464,2
5465,27
5466,1
5467,6
5468,2
5469,24
5470,3
5471,10
5472,4
5473,1
5474,2
5475,3
5476,1
5477,21
5478,1
5479,2
5480,6
5481,2
5482,1
5483,3
5484,2
5485,13
5486,1
5487,1
5488,21
5489,1
5490,42
5491,6
5492,3
5493,3
5494,3
5495,6
5496,1
5497,13
5498,1
5499,1
5500,1
5501,8
5502,1
5503,35
5504,2
5505,1
5506,15
5507,1
5508,3
5509,58
5510,1
5511,1
5512,4
5513,8
5514,2
5515,1
5516,206
5517,4
5518,6
5519,1
5520,1
5521,7
5522,183
5523,154
5524,1
5525,1
5526,3
5527,1
5528,2
5529,12
5530,1
5531,6
5532,15
5533,1
5534,4
5535,3
5536,1
5537,1
5538,1
5539,3
5540,5
5541,1
5542,6
5543,NA
5544,4
5545,22
5546,2
5547,25
5548,1
5549,3
5550,1
5551,8
5552,2
5553,NA
5554,5
5555,2
5556,4
5557,5
5558,1
5559,1
5560,2
5561,1
5562,1
5563,1
5564,1
5565,1
5566,1
5567,18
5568,5
5569,2
5570,18
5571,8
5572,10
5573,1
5574,10
5575,4
5576,1
5577,1
5578,6
5579,1
5580,2
5581,2
5582,2
5583,2
5584,8
5585,6
5586,1
5587,3
5588,4
5589,2
5590,3
5591,3
5592,1
5593,1
5594,2
5595,1
5596,10
5597,2
5598,171
5599,2
5600,10
5601,31
5602,56
5603,2
5604,2
5605,6
5606,3
5607,3
5608,16
5609,3
5610,1
5611,2
5612,1
5613,1
5614,16
5615,1
5616,1
5617,2
5618,1
5619,30
5620,33
5621,8
5622,110
5623,1
5624,42
5625,2
5626,3
5627,12
5628,11
5629,1
5630,1
5631,3
5632,1
5633,6
5634,4
5635,28
5636,2
5637,4
5638,2
5639,3
5640,7
5641,1
5642,1
5643,2
5644,52
5645,12
5646,3
5647,2
5648,1
5649,7
5650,2
5651,2
5652,9
5653,9
5654,1
5655,18
5656,1
5657,2
5658,2
5659,3
5660,1
5661,2
5662,2
5663,1
5664,1
5665,NA
5666,2
5667,32
5668,1
5669,3
5670,1
5671,10
5672,18
5673,3
5674,1
5675,1
5676,1
5677,54
5678,1
5679,1
5680,19
5681,4
5682,1
5683,1
5684,4
5685,2
5686,1
5687,2
5688,10
5689,2
5690,8
5691,9
5692,1
5693,28
5694,1
5695,1
5696,2
5697,65
5698,6
5699,2
5700,3
5701,1
5702,53
5703,5
5704,13
5705,2
5706,11
5707,1
5708,1
5709,1
5710,16
5711,2
5712,7
5713,5
5714,2
5715,8
5716,3
5717,1
5718,2
5719,355
5720,2
5721,2
5722,66
5723,1
5724,5
5725,1
5726,1
5727,9
5728,1
5729,1
5730,37
5731,1
5732,4
5733,1
5734,53
5735,1
5736,4
5737,6
5738,1
5739,2
5740,4
5741,3
5742,1
5743,22
5744,2
5745,73
5746,5
5747,1
5748,1
5749,5
5750,3
5751,12
5752,15
5753,10
5754,2
5755,2
5756,1
5757,1
5758,7
5759,9
5760,3
5761,3
5762,5
5763,NA
5764,1
5765,2
5766,1
5767,14
5768,1
5769,1
5770,1
5771,1
5772,1
5773,1
5774,3
5775,2
5776,2
5777,14
5778,2
5779,2
5780,1
5781,1
5782,91
5783,1
5784,1
5785,1
5786,5
5787,548
5788,1
5789,9
5790,16
5791,4
5792,2
5793,10
5794,1
5795,4
5796,3
5797,1
5798,4
5799,1
5800,2
5801,2
5802,2
5803,1
5804,1
5805,5
5806,1
5807,19
5808,1
5809,42
5810,1
5811,2
5812,1
5813,2
5814,1
5815,2
5816,3
5817,2
5818,9
5819,4
5820,180
5821,1
5822,1
5823,1
5824,51
5825,1
5826,7
5827,1
5828,12
5829,3
5830,1
5831,150
5832,2
5833,1
5834,1
5835,1
5836,2
5837,2
5838,1
5839,1
5840,1
5841,144
5842,4
5843,3
5844,1
5845,1
5846,49
5847,9
5848,1
5849,1
5850,12
5851,97
5852,5
5853,10
5854,2
5855,2
5856,1
5857,7
5858,4
5859,1
5860,7
5861,1
5862,1
5863,1
5864,2
5865,2
5866,9
5867,8
5868,1
5869,1
5870,4
5871,1
5872,3
5873,1
5874,15
5875,NA
5876,12
5877,2
5878,4
5879,9
5880,2
5881,1
5882,1
5883,4
5884,21
5885,1
5886,192
5887,2
5888,1
5889,3
5890,1
5891,1
5892,2
5893,5
5894,NA
5895,3
5896,4
5897,2
5898,2
5899,4
5900,4
5901,34
5902,2
5903,1
5904,1
5905,1
5906,27
5907,43
5908,2
5909,3
5910,1
5911,1
5912,66
5913,1
5914,1
5915,2
5916,1
5917,5
5918,4
5919,44
5920,2
5921,1
5922,1
5923,74
5924,2
5925,1
5926,1
5927,2
5928,NA
5929,2
5930,6
5931,2
5932,3
5933,2
5934,6
5935,3
5936,1
5937,4
5938,1
5939,1
5940,23
5941,12
5942,1
5943,6
5944,1
5945,20
5946,70
5947,4
5948,2
5949,19
5950,21
5951,6
5952,18
5953,1
5954,1
5955,1
5956,1
5957,1
5958,122
5959,3
5960,3
5961,11
5962,1
5963,44
5964,1
5965,1
5966,2
5967,2
5968,1
5969,7
5970,36
5971,9
5972,15
5973,6
5974,2
5975,1
5976,4
5977,4
5978,3
5979,2
5980,2
5981,64
5982,1
5983,5
5984,329
5985,6
5986,1
5987,5
5988,8
5989,2
5990,1
5991,9
5992,1
5993,5
5994,1
5995,3
5996,26
5997,3
5998,4
5999,46
6000,2
6001,2
6002,1
6003,1
6004,1
6005,11
6006,4
6007,4
6008,1
6009,3
6010,2
6011,1
6012,5
6013,1
6014,4
6015,4
6016,1
6017,1
6018,34
6019,1
6020,2
6021,1
6022,3
6023,2
6024,1
6025,32
6026,31
6027,5
6028,1
6029,NA
6030,1
6031,1
6032,2
6033,1
6034,2
6035,3
6036,3
6037,1
6038,7
6039,4
6040,2
6041,8
6042,1
6043,1
6044,4
6045,2
6046,7
6047,3
6048,2
6049,11
6050,4
6051,2
6052,5
6053,14
6054,11
6055,1
6056,8
6057,1
6058,5
6059,2
6060,1
6061,1
6062,24
6063,1
6064,2
6065,8
6066,6
6067,3
6068,4
6069,1
6070,23
6071,1
6072,6
6073,2
6074,1
6075,3
6076,9
6077,4
6078,2
6079,2
6080,1
6081,3
6082,29
6083,5
6084,NA
6085,1
6086,1
6087,2
6088,20
6089,1
6090,3
6091,4
6092,1
6093,3
6094,10
6095,2
6096,10
6097,4
6098,1
6099,1
6100,2
6101,6
6102,2
6103,1
6104,19
6105,1
6106,328
6107,1
6108,11
6109,4
6110,1
6111,1
6112,11
6113,1
6114,219
6115,5
6116,1
6117,10
6118,7
6119,2
6120,1
6121,26
6122,10
6123,12
6124,4
6125,1
6126,9
6127,6
6128,106
6129,3
6130,2
6131,2
6132,59
6133,3
6134,20
6135,11
6136,1
6137,1
6138,2
6139,78
6140,3
6141,1
6142,1
6143,2
6144,1
6145,28
6146,3
6147,1
6148,49
6149,3
6150,2
6151,1
6152,4
6153,3
6154,11
6155,3
6156,1
6157,106
6158,1
6159,63
6160,1
6161,2
6162,6
6163,33
6164,4
6165,2
6166,3
6167,1
6168,1
6169,11
6170,7
6171,1
6172,96
6173,2
6174,2
6175,1
6176,1
6177,2
6178,4
6179,2
6180,1
6181,1
6182,2
6183,2
6184,2
6185,1
6186,17
6187,8
6188,4
6189,1
6190,1
6191,3
6192,35
6193,1
6194,4
6195,1
6196,3
6197,15
6198,18
6199,1
6200,4
6201,1
6202,10
6203,7
6204,1
6205,30
6206,1
6207,3
6208,6
6209,2
6210,1
6211,189
6212,2
6213,2
6214,577
6215,1
6216,4
6217,1
6218,3
6219,91
6220,2
6221,1
6222,1
6223,5
6224,3
6225,13
6226,22
6227,236
6228,1
6229,1
6230,11
6231,2
6232,1
6233,5
6234,3
6235,24
6236,1
6237,1
6238,36
6239,8
6240,1
6241,1
6242,3
6243,11
6244,3
6245,1
6246,2
6247,1
6248,1
6249,6
6250,7
6251,1
6252,2
6253,2
6254,3
6255,30
6256,1
6257,2
6258,1
6259,54
6260,6
6261,1
6262,4
6263,27
6264,3
6265,2
6266,1
6267,8
6268,2
6269,1
6270,2
6271,2
6272,1
6273,5
6274,1
6275,1
6276,22
6277,15
6278,2
6279,2
6280,9
6281,1
6282,30
6283,5
6284,1
6285,2
6286,2
6287,3
6288,13
6289,3
6290,7
6291,1
6292,2
6293,2
6294,13
6295,1
6296,2
6297,2
6298,3
6299,5
6300,3
6301,3
6302,3
6303,9
6304,56
6305,1
6306,1
6307,2
6308,1
6309,6
6310,1
6311,13
6312,2
6313,1
6314,2
6315,90
6316,33
6317,1
6318,4
6319,2
6320,1
6321,1
6322,15
6323,1
6324,5
6325,1
6326,8
6327,1
6328,156
6329,2
6330,44
6331,3
6332,2
6333,1
6334,2
6335,5
6336,1
6337,26
6338,1
6339,4
6340,1
6341,6
6342,8
6343,1
6344,2
6345,2
6346,1
6347,20
6348,210
6349,3
6350,1
6351,1
6352,1
6353,7
6354,4
6355,1
6356,1
6357,5
6358,4
6359,42
6360,1
6361,6
6362,1
6363,3
6364,5
6365,1
6366,1
6367,1
6368,3
6369,2
6370,4
6371,1
6372,2
6373,10
6374,6
6375,4
6376,1
6377,1
6378,3
6379,253
6380,25
6381,10
6382,803
6383,1
6384,11
6385,4
6386,1
6387,8
6388,2
6389,3
6390,3
6391,2
6392,326
6393,1
6394,5
6395,20
6396,1
6397,1
6398,1
6399,1
6400,2
6401,69
6402,1
6403,14
6404,2
6405,3
6406,18
6407,1
6408,1
6409,1
6410,4
6411,1
6412,115
6413,12
6414,4
6415,3
6416,7
6417,1
6418,1
6419,1
6420,1
6421,10
6422,1
6423,1
6424,1
6425,2
6426,2
6427,2
6428,11
6429,1
6430,4
6431,6
6432,4
6433,1
6434,1
6435,10
6436,2
6437,1
6438,3
6439,2
6440,3
6441,1
6442,2
6443,2
6444,2
6445,7
6446,1
6447,NA
6448,2
6449,8
6450,1
6451,5
6452,14
6453,1
6454,2
6455,1
6456,39
6457,3
6458,202
6459,8
6460,4
6461,3
6462,1
6463,2
6464,1
6465,15
6466,4
6467,1
6468,2
6469,2
6470,1
6471,1
6472,8
6473,2
6474,11
6475,1
6476,3
6477,1
6478,NA
6479,2
6480,2
6481,1
6482,7
6483,2
6484,1
6485,1
6486,4
6487,6
6488,4
6489,1
6490,3
6491,62
6492,2
6493,1
6494,4
6495,2
6496,1
6497,10
6498,1
6499,22
6500,3
6501,5
6502,NA
6503,6
6504,2
6505,1
6506,1
6507,1
6508,1
6509,7
6510,1
6511,1
6512,14
6513,2
6514,1
6515,1
6516,2
6517,11
6518,2
6519,4
6520,5
6521,9
6522,1
6523,13
6524,10
6525,11
6526,1
6527,1
6528,1
6529,4
6530,2
6531,1
6532,2
6533,3
6534,1
6535,46
6536,1
6537,66
6538,1
6539,8
6540,2
6541,4
6542,4
6543,12
6544,1
6545,2
6546,954
6547,1
6548,7
6549,6
6550,1
6551,1
6552,1
6553,5
6554,2
6555,13
6556,17
6557,2
6558,3
6559,5
6560,29
6561,2
6562,18
6563,8
6564,149
6565,1
6566,3
6567,1
6568,10
6569,3
6570,3
6571,1
6572,1
6573,1
6574,8
6575,1
6576,1
6577,13
6578,2
6579,8
6580,126
6581,1
6582,15
6583,1
6584,3
6585,1
6586,11
6587,7
6588,19
6589,6
6590,26
6591,11
6592,3
6593,1
6594,2
6595,12
6596,2
6597,2
6598,4
6599,185
6600,1
6601,4
6602,1
6603,7
6604,1
6605,1
6606,3
6607,203
6608,3
6609,2
6610,19
6611,2
6612,4
6613,1
6614,1
6615,4
6616,2
6617,1
6618,1
6619,5
6620,2
6621,113
6622,1
6623,2
6624,1
6625,1
6626,1
6627,6
6628,1
6629,2
6630,1
6631,2
6632,11
6633,24
6634,2
6635,9
6636,2
6637,3
6638,1
6639,2
6640,1
6641,1
6642,4
6643,1
6644,1
6645,2
6646,2
6647,26
6648,4
6649,1
6650,10
6651,1
6652,4
6653,6
6654,1
6655,2
6656,14
6657,58
6658,1
6659,5
6660,3
6661,3
6662,1
6663,1
6664,5
6665,1
6666,1
6667,216
6668,1
6669,1
6670,1
6671,1
6672,2
6673,5
6674,2
6675,1
6676,83
6677,11
6678,54
6679,6
6680,4
6681,22
6682,1
6683,3
6684,2
6685,4
6686,2
6687,1
6688,3
6689,2
6690,27
6691,3
6692,1
6693,3
6694,5
6695,2
6696,2
6697,3
6698,5
6699,5
6700,2
6701,2
6702,2
6703,2
6704,3
6705,10
6706,6
6707,17
6708,5
6709,1
6710,2
6711,4
6712,2
6713,3
6714,5
6715,NA
6716,2
6717,1
6718,NA
6719,1
6720,NA
6721,1
6722,38
6723,1
6724,7
6725,3
6726,1
6727,1
6728,2
6729,20
6730,2
6731,1
6732,5
6733,670
6734,1
6735,2
6736,4
6737,1
6738,2
6739,1
6740,54
6741,7
6742,1
6743,4
6744,6
6745,1
6746,1
6747,1
6748,5
6749,19
6750,3
6751,2
6752,11
6753,1
6754,1
6755,16
6756,7
6757,13
6758,1
6759,1
6760,2
6761,1
6762,1
6763,1
6764,3
6765,2
6766,6
6767,3
6768,2
6769,1
6770,1
6771,2
6772,1
6773,1
6774,12
6775,5
6776,1
6777,12
6778,1
6779,2
6780,1
6781,1
6782,2
6783,1
6784,1
6785,2
6786,57
6787,5
6788,66
6789,5
6790,2
6791,2
6792,8
6793,17
6794,4
6795,1
6796,3
6797,39
6798,4
6799,48
6800,2
6801,1
6802,7
6803,26
6804,3
6805,2
6806,3
6807,1
6808,1
6809,1
6810,2
6811,1
6812,4
6813,1
6814,5
6815,4
6816,2
6817,27
6818,5
6819,1
6820,4
6821,2
6822,3
6823,2
6824,4
6825,1
6826,2
6827,1
6828,10
6829,105
6830,3
6831,3
6832,2
6833,12
6834,2
6835,1
6836,1
6837,1
6838,1
6839,1
6840,3
6841,1
6842,44
6843,342
6844,1
6845,2
6846,2
6847,1
6848,24
6849,11
6850,1
6851,2
6852,3
6853,1
6854,2
6855,6
6856,1
6857,2
6858,6
6859,2
6860,1
6861,99
6862,3
6863,5
6864,2
6865,140
6866,1
6867,1
6868,2
6869,1
6870,1
6871,2
6872,1
6873,2
6874,3
6875,1
6876,20
6877,1
6878,1
6879,2
6880,26
6881,3
6882,3
6883,1
6884,1
6885,1
6886,2
6887,498
6888,1
6889,1
6890,2
6891,1
6892,1
6893,1
6894,6
6895,31
6896,1
6897,15
6898,24
6899,14
6900,7
6901,1
6902,4
6903,1
6904,60
6905,1
6906,1
6907,71
6908,1
6909,20
6910,2
6911,20
6912,2
6913,1
6914,3
6915,1
6916,8
6917,1
6918,11
6919,14
6920,56
6921,32
6922,5
6923,22
6924,4
6925,2
6926,4
6927,4
6928,1
6929,21
6930,8
6931,2
6932,2
6933,5
6934,1
6935,1
6936,1
6937,2
6938,40
6939,1
6940,1
6941,2
6942,10
6943,2
6944,1
6945,3
6946,2
6947,3
6948,3
6949,8
6950,15
6951,3
6952,7
6953,4
6954,2
6955,15
6956,1
6957,9
6958,1
6959,2
6960,14
6961,1
6962,1
6963,2
6964,46
6965,12
6966,2
6967,4
6968,1
6969,1
6970,32
6971,1
6972,2
6973,1
6974,1
6975,2
6976,3
6977,4
6978,7
6979,24
6980,1
6981,1
6982,2
6983,7
6984,NA
6985,5
6986,10
6987,1
6988,1
6989,2
6990,2
6991,7
6992,3
6993,1
6994,3
6995,155
6996,2
6997,2
6998,20
6999,1
7000,8
7001,5
7002,1
7003,1
7004,3
7005,1
7006,1
7007,1
7008,2
7009,1
7010,3
7011,2
7012,32
7013,1
7014,4
7015,1
7016,1
7017,1
7018,1
7019,16
7020,1
7021,1
7022,26
7023,2
7024,5
7025,2
7026,6
7027,6
7028,1
7029,2
7030,4
7031,8
7032,1
7033,3
7034,2
7035,1
7036,1
7037,2
7038,2
7039,3
7040,6
7041,16
7042,1
7043,33
7044,2
7045,70
7046,3
7047,2
7048,1
7049,1
7050,9
7051,3
7052,2
7053,1
7054,7
7055,1
7056,1
7057,1
7058,1
7059,4
7060,1
7061,1
7062,1
7063,12
7064,1
7065,11
7066,5
7067,2
7068,2
7069,28
7070,2
7071,7
7072,3
7073,1
7074,54
7075,4
7076,2
7077,1
7078,18
7079,1
7080,1
7081,1
7082,10
7083,3
7084,1
7085,4
7086,3
7087,4
7088,1
7089,5
7090,317
7091,3
7092,1
7093,2
7094,5
7095,1
7096,10
7097,NA
7098,1
7099,1
7100,2
7101,1
7102,606
7103,2
7104,5
7105,1
7106,8
7107,2
7108,3
7109,3
7110,8
7111,11
7112,3
7113,3
7114,4
7115,2
7116,9
7117,1
7118,30
7119,7
7120,100
7121,7
7122,1
7123,64
7124,1
7125,5
7126,2
7127,1
7128,8
7129,6
7130,1
7131,1
7132,1
7133,4
7134,1
7135,136
7136,2
7137,1
7138,3
7139,2
7140,6
7141,27
7142,3
7143,1
7144,1
7145,2
7146,1
7147,108
7148,3
7149,7
7150,1
7151,8
7152,1
7153,2
7154,26
7155,3
7156,1
7157,1
7158,1
7159,1
7160,1
7161,1
7162,26
7163,1
7164,1
7165,1
7166,3
7167,5
7168,2
7169,13
7170,3
7171,89
7172,1
7173,4
7174,7
7175,1
7176,1
7177,16
7178,1
7179,10
7180,2
7181,2
7182,31
7183,3
7184,144
7185,2
7186,10
7187,1
7188,2
7189,5
7190,1
7191,1
7192,5
7193,47
7194,2
7195,NA
7196,1
7197,1
7198,3
7199,3
7200,5
7201,1
7202,4
7203,1
7204,5
7205,4
7206,788
7207,1
7208,2
7209,1
7210,1
7211,1
7212,3
7213,10
7214,1
7215,1
7216,2
7217,2
7218,1
7219,38
7220,2
7221,4
7222,1
7223,4
7224,1
7225,1
7226,1
7227,5
7228,142
7229,3
7230,4
7231,2
7232,5
7233,30
7234,1
7235,2
7236,3
7237,3
7238,1
7239,54
7240,1
7241,6
7242,5
7243,58
7244,1
7245,2
7246,1
7247,6
7248,NA
7249,4
7250,6
7251,1
7252,1
7253,7
7254,4
7255,1
7256,31
7257,6
7258,2
7259,17
7260,2
7261,8
7262,2
7263,7
7264,1
7265,1
7266,7
7267,1
7268,1
7269,1
7270,5
7271,3
7272,2
7273,1
7274,4
7275,7
7276,1
7277,7
7278,7
7279,1
7280,6
7281,1
7282,5
7283,378
7284,NA
7285,11
7286,9
7287,3
7288,13
7289,1
7290,4
7291,8
7292,1
7293,4
7294,2
7295,68
7296,1
7297,11
7298,1
7299,15
7300,3
7301,1
7302,3
7303,579
7304,1
7305,146
7306,1
7307,7
7308,5
7309,1
7310,6
7311,1
7312,10
7313,2
7314,1
7315,3
7316,150
7317,1
7318,2
7319,4
7320,2
7321,2
7322,1
7323,6
7324,9
7325,1
7326,1
7327,8
7328,2
7329,6
7330,4
7331,1
7332,12
7333,1
7334,5
7335,1
7336,5
7337,8
7338,2
7339,1
7340,1
7341,15
7342,1
7343,2
7344,4
7345,14
7346,27
7347,1
7348,6
7349,2
7350,2
7351,16
7352,1
7353,2
7354,1
7355,3
7356,2
7357,34
7358,1
7359,5
7360,32
7361,2
7362,3
7363,1
7364,4
7365,2
7366,1
7367,9
7368,9
7369,3
7370,2
7371,4
7372,12
7373,2
7374,1
7375,15
7376,9
7377,7
7378,2
7379,NA
7380,9
7381,1
7382,28
7383,1
7384,1
7385,7
7386,2
7387,2
7388,3
7389,3
7390,2
7391,1
7392,5
7393,2
7394,4
7395,1
7396,82
7397,1
7398,1
7399,2
7400,1
7401,9
7402,13
7403,1
7404,22
7405,1
7406,1
7407,4
7408,1
7409,1
7410,10
7411,1
7412,2
7413,87
7414,14
7415,2
7416,1
7417,4
7418,1
7419,11
7420,3
7421,3
7422,5
7423,1
7424,1
7425,1
7426,8
7427,5
7428,1
7429,1
7430,1
7431,22
7432,13
7433,1
7434,8
7435,35
7436,1
7437,2
7438,3
7439,4
7440,543
7441,2
7442,1
7443,1
7444,1
7445,1
7446,1
7447,1
7448,2
7449,1
7450,2
7451,5
7452,3
7453,2
7454,4
7455,2
7456,1
7457,3
7458,3
7459,6
7460,2
7461,2
7462,1
7463,8
7464,1
7465,1
7466,35
7467,33
7468,5
7469,1
7470,2
7471,1
7472,3
7473,2
7474,2
7475,2
7476,2
7477,1
7478,11
7479,899
7480,1
7481,92
7482,7
7483,3
7484,5
7485,7
7486,21
7487,302
7488,1
7489,3
7490,9
7491,1
7492,8
7493,1
7494,2
7495,1
7496,1
7497,12
7498,1
7499,1
7500,1
7501,1
7502,1
7503,4
7504,1
7505,210
7506,10
7507,3
7508,9
7509,4
7510,2
7511,7
7512,1
7513,14
7514,36
7515,8
7516,2
7517,11
7518,5
7519,1
7520,1
7521,1
7522,3
7523,1
7524,1
7525,30
7526,4
7527,6
7528,4
7529,2
7530,3
7531,5
7532,1
7533,5
7534,21
7535,1
7536,8
7537,1
7538,1
7539,1
7540,1
7541,5
7542,16
7543,1
7544,2
7545,3
7546,2
7547,6
7548,1
7549,15
7550,6
7551,1
7552,2
7553,4
7554,1
7555,1
7556,95
7557,2
7558,2
7559,2
7560,2
7561,1
7562,37
7563,1
7564,14
7565,22
7566,3
7567,1
7568,5
7569,40
7570,87
7571,1
7572,257
7573,2
7574,1
7575,6
7576,72
7577,1
7578,5
7579,1
7580,6
7581,25
7582,4
7583,2
7584,2
7585,1
7586,519
7587,4
7588,1
7589,NA
7590,2
7591,32
7592,2
7593,1
7594,1
7595,2
7596,12
7597,2
7598,1
7599,2
7600,47
7601,1
7602,4
7603,2
7604,1
7605,13
7606,6
7607,22
7608,1
7609,2
7610,16
7611,1
7612,1
7613,2
7614,2
7615,6
7616,1
7617,1
7618,1
7619,2
7620,2
7621,1
7622,225
7623,2
7624,78
7625,2
7626,5
7627,61
7628,15
7629,1
7630,1
7631,12
7632,2
7633,1
7634,3
7635,6
7636,15
7637,1
7638,1
7639,3
7640,4
7641,12
7642,1
7643,1
7644,1
7645,15
7646,2
7647,1
7648,5
7649,1
7650,1
7651,2
7652,5
7653,1
7654,1
7655,11
7656,4
7657,2
7658,28
7659,1
7660,12
7661,2
7662,11
7663,5
7664,2
7665,5
7666,3
7667,6
7668,16
7669,1
7670,43
7671,7
7672,1
7673,1
7674,3
7675,1
7676,1
7677,1
7678,24
7679,8
7680,1
7681,2
7682,1
7683,2
7684,1
7685,1
7686,1
7687,21
7688,1
7689,1
7690,18
7691,2
7692,2
7693,4
7694,3
7695,8
7696,2
7697,1
7698,2
7699,3
7700,2
7701,4
7702,1
7703,1
7704,2
7705,1
7706,1
7707,1
7708,1
7709,1
7710,15
7711,3
7712,2
7713,3
7714,8
7715,2
7716,1
7717,4
7718,1
7719,4
7720,2
7721,11
7722,2
7723,4
7724,3
7725,1
7726,3
7727,24
7728,1
7729,16
7730,4
7731,15
7732,1
7733,1
7734,64
7735,6
7736,3
7737,15
7738,1
7739,14
7740,15
7741,2
7742,4
7743,1
7744,1
7745,12
7746,340
7747,1
7748,3
7749,1
7750,25
7751,1
7752,53
7753,2
7754,1
7755,2
7756,2
7757,1
7758,6
7759,2
7760,2
7761,253
7762,3
7763,2
7764,12
7765,351
7766,1
7767,76
7768,1
7769,1
7770,16
7771,1
7772,2
7773,1
7774,13
7775,1
7776,1
7777,1
7778,48
7779,5
7780,1
7781,4
7782,6
7783,3
7784,3
7785,11
7786,4
7787,1
7788,1
7789,2
7790,1
7791,9
7792,3
7793,3
7794,4
7795,31
7796,2
7797,24
7798,1
7799,23
7800,426
7801,8
7802,1
7803,1
7804,5
7805,7
7806,3
7807,3
7808,5
7809,83
7810,147
7811,86
7812,4
7813,31
7814,1
7815,1
7816,2
7817,2
7818,4
7819,3
7820,5
7821,7
7822,10
7823,1
7824,1
7825,5
7826,1
7827,3
7828,1
7829,4
7830,9
7831,5
7832,1
7833,92
7834,99
7835,1
7836,1
7837,3
7838,28
7839,3
7840,1
7841,1
7842,1
7843,15
7844,6
7845,2
7846,1
7847,1
7848,4
7849,4
7850,3
7851,107
7852,6
7853,1
7854,9
7855,4
7856,5
7857,16
7858,23
7859,1
7860,2
7861,1
7862,3
7863,2
7864,41
7865,1
7866,32
7867,3
7868,1
7869,2
7870,2
7871,1
7872,3
7873,9
7874,6
7875,333
7876,3
7877,4
7878,2
7879,1
7880,1
7881,6
7882,404
7883,1
7884,1
7885,5
7886,7
7887,1
7888,16
7889,1
7890,1
7891,3
7892,5
7893,2
7894,11
7895,27
7896,11
7897,1
7898,2
7899,48
7900,58
7901,15
7902,1
7903,103
7904,1
7905,2
7906,1
7907,3
7908,5
7909,3
7910,2
7911,3
7912,1
7913,9
7914,43
7915,2
7916,8
7917,1
7918,1
7919,1
7920,1
7921,2
7922,3
7923,17
7924,2
7925,1
7926,5
7927,3
7928,1
7929,2
7930,3
7931,4
7932,16
7933,4
7934,15
7935,2
7936,4
7937,2
7938,4
7939,1
7940,3
7941,1
7942,1
7943,8
7944,2
7945,4
7946,1
7947,6
7948,4
7949,1
7950,1
7951,1
7952,5
7953,22
7954,2
7955,5
7956,3
7957,2
7958,25
7959,4
7960,3
7961,4
7962,1
7963,5
7964,5
7965,4
7966,3
7967,2
7968,2
7969,1
7970,1
7971,1
7972,1
7973,12
7974,1
7975,5
7976,12
7977,1
7978,1
7979,25
7980,1
7981,1
7982,2
7983,32
7984,18
7985,11
7986,2
7987,22
7988,2
7989,1
7990,30
7991,1
7992,58
7993,4
7994,23
7995,8
7996,3
7997,12
7998,NA
7999,30
8000,1
8001,1
8002,8
8003,13
8004,4
8005,1
8006,4
8007,19
8008,1
8009,18
8010,1
8011,2
8012,24
8013,66
8014,1
8015,21
8016,10
8017,1
8018,1
8019,6
8020,4
8021,3
8022,2
8023,1
8024,4
8025,3
8026,1
8027,1
8028,1
8029,1
8030,1
8031,28
8032,1
8033,2
8034,1
8035,1
8036,4
8037,2
8038,3
8039,5
8040,5
8041,2
8042,24
8043,1
8044,6
8045,1
8046,2
8047,5
8048,2
8049,1
8050,3
8051,NA
8052,1
8053,6
8054,1
8055,2
8056,27
8057,1
8058,1
8059,778
8060,1
8061,1
8062,1
8063,2
8064,74
8065,5
8066,10
8067,1
8068,8
8069,2
8070,52
8071,1
8072,1
8073,1
8074,1
8075,36
8076,4
8077,3
8078,6
8079,1
8080,2
8081,1
8082,3
8083,15
8084,3
8085,1
8086,28
8087,1
8088,1
8089,44
8090,6
8091,3
8092,3
8093,14
8094,1
8095,1
8096,1
8097,38
8098,4
8099,2
8100,1
8101,1
8102,7
8103,47
8104,1
8105,5
8106,1
8107,29
8108,6
8109,1
8110,3
8111,1
8112,5
8113,1
8114,1
8115,1
8116,2
8117,1
8118,1
8119,40
8120,1
8121,2
8122,13
8123,1
8124,5
8125,2
8126,1
8127,3
8128,7
8129,6
8130,8
8131,2
8132,8
8133,1
8134,6
8135,21
8136,8
8137,4
8138,1
8139,11
8140,8
8141,4
8142,3
8143,12
8144,5
8145,11
8146,1
8147,1
8148,1
8149,1
8150,1
8151,4
8152,2
8153,3
8154,2
8155,14
8156,4
8157,53
8158,17
8159,1
8160,1
8161,NA
8162,8
8163,2
8164,6
8165,3
8166,1
8167,2
8168,3
8169,35
8170,1
8171,2
8172,1
8173,2
8174,4
8175,1
8176,1
8177,1
8178,5
8179,1
8180,1
8181,2
8182,1
8183,1
8184,8
8185,4
8186,1
8187,4
8188,3
8189,NA
8190,1
8191,5
8192,2
8193,7
8194,3
8195,4
8196,16
8197,2
8198,5
8199,1
8200,37
8201,1
8202,1
8203,2
8204,1
8205,15
8206,8
8207,2
8208,2
8209,38
8210,2
8211,2
8212,2
8213,10
8214,2
8215,2
8216,1
8217,1
8218,68
8219,1
8220,3
8221,64
8222,1
8223,2
8224,1
8225,3
8226,4
8227,1
8228,1
8229,2
8230,4
8231,5
8232,2
8233,2
8234,2
8235,4
8236,1
8237,4
8238,1
8239,1
8240,4
8241,62
8242,2
8243,2
8244,1
8245,12
8246,2
8247,1
8248,1
8249,7
8250,1
8251,14
8252,3
8253,1
8254,2
8255,2
8256,8
8257,1
8258,1
8259,2
8260,1
8261,1
8262,2
8263,5
8264,2
8265,24
8266,6
8267,29
8268,628
8269,1
8270,2
8271,1
8272,3
8273,32
8274,3
8275,1
8276,1
8277,1
8278,63
8279,1
8280,181
8281,38
8282,1
8283,1
8284,2
8285,5
8286,1
8287,39
8288,1
8289,4
8290,14
8291,3
8292,7
8293,NA
8294,1
8295,12
8296,7
8297,1
8298,2
8299,1
8300,1
8301,4
8302,3
8303,1
8304,NA
8305,1
8306,74
8307,1
8308,2
8309,1
8310,1
8311,6
8312,3
8313,3
8314,1
8315,1
8316,3
8317,6
8318,1
8319,1
8320,6
8321,7
8322,3
8323,2
8324,2
8325,16
8326,35
8327,5
8328,8
8329,12
8330,6
8331,1
8332,4
8333,1
8334,1
8335,7
8336,1
8337,3
8338,2
8339,24
8340,8
8341,1
8342,1
8343,22
8344,2
8345,1
8346,1
8347,12
8348,53
8349,2
8350,2
8351,1
8352,1
8353,1
8354,1
8355,10
8356,1
8357,1
8358,2
8359,NA
8360,1
8361,6
8362,12
8363,6
8364,12
8365,2
8366,21
8367,2
8368,1
8369,3
8370,1
8371,1
8372,34
8373,1
8374,2
8375,52
8376,2
8377,1
8378,4
8379,1
8380,2
8381,3
8382,NA
8383,8
8384,16
8385,1
8386,5
8387,1
8388,11
8389,969
8390,84
8391,3
8392,5
8393,1
8394,2
8395,1
8396,2
8397,1
8398,49
8399,21
8400,1
8401,8
8402,8
8403,33
8404,5
8405,2
8406,1
8407,2
8408,4
8409,17
8410,1
8411,1
8412,5
8413,1
8414,1
8415,9
8416,6
8417,36
8418,4
8419,10
8420,17
8421,13
8422,8
8423,4
8424,1
8425,1
8426,4
8427,NA
8428,2
8429,3
8430,1
8431,1
8432,83
8433,1
8434,1
8435,1
8436,1
8437,7
8438,2
8439,6
8440,3
8441,2
8442,1
8443,13
8444,2
8445,1
8446,18
8447,1
8448,12
8449,2
8450,3
8451,1
8452,5
8453,1
8454,3
8455,3
8456,1
8457,19
8458,5
8459,1
8460,12
8461,4
8462,1
8463,1
8464,4
8465,1
8466,2
8467,2
8468,16
8469,33
8470,1
8471,2
8472,1
8473,3
8474,1
8475,25
8476,1
8477,6
8478,1
8479,1
8480,11
8481,1
8482,2
8483,1
8484,13
8485,1
8486,3
8487,5
8488,2
8489,3
8490,1
8491,3
8492,6
8493,6
8494,1
8495,14
8496,5
8497,6
8498,96
8499,3
8500,1
8501,5
8502,27
8503,1
8504,2
8505,2
8506,3
8507,1
8508,1
8509,1
8510,4
8511,1
8512,1
8513,1
8514,NA
8515,6
8516,2
8517,2
8518,1
8519,2
8520,20
8521,16
8522,3
8523,1
8524,1
8525,6
8526,2
8527,2
8528,1
8529,2
8530,1
8531,1
8532,2
8533,2
8534,2
8535,43
8536,1
8537,6
8538,4
8539,1
8540,4
8541,1
8542,4
8543,1
8544,1
8545,113
8546,3
8547,1
8548,24
8549,4
8550,1
8551,3
8552,3
8553,2
8554,1
8555,385
8556,2
8557,7
8558,5
8559,2
8560,1
8561,1
8562,19
8563,57
8564,12
8565,2
8566,40
8567,6
8568,3
8569,3
8570,2
8571,2
8572,2
8573,1
8574,1
8575,1
8576,7
8577,45
8578,1
8579,1
8580,1
8581,2
8582,1
8583,16
8584,843
8585,1
8586,4
8587,1
8588,7
8589,1
8590,1
8591,2
8592,14
8593,1
8594,1
8595,2
8596,1
8597,2
8598,1
8599,5
8600,8
8601,481
8602,3
8603,6
8604,2
8605,1
8606,1
8607,1
8608,1
8609,1
8610,2
8611,2
8612,1
8613,9
8614,8
8615,1
8616,1
8617,4
8618,17
8619,1
8620,3
8621,2
8622,13
8623,5
8624,7
8625,26
8626,4
8627,1
8628,1
8629,12
8630,2
8631,2
8632,4
8633,14
8634,11
8635,1
8636,NA
8637,1
8638,1
8639,1
8640,2
8641,1
8642,1
8643,2
8644,4
8645,1
8646,16
8647,14
8648,5
8649,3
8650,1
8651,1
8652,2
8653,4
8654,2
8655,1
8656,1
8657,113
8658,42
8659,1
8660,24
8661,1
8662,6
8663,2
8664,1
8665,19
8666,1
8667,5
8668,1
8669,NA
8670,5
8671,1
8672,1
8673,4
8674,1
8675,2
8676,1
8677,1
8678,NA
8679,1
8680,10
8681,69
8682,1
8683,1
8684,1
8685,60
8686,2
8687,4
8688,2
8689,1
8690,16
8691,2
8692,2
8693,NA
8694,52
8695,1
8696,1
8697,5
8698,1
8699,7
8700,1
8701,11
8702,4
8703,2
8704,4
8705,12
8706,2
8707,33
8708,4
8709,1
8710,5
8711,1
8712,3
8713,14
8714,11
8715,1
8716,10
8717,17
8718,2
8719,10
8720,1
8721,1
8722,1
8723,2
8724,4
8725,2
8726,4
8727,6
8728,1
8729,4
8730,2
8731,1
8732,1
8733,1
8734,5
8735,2
8736,2
8737,1
8738,7
8739,1
8740,5
8741,3
8742,3
8743,7
8744,1
8745,8
8746,4
8747,3
8748,13
8749,2
8750,4
8751,6
8752,1
8753,204
8754,2
8755,15
8756,2
8757,2
8758,1
8759,1
8760,2
8761,2
8762,2
8763,1
8764,3
8765,2
8766,5
8767,1
8768,80
8769,1
8770,1
8771,4
8772,21
8773,12
8774,1
8775,8
8776,4
8777,21
8778,1
8779,2
8780,3
8781,2
8782,19
8783,3
8784,1
8785,1
8786,1
8787,1
8788,3
8789,4
8790,28
8791,2
8792,2
8793,10
8794,3
8795,15
8796,7
8797,4
8798,63
8799,1
8800,7
8801,12
8802,1
8803,1
8804,1
8805,2
8806,1
8807,4
8808,6
8809,14
8810,15
8811,10
8812,6
8813,1
8814,1
8815,32
8816,40
8817,1
8818,3
8819,2
8820,27
8821,3
8822,1
8823,2
8824,72
8825,1
8826,1
8827,12
8828,2
8829,5
8830,14
8831,2
8832,51
8833,1
8834,14
8835,1
8836,1
8837,1
8838,11
8839,37
8840,2
8841,5
8842,7
8843,5
8844,3
8845,6
8846,2
8847,3
8848,2
8849,1
8850,1
8851,1
8852,47
8853,1
8854,1
8855,1
8856,6
8857,2
8858,3
8859,9
8860,1
8861,1
8862,1
8863,1
8864,3
8865,17
8866,1
8867,4
8868,2
8869,1
8870,78
8871,1
8872,2
8873,1
8874,55
8875,3
8876,NA
8877,2
8878,2
8879,2
8880,1
8881,2
8882,14
8883,3
8884,4
8885,2
8886,11
8887,57
8888,1
8889,18
8890,1
8891,2
8892,3
8893,2
8894,20
8895,5
8896,5
8897,3
8898,1
8899,9
8900,8
8901,5
8902,1
8903,1
8904,1
8905,3
8906,1
8907,1
8908,3
8909,377
8910,14
8911,12
8912,1
8913,1
8914,4
8915,16
8916,1
8917,2
8918,9
8919,2
8920,3
8921,85
8922,162
8923,1
8924,1
8925,6
8926,1
8927,1
8928,3
8929,4
8930,1
8931,NA
8932,1
8933,NA
8934,4
8935,47
8936,23
8937,7
8938,5
8939,2
8940,1
8941,1
8942,3
8943,5
8944,18
8945,1
8946,1
8947,3
8948,12
8949,1
8950,1
8951,1
8952,24
8953,1
8954,1
8955,38
8956,28
8957,NA
8958,3
8959,6
8960,1
8961,2
8962,1
8963,1
8964,1
8965,2
8966,20
8967,3
8968,3
8969,1
8970,1
8971,6
8972,2
8973,2
8974,3
8975,1
8976,4
8977,2
8978,12
8979,3
8980,21
8981,1
8982,1
8983,2
8984,1
8985,8
8986,7
8987,2
8988,6
8989,1
8990,4
8991,2
8992,1
8993,18
8994,1
8995,4
8996,3
8997,3
8998,2
8999,178
9000,2
9001,1
9002,3
9003,2
9004,1
9005,4
9006,7
9007,1
9008,1
9009,5
9010,8
9011,2
9012,1
9013,8
9014,1
9015,1
9016,55
9017,2
9018,1
9019,3
9020,3
9021,2
9022,2
9023,1
9024,1
9025,2
9026,11
9027,1
9028,4
9029,4
9030,1
9031,1
9032,4
9033,2
9034,79
9035,3
9036,10
9037,4
9038,3
9039,3
9040,49
9041,NA
9042,7
9043,NA
9044,3
9045,22
9046,1
9047,8
9048,7
9049,1
9050,10
9051,5
9052,9
9053,1
9054,8
9055,16
9056,64
9057,12
9058,NA
9059,2
9060,2
9061,3
9062,10
9063,1
9064,1
9065,2
9066,2
9067,55
9068,1
9069,7
9070,3
9071,4
9072,1
9073,1
9074,83
9075,7
9076,4
9077,2
9078,126
9079,1
9080,2
9081,3
9082,1
9083,1
9084,3
9085,9
9086,4
9087,2
9088,7
9089,1
9090,2
9091,14
9092,1
9093,1
9094,2
9095,1
9096,1
9097,12
9098,2
9099,5
9100,3
9101,11
9102,1
9103,1
9104,11
9105,1
9106,4
9107,3
9108,1
9109,NA
9110,1
9111,4
9112,1
9113,5
9114,1
9115,3
9116,3
9117,3
9118,1
9119,8
9120,2
9121,2
9122,2
9123,4
9124,1
9125,2
9126,8
9127,4
9128,1
9129,1
9130,5
9131,4
9132,1
9133,1
9134,5
9135,1
9136,3
9137,23
9138,1
9139,3
9140,NA
9141,1
9142,6
9143,3
9144,5
9145,1
9146,3
9147,2
9148,1
9149,4
9150,2
9151,1
9152,4
9153,2
9154,1
9155,1
9156,2
9157,26
9158,9
9159,1
9160,3
9161,2
9162,1
9163,3
9164,2
9165,23
9166,2
9167,1
9168,1
9169,2
9170,8
9171,2
9172,1
9173,65
9174,5
9175,12
9176,1
9177,4
9178,65
9179,1
9180,13
9181,5
9182,2
9183,3
9184,3
9185,1
9186,2
9187,1
9188,13
9189,1
9190,1
9191,1
9192,1
9193,6
9194,1
9195,NA
9196,5
9197,178
9198,3
9199,8
9200,10
9201,4
9202,1
9203,73
9204,6
9205,3
9206,3
9207,2
9208,2
9209,3
9210,1
9211,8
9212,1
9213,1
9214,6
9215,7
9216,2
9217,11
9218,6
9219,2
9220,1
9221,23
9222,5
9223,1
9224,1
9225,1
9226,9
9227,4
9228,109
9229,2
9230,2
9231,1
9232,3
9233,7
9234,8
9235,1
9236,1
9237,2
9238,1
9239,7
9240,1
9241,6
9242,4
9243,1
9244,1
9245,1
9246,377
9247,3
9248,1
9249,1
9250,31
9251,2
9252,6
9253,291
9254,18
9255,2
9256,2
9257,5
9258,6
9259,1
9260,3
9261,23
9262,2
9263,12
9264,1
9265,1
9266,1
9267,1
9268,4
9269,2
9270,2
9271,3
9272,5
9273,11
9274,6
9275,9
9276,2
9277,2
9278,2
9279,1
9280,4
9281,2
9282,23
9283,1
9284,3
9285,4
9286,3
9287,8
9288,1
9289,1
9290,1
9291,3
9292,3
9293,3
9294,29
9295,2
9296,18
9297,1
9298,1
9299,179
9300,1
9301,6
9302,1
9303,7
9304,25
9305,1
9306,4
9307,46
9308,13
9309,2
9310,2
9311,1
9312,675
9313,2
9314,1
9315,15
9316,39
9317,1
9318,NA
9319,3
9320,14
9321,2
9322,2
9323,4
9324,2
9325,21
9326,1
9327,1
9328,3
9329,54
9330,5
9331,189
9332,2
9333,2
9334,1
9335,8
9336,1
9337,17
9338,105
9339,3
9340,8
9341,4
9342,2
9343,2
9344,1
9345,16
9346,4
9347,5
9348,4
9349,1
9350,1
9351,NA
9352,1
9353,4
9354,1
9355,6
9356,1
9357,1
9358,1
9359,1
9360,97
9361,12
9362,14
9363,1
9364,8
9365,2
9366,6
9367,1
9368,2
9369,24
9370,39
9371,5
9372,1
9373,24
9374,4
9375,1
9376,1
9377,5
9378,1
9379,3
9380,2
9381,3
9382,3
9383,9
9384,2
9385,1
9386,1
9387,1
9388,1
9389,7
9390,3
9391,4
9392,8
9393,3
9394,1
9395,4
9396,27
9397,1
9398,14
9399,1
9400,1
9401,3
9402,2
9403,2
9404,5
9405,1
9406,28
9407,1
9408,2
9409,49
9410,4
9411,5
9412,1
9413,1
9414,2
9415,3
9416,2
9417,2
9418,3
9419,1
9420,26
9421,1
9422,1
9423,8
9424,8
9425,8
9426,1
9427,2
9428,4
9429,2
9430,4
9431,1
9432,40
9433,1
9434,1
9435,1
9436,1
9437,5
9438,1
9439,12
9440,5
9441,3
9442,2
9443,5
9444,3
9445,6
9446,26
9447,1
9448,7
9449,1
9450,4
9451,1
9452,1
9453,3
9454,1
9455,44
9456,3
9457,1
9458,1
9459,1
9460,1
9461,10
9462,5
9463,70
9464,9
9465,2
9466,1
9467,1
9468,2
9469,2
9470,1
9471,4
9472,14
9473,2
9474,54
9475,1
9476,2
9477,3
9478,2
9479,1
9480,11
9481,5
9482,3
9483,12
9484,3
9485,4
9486,4
9487,1
9488,3
9489,1
9490,2
9491,1
9492,1
9493,23
9494,NA
9495,2
9496,1
9497,6
9498,1
9499,7
9500,15
9501,1
9502,1
9503,63
9504,5
9505,272
9506,1
9507,390
9508,5
9509,1
9510,5
9511,1
9512,1
9513,NA
9514,11
9515,1
9516,2
9517,1
9518,1
9519,2
9520,14
9521,4
9522,2
9523,3
9524,1
9525,13
9526,4
9527,16
9528,7
9529,1
9530,1
9531,5
9532,2
9533,18
9534,1
9535,2
9536,5
9537,1
9538,124
9539,1
9540,1
9541,7
9542,2
9543,3
9544,1
9545,2
9546,17
9547,5
9548,3
9549,2
9550,9
9551,43
9552,27
9553,1
9554,38
9555,2
9556,6
9557,1
9558,23
9559,3
9560,2
9561,2
9562,1
9563,1
9564,9
9565,67
9566,1
9567,8
9568,1
9569,19
9570,4
9571,2
9572,3
9573,1
9574,2
9575,3
9576,2
9577,3
9578,1
9579,8
9580,1
9581,6
9582,14
9583,2
9584,1
9585,39
9586,39
9587,6
9588,1
9589,10
9590,3
9591,1
9592,1
9593,70
9594,2
9595,1
9596,1
9597,2
9598,2
9599,1
9600,10
9601,1
9602,15
9603,1
9604,30
9605,3
9606,5
9607,1
9608,20
9609,3
9610,1
9611,21
9612,1
9613,3
9614,1
9615,4
9616,1
9617,4
9618,2
9619,4
9620,1
9621,2
9622,2
9623,9
9624,63
9625,1
9626,8
9627,2
9628,6
9629,3
9630,1
9631,1
9632,1
9633,1
9634,2
9635,21
9636,18
9637,NA
9638,1
9639,1
9640,1
9641,5
9642,3
9643,79
9644,20
9645,1
9646,93
9647,1
9648,4
9649,3
9650,5
9651,1
9652,1
9653,1
9654,1
9655,2
9656,12
9657,1
9658,1
9659,20
9660,1
9661,7
9662,4
9663,3
9664,8
9665,4
9666,1
9667,1
9668,1
9669,3
9670,4
9671,4
9672,19
9673,2
9674,6
9675,1
9676,11
9677,1
9678,5
9679,1
9680,4
9681,12
9682,1
9683,2
9684,1
9685,7
9686,1
9687,1
9688,41
9689,2
9690,15
9691,18
9692,2
9693,2
9694,1
9695,3
9696,1
9697,1
9698,4
9699,6
9700,1
9701,1
9702,9
9703,2
9704,6
9705,2
9706,4
9707,1
9708,3
9709,1
9710,1
9711,8
9712,9
9713,4
9714,4
9715,12
9716,1
9717,1
9718,3
9719,4
9720,1
9721,NA
9722,2
9723,1
9724,3
9725,2
9726,5
9727,1
9728,2
9729,1
9730,5
9731,2
9732,1
9733,2
9734,3
9735,2
9736,302
9737,2
9738,3
9739,6
9740,3
9741,2
9742,3
9743,1
9744,1
9745,1
9746,1
9747,18
9748,1
9749,19
9750,2
9751,4
9752,4
9753,1
9754,2
9755,2
9756,1
9757,1
9758,76
9759,5
9760,1
9761,2
9762,16
9763,1
9764,2
9765,1
9766,1
9767,3
9768,2
9769,126
9770,1
9771,2
9772,2
9773,3
9774,1
9775,1
9776,1
9777,2
9778,1
9779,1
9780,140
9781,6
9782,1
9783,1
9784,19
9785,2
9786,3
9787,1
9788,2
9789,1
9790,1
9791,70
9792,1
9793,414
9794,6
9795,7
9796,1
9797,2
9798,23
9799,3
9800,13
9801,1
9802,50
9803,1
9804,5
9805,1
9806,2
9807,2
9808,1
9809,3
9810,1
9811,3
9812,24
9813,54
9814,1
9815,1
9816,1
9817,1
9818,1
9819,48
9820,2
9821,1
9822,1
9823,3
9824,20
9825,6
9826,15
9827,1
9828,2
9829,2
9830,11
9831,4
9832,9
9833,1
9834,7
9835,2
9836,13
9837,2
9838,78
9839,4
9840,110
9841,11
9842,1
9843,2
9844,1
9845,21
9846,4
9847,6
9848,4
9849,1
9850,2
9851,1
9852,133
9853,29
9854,3
9855,1
9856,21
9857,198
9858,3
9859,1
9860,1
9861,2
9862,1
9863,1
9864,9
9865,2
9866,17
9867,2
9868,50
9869,4
9870,2
9871,5
9872,2
9873,10
9874,1
9875,6
9876,3
9877,1
9878,1
9879,4
9880,1
9881,1
9882,2
9883,5
9884,68
9885,11
9886,1
9887,1
9888,17
9889,2
9890,NA
9891,66
9892,19
9893,1
9894,2
9895,2
9896,2
9897,3
9898,1
9899,7
9900,1
9901,8
9902,2
9903,1
9904,1
9905,1
9906,1
9907,1
9908,2
9909,3
9910,3
9911,5
9912,2
9913,8
9914,38
9915,1
9916,6
9917,1
9918,5
9919,2
9920,8
9921,53
9922,4
9923,2
9924,8
9925,2
9926,4
9927,4
9928,3
9929,1
9930,1
9931,5
9932,1
9933,3
9934,6
9935,1
9936,5
9937,4
9938,1
9939,1
9940,3
9941,6
9942,1
9943,1
9944,2
9945,10
9946,1
9947,3
9948,1
9949,59
9950,4
9951,9
9952,1
9953,2
9954,7
9955,1
9956,10
9957,2
9958,1
9959,7
9960,5
9961,1
9962,5
9963,1
9964,1
9965,1
9966,6
9967,38
9968,4
9969,1
9970,1
9971,1
9972,4
9973,9
9974,10
9975,17
9976,1
9977,4
9978,2
9979,2
9980,1
9981,1
9982,13
9983,23
9984,1
9985,1
9986,1
9987,67
9988,36
9989,2
9990,3
9991,2
9992,3
9993,25
9994,9
9995,1
9996,1
9997,7
9998,9
9999,2
10000,2
