1,4
2,11
3,1
4,2
5,1
6,3
7,12
8,1
9,2
10,4
11,1
12,2
13,472
14,3
15,1
16,4
17,1
18,2
19,8
20,1
21,2
22,NA
23,5
24,106
25,2
26,1
27,1
28,4
29,25
30,182
31,180
32,3
33,21
34,NA
35,1
36,5
37,24
38,1
39,1
40,158
41,57
42,1
43,2
44,791
45,4
46,44
47,1
48,2
49,4
50,1
51,5
52,6
53,1
54,2
55,356
56,1
57,1
58,10
59,1
60,1
61,20
62,3
63,3
64,NA
65,9
66,1
67,2
68,1
69,1
70,4
71,5
72,4
73,150
74,3
75,7
76,1474
77,21
78,1
79,2
80,3
81,1
82,2
83,NA
84,4
85,2
86,NA
87,1
88,214
89,1
90,2
91,10
92,NA
93,2
94,444
95,3
96,1
97,152
98,1
99,7
100,8
101,1
102,1
103,198
104,3
105,9
106,2
107,3
108,1
109,2
110,9
111,10
112,4
113,1
114,2
115,10
116,1
117,2
118,8
119,1
120,1
121,14
122,5
123,9
124,2
125,5
126,3
127,30
128,465
129,1
130,16
131,43
132,3
133,20
134,5
135,15
136,24
137,3
138,78
139,4
140,5
141,2
142,4
143,25
144,2
145,2
146,1
147,2
148,4
149,3
150,3
151,2
152,1
153,1
154,2
155,1
156,4
157,16
158,1
159,1
160,10
161,5
162,17
163,2
164,1
165,3
166,NA
167,785
168,1
169,78
170,3
171,1
172,78
173,1
174,1
175,2
176,1
177,120
178,4
179,1
180,1
181,2
182,1
183,2
184,NA
185,3
186,3
187,15522
188,142291
189,1
190,4
191,3
192,1
193,4
194,3
195,1
196,10
197,1
198,17
199,46
200,1
201,14
202,2
203,5
204,110
205,2
206,1
207,1
208,6
209,5
210,30
211,64
212,53
213,1
214,8
215,9
216,13
217,38
218,13
219,2
220,1062
221,1
222,1
223,8
224,1
225,14
226,4
227,5
228,3
229,8
230,1
231,1
232,4
233,36917
234,22
235,12
236,1
237,3
238,78
239,1
240,17
241,6
242,7
243,1
244,2
245,3
246,1
247,2
248,1
249,19
250,20
251,11
252,1
253,8
254,3
255,4
256,4
257,17
258,1
259,4
260,5
261,12
262,10
263,NA
264,1
265,2
266,105
267,5
268,12
269,1
270,1
271,2
272,5
273,1
274,4
275,9
276,3
277,2
278,73
279,5
280,4
281,1
282,2
283,NA
284,1
285,2
286,2
287,1
288,1
289,8
290,1
291,3
292,26
293,33
294,2
295,NA
296,93
297,1
298,4
299,5
300,1
301,4
302,35
303,8
304,4
305,NA
306,1
307,2
308,11
309,2
310,442
311,3
312,9
313,2
314,1
315,3
316,2
317,NA
318,11
319,2
320,1
321,29
322,2
323,1
324,2
325,6
326,NA
327,1
328,4
329,1
330,14
331,14
332,1
333,1
334,8
335,1
336,1
337,2
338,5
339,3
340,8
341,1
342,1
343,2
344,5
345,6
346,30
347,13
348,2
349,2
350,1
351,1
352,254
353,13
354,4
355,14
356,3
357,103
358,10
359,9
360,101
361,4
362,1
363,2
364,22
365,1
366,2
367,4
368,63
369,19
370,NA
371,13
372,1
373,2
374,1
375,2
376,32
377,1
378,1
379,28
380,3
381,3
382,2
383,17415
384,22
385,4
386,1
387,197
388,4
389,1
390,9
391,10
392,119
393,NA
394,144
395,1
396,2
397,6
398,1397
399,2
400,4
401,605
402,3
403,2
404,1
405,1
406,126
407,1
408,5
409,16
410,1
411,5
412,1408
413,3
414,42
415,8
416,5
417,4
418,2
419,1
420,1
421,2
422,17
423,4
424,10
425,3
426,2
427,4
428,NA
429,8
430,4
431,NA
432,7
433,121106
434,1
435,5
436,2
437,1
438,2
439,426
440,1
441,1
442,4
443,NA
444,1
445,4
446,11
447,2
448,12
449,NA
450,8
451,4
452,1
453,1
454,2
455,15
456,4
457,28
458,5
459,1
460,NA
461,17
462,6
463,2
464,557
465,1
466,8
467,1
468,1
469,10
470,NA
471,3
472,NA
473,1
474,7
475,4
476,7
477,23
478,22
479,1
480,2
481,2
482,1
483,2
484,4
485,3
486,7
487,4
488,1
489,2
490,126
491,175
492,2
493,6
494,1
495,206
496,2
497,1
498,1
499,2
500,3
501,20
502,38
503,1
504,17
505,34
506,5
507,5
508,22
509,11
510,1
511,22
512,1
513,12
514,486
515,1
516,1
517,2
518,13
519,1
520,8
521,1
522,1
523,18
524,19
525,11
526,10
527,3
528,81
529,8
530,5
531,2
532,2
533,1
534,11
535,4
536,7
537,1
538,4
539,15
540,1
541,4
542,127
543,1
544,252
545,NA
546,29
547,528
548,3
549,12
550,6
551,1335
552,555
553,594
554,5
555,2
556,NA
557,9
558,1
559,32
560,11
561,NA
562,12
563,17
564,1
565,2
566,1
567,1
568,2
569,65
570,3
571,6
572,17
573,1
574,2
575,5
576,2
577,6
578,1095
579,18
580,1280
581,15
582,11
583,18
584,3
585,2
586,72
587,33
588,1
589,8
590,3
591,3
592,1106
593,1
594,1
595,2
596,1
597,8
598,22
599,7
600,3
601,10
602,3
603,2
604,2
605,3
606,1
607,6
608,55
609,3
610,2
611,131
612,4
613,6
614,1
615,1
616,2
617,821
618,204
619,4
620,39
621,1
622,8
623,NA
624,1
625,8
626,NA
627,4
628,NA
629,1
630,4
631,24
632,11
633,3
634,2
635,7
636,3
637,8
638,239
639,4
640,6
641,3
642,1
643,2
644,1
645,12
646,6
647,5
648,3
649,18
650,29
651,1
652,NA
653,3
654,1
655,4
656,17
657,1
658,8
659,1
660,4
661,6
662,21
663,6
664,4
665,1
666,1
667,NA
668,1
669,2
670,6
671,1
672,2
673,2
674,13545
675,1
676,2
677,3
678,3
679,8
680,1
681,6
682,12
683,18633
684,1
685,14
686,1
687,2
688,16
689,13
690,1
691,2
692,NA
693,1
694,2
695,297
696,1
697,16
698,31
699,1
700,2
701,1
702,29
703,16
704,13
705,1
706,2
707,15
708,4
709,6
710,1
711,2
712,12
713,1
714,3
715,2
716,9
717,7
718,10
719,21
720,1
721,8
722,1345
723,2
724,150
725,123
726,2
727,710
728,5
729,1
730,2
731,1
732,6
733,12
734,77
735,576
736,6
737,3
738,9
739,NA
740,7
741,1
742,16
743,1
744,18
745,NA
746,NA
747,3
748,4
749,1
750,4
751,2
752,1
753,2
754,18
755,3
756,12
757,4
758,3
759,10
760,254
761,9
762,1
763,20
764,1
765,4
766,10
767,837
768,1
769,2
770,107149
771,1
772,290
773,3
774,2
775,2
776,1
777,13
778,NA
779,NA
780,1
781,852
782,3
783,46
784,20
785,1
786,16
787,48156
788,7
789,3
790,26
791,1
792,1
793,26
794,1
795,1
796,108
797,1
798,1
799,2
800,3
801,1
802,18
803,3
804,2
805,2
806,37
807,3
808,4
809,1263
810,2
811,346
812,15
813,2
814,2
815,81
816,2
817,6
818,NA
819,1
820,8
821,27
822,1
823,2
824,1
825,11
826,20
827,1
828,4
829,10
830,NA
831,3
832,2
833,45
834,1
835,NA
836,9
837,8
838,80
839,1
840,12
841,2
842,5
843,7
844,38
845,1
846,7
847,14
848,35
849,9
850,15294
851,393
852,1
853,8
854,23
855,5
856,2
857,106007
858,36
859,74
860,119
861,1
862,2
863,11
864,46
865,12
866,1231
867,2
868,4
869,445
870,4
871,132
872,1
873,6
874,392
875,1
876,5
877,2
878,1
879,1
880,2
881,1
882,2
883,6
884,3
885,3
886,134
887,9
888,3
889,452
890,31
891,2
892,16
893,28705
894,2
895,2
896,3
897,1
898,2
899,3
900,3
901,6
902,1
903,4
904,2
905,827
906,1
907,4
908,21
909,2
910,6
911,1483
912,4
913,24
914,1
915,24
916,NA
917,1
918,10
919,4
920,5
921,1
922,21374
923,9
924,2
925,8
926,11
927,1
928,10
929,29
930,5
931,2
932,1
933,120
934,22
935,61
936,2
937,44
938,1
939,4
940,48
941,363
942,2
943,2
944,1
945,3
946,14
947,NA
948,7
949,4
950,1
951,1
952,28
953,17
954,47
955,24
956,1
957,1
958,50
959,9
960,1
961,10
962,1
963,1
964,44
965,1
966,2
967,8
968,NA
969,1
970,6
971,1
972,1
973,2
974,41
975,2
976,1048
977,9
978,1
979,2
980,1
981,10
982,136
983,7
984,1
985,6
986,29
987,2
988,4
989,29
990,1
991,6
992,145
993,2
994,236
995,1
996,14
997,18
998,1
999,5
1000,52
1001,5
1002,2
1003,14
1004,3
1005,10
1006,12
1007,5
1008,27
1009,2
1010,3
1011,7
1012,22
1013,1
1014,2
1015,2
1016,1
1017,3
1018,NA
1019,7
1020,6
1021,4
1022,1
1023,4
1024,46306
1025,5
1026,1
1027,2
1028,1
1029,4
1030,4
1031,63
1032,1
1033,6
1034,1
1035,45
1036,12
1037,19
1038,2
