4,1
9,1
14,1
19,1
24,2
29,25
34,1
39,1
44,1
49,3
54,1
59,1
64,1
69,3
74,1
79,2
84,3
89,1
94,8
99,1
104,1
109,2
114,2
119,1
124,2
129,1
134,18
139,3
144,2
149,1
154,1
159,1
164,1
169,1
174,1
179,11
184,1
189,3
194,1
199,3
204,2
209,3
214,1
219,1
224,1
229,2
234,1
239,9
244,5
249,1
254,4
259,NA
264,1
269,1
274,1
279,2
284,10
289,1
294,4
299,2
304,33
309,2
314,2
319,1
324,34
329,1
334,84
339,1
344,1
349,1
354,3
359,3
364,1
369,8
374,2
379,1
384,1
389,1
394,1
399,1
404,1
409,12
414,1
419,1
424,1
429,2
434,1
439,2
444,2
449,4
454,274
459,4
464,3
469,3
474,1
479,1
484,1
489,1
494,73
499,1
504,6
509,6
514,1
519,8
524,9
529,1
534,1
539,6
544,1
549,1
554,5
559,1
564,9
569,2
574,2
579,1
584,1
589,1
594,1
599,1
604,3
609,4
614,1
619,2
624,64
629,19
634,15
639,1
644,1
649,1
654,1
659,1
664,4
669,6
674,5
679,2
684,2
689,9
694,1
699,2
704,2
709,5
714,2
719,1
724,3
729,1
734,135
739,2
744,1
749,18
754,1
759,9
764,9
769,1
774,3
779,4
784,15
789,10
794,4
799,1
804,1
809,5
814,4
819,1
824,1
829,45
834,1
839,1
844,1
849,3
854,1
859,1
864,1
869,2
874,1
879,8
884,1
889,3
894,2
899,2
904,3
909,1
914,3
919,1
924,1
929,6
934,1
939,1
944,1
949,1
954,2
959,2
964,5
969,1
974,1
979,1
984,3
989,1
994,3
999,4
1004,1
1009,2
1014,285
1019,1
1024,2
1029,1
1034,3
1039,1
1044,1
1049,5
1054,1
1059,1
1064,1
1069,7
1074,1
1079,1
1084,NA
1089,5
1094,12
1099,2
1104,2
1109,1
1114,5
1119,2
1124,2
1129,3
1134,3
1139,1
1144,2
1149,1
1154,NA
1159,1
1164,1
1169,4
1174,4
1179,4
1184,1
1189,2
1194,1
1199,1
1204,1
1209,1
1214,1
1219,3
1224,3
1229,1
1234,2
1239,1
1244,25
1249,1
1254,1
1259,1
1264,127
1269,7
1274,1
1279,2
1284,26
1289,67
1294,1
1299,1
1304,13
1309,1
1314,1
1319,2
1324,1
1329,4
1334,1
1339,34
1344,3
1349,3
1354,62
1359,2
1364,2
1369,1
1374,3
1379,3
1384,1
1389,2
1394,1
1399,4
1404,1
1409,1
1414,2
1419,1
1424,1
1429,1
1434,1
1439,1
1444,1
1449,259
1454,3
1459,1
1464,6
1469,1
1474,4
1479,2
1484,1
1489,3
1494,1
1499,1
1504,11
1509,2
1514,1
1519,3
1524,1
1529,6
1534,7
1539,1
1544,3
1549,7
1554,1
1559,2
1564,4
1569,54
1574,1
1579,1
1584,3
1589,4
1594,1
1599,1
1604,3
1609,2
1614,4
1619,3
1624,1
1629,1
1634,1
1639,5
1644,3
1649,1
1654,1
1659,2
1664,4
1669,2
1674,3
1679,19
1684,1
1689,5
1694,1
1699,1
1704,11
1709,1
1714,4
1719,1
1724,1
1729,2
1734,3
1739,14
1744,5
1749,2
1754,1
1759,6
1764,1
1769,1
1774,1
1779,10
1784,3
1789,1
1794,5
1799,1
1804,2
1809,1
1814,21
1819,13
1824,3
1829,1
1834,2
1839,3
1844,23
1849,1
1854,3
1859,22
1864,2
1869,21
1874,1
1879,1
1884,4
1889,6
1894,2
1899,8
1904,1
1909,88
1914,4
1919,5
1924,1
1929,1
1934,3
1939,2
1944,1
1949,14
1954,3
1959,1
1964,3
1969,5
1974,1
1979,1
1984,8
1989,1
1994,31
1999,14
2004,10
2009,1
2014,1
2019,57
2024,3
2029,1
2034,1
2039,1
2044,2
2049,9
2054,6
2059,3
2064,3
2069,21
2074,1
2079,1
2084,1
2089,9
2094,1
2099,2
2104,2
2109,1
2114,2
2119,5
2124,1
2129,2
2134,1
2139,2
2144,2
2149,1
2154,7
2159,4
2164,2
2169,108
2174,1
2179,2
2184,3
2189,1
2194,3
2199,1
2204,1
2209,1
2214,1
2219,5
2224,28
2229,1
2234,8
2239,2
2244,16
2249,1
2254,3
2259,9
2264,28
2269,1
2274,2
2279,193
2284,1
2289,7
2294,1
2299,1
2304,1
2309,2
2314,1
2319,1
2324,2
2329,5
2334,99
2339,1
2344,1
2349,1
2354,2
2359,1
2364,3
2369,1
2374,1
2379,1
2384,1
2389,17
2394,4
2399,6
2404,2
2409,13
2414,2
2419,2
2424,8
2429,1
2434,8
2439,1
2444,18
2449,1
2454,17
2459,1
2464,5
2469,1
2474,3
2479,6
2484,1
2489,1
2494,16
2499,4
2504,6
2509,7
2514,1
2519,3
2524,1
2529,2
2534,1
2539,9
2544,1
2549,5
2554,2
2559,3
2564,1
2569,51
2574,1
2579,2
2584,54
2589,39
2594,3
2599,1
2604,36
2609,2
2614,3
2619,5
2624,2
2629,16
2634,1
2639,6
2644,1
2649,6
2654,6
2659,5
2664,7
2669,31
2674,1
2679,1
2684,2
2689,1
2694,2
2699,4
2704,1
2709,22
2714,12
2719,4
2724,1
2729,1
2734,1
2739,3
2744,1
2749,3
2754,1
2759,3
2764,1
2769,1
2774,2
2779,3
2784,1
2789,3
2794,2
2799,1
2804,41
2809,3
2814,1
2819,1
2824,25
2829,9
2834,5
2839,2
2844,11
2849,2
2854,9
2859,1
2864,1
2869,2
2874,1
2879,1
2884,4
2889,8
2894,3
2899,6
2904,1
2909,2
2914,1
2919,903
2924,1
2929,10
2934,2
2939,4
2944,1
2949,3
2954,1
2959,1
2964,2
2969,7
2974,2
2979,11
2984,17
2989,1
2994,33
2999,1
3004,4
3009,10
3014,3
3019,1
3024,1
3029,6
3034,4
3039,23
3044,2
3049,2
3054,1
3059,21
3064,1
3069,1
3074,1
3079,1
3084,3
3089,86
3094,1
3099,1
3104,2
3109,1
3114,2
3119,7
3124,69
3129,22
3134,1
3139,1
3144,1
3149,5
3154,1
3159,2
3164,4
3169,3
3174,11
3179,1
3184,8
3189,1
3194,1
3199,2
3204,13
3209,7
3214,2
3219,1
3224,1
3229,1
3234,98
3239,3
3244,1
3249,4
3254,3
3259,3
3264,4
3269,17
3274,5
3279,10
3284,1
3289,1
3294,1
3299,3
3304,2
3309,68
3314,2
3319,1
3324,113
3329,1
3334,1
3339,1
3344,2
3349,1
3354,1
3359,2
3364,2
3369,2
3374,9
3379,5
3384,330
3389,2
3394,143
3399,2
3404,1
3409,3
3414,4
3419,2
3424,1
3429,21
3434,17
3439,5
3444,491
3449,1
3454,1
3459,4
3464,1
3469,39
3474,1
3479,1
3484,1
3489,3
3494,33
3499,1
3504,1
3509,1
3514,7
3519,9
3524,1
3529,4
3534,1
3539,4
3544,3
3549,8
3554,1
3559,2
3564,12
3569,1
3574,1
3579,1
3584,3
3589,2
3594,220
3599,2
3604,1
3609,1
3614,3
3619,1
3624,3
3629,4
3634,1
3639,1
3644,3
3649,6
3654,24
3659,10
3664,1
3669,1
3674,1
3679,9
3684,2
3689,2
3694,1
3699,4
3704,2
3709,3
3714,11
3719,1
3724,2
3729,1
3734,4
3739,14
3744,1
3749,1
3754,5
3759,1
3764,9
3769,43
3774,9
3779,1
3784,2
3789,1
3794,2
3799,23
3804,8
3809,1
3814,6
3819,12
3824,1
3829,2
3834,8
3839,10
3844,3
3849,8
3854,3
3859,2
3864,1
3869,1
3874,2
3879,4
3884,2
3889,3
3894,1
3899,4
3904,118
3909,1
3914,2
3919,3
3924,1
3929,25
3934,1
3939,18
3944,15
3949,2
3954,3
3959,1
3964,7
3969,1
3974,1
3979,1
3984,3
3989,1
3994,1
3999,3
4004,4
4009,1
4014,3
4019,1
4024,11
4029,1
4034,39
4039,48
4044,3
4049,1
4054,1
4059,3
4064,5
4069,1
4074,1
4079,5
4084,3
4089,1
4094,10
4099,4
4104,1
4109,3
4114,2
4119,20
4124,1
4129,2
4134,2
4139,140
4144,2
4149,2
4154,1
4159,5
4164,1
4169,3
4174,3
4179,2
4184,1
4189,1
4194,4
4199,1
4204,15
4209,5
4214,148
4219,1
4224,85
4229,4
4234,2
4239,1
4244,1
4249,1
4254,1
4259,28
4264,1
4269,2
4274,27
4279,2
4284,2
4289,7
4294,12
4299,7
4304,1
4309,1
4314,62
4319,4
4324,2
4329,10
4334,3
4339,2
4344,1
4349,2
4354,1
4359,1
4364,9
4369,3
4374,1
4379,2
4384,1
4389,1
4394,1
4399,1
4404,192
4409,40
4414,2
4419,2
4424,7
4429,1
4434,2
4439,1
4444,249
4449,2
4454,1
4459,16
4464,10
4469,3
4474,1
4479,2
4484,1
4489,1
4494,38
4499,2
4504,1
4509,6
4514,3
4519,20
4524,2
4529,470
4534,294
4539,8
4544,3
4549,773
4554,1
4559,8
4564,1
4569,3
4574,1
4579,3
4584,2
4589,5
4594,1
4599,23
4604,2
4609,4
4614,1
4619,3
4624,4
4629,24
4634,117
4639,1
4644,9
4649,1
4654,1
4659,3
4664,2
4669,1
4674,1
4679,1
4684,1
4689,1
4694,487
4699,10
4704,3
4709,2
4714,7
4719,3
4724,3
4729,2
4734,1
4739,2
4744,1
4749,1
4754,18
4759,4
4764,2
4769,10
4774,1
4779,1
4784,1
4789,12
4794,3
4799,2
4804,1
4809,2
4814,1
4819,1
4824,2
4829,4
4834,3
4839,2
4844,1
4849,1
4854,1
4859,11
4864,2
4869,3
4874,7
4879,486
4884,1
4889,1
4894,47
4899,1
4904,1
4909,1
4914,1
4919,3
4924,9
4929,21
4934,1
4939,4
4944,4
4949,1
4954,2
4959,3
4964,1
4969,1
4974,14
4979,1
4984,1
4989,3
4994,2
4999,1
5004,2
5009,1
5014,3
5019,2
5024,1
5029,2
5034,1
5039,2
5044,7
5049,1
5054,2
5059,1
5064,2
5069,1
5074,7
5079,561
5084,2
5089,14
5094,2
5099,NA
5104,1
5109,1
5114,1
5119,2
5124,4
5129,5
5134,4
5139,7
5144,1
5149,1
5154,2
5159,2
5164,5
5169,1
5174,2
5179,6
5184,3
5189,39
5194,3
5199,1
5204,67
5209,1
5214,98
5219,1
5224,2
5229,1
5234,2
5239,3
5244,2
5249,15
5254,34
5259,1
5264,7
5269,7
5274,2
5279,7
5284,1
5289,1
5294,4
5299,2
5304,2
5309,49
5314,2
5319,1
5324,1
5329,1
5334,1
5339,4
5344,1
5349,1
5354,1
5359,2
5364,1
5369,2
5374,1
5379,2
5384,28
5389,3
5394,1
5399,1
5404,2
5409,225
5414,3
5419,1
5424,1
5429,1
5434,10
5439,2
5444,3
5449,13
5454,2
5459,1
5464,15
5469,4
5474,4
5479,1
5484,1
5489,1
5494,1
5499,2
5504,7
5509,26
5514,2
5519,1
5524,4
5529,NA
5534,1
5539,5
5544,1
5549,1
5554,6
5559,16
5564,2
5569,1
5574,2
5579,9
5584,1
5589,2
5594,12
5599,1
5604,1
5609,17
5614,2
5619,6
5624,1
5629,1
5634,3
5639,11
5644,2
5649,3
5654,5
5659,1
5664,1
5669,2
5674,1
5679,1
5684,16
5689,30
5694,1
5699,1
5704,35
5709,2
5714,5
5719,19
5724,3
5729,2
5734,1
5739,2
5744,2
5749,3
5754,2
5759,3
5764,1
5769,3
5774,1
5779,2
5784,1
5789,3
5794,1
5799,2
5804,24
5809,2
5814,1
5819,1
5824,4
5829,1
5834,2
5839,4
5844,3
5849,7
5854,18
5859,1
5864,1
5869,6
5874,8
5879,1
5884,4
5889,1
5894,3
5899,14
5904,1
5909,3
5914,1
5919,1
5924,2
5929,1
5934,2
5939,92
5944,9
5949,1
5954,1
5959,4
5964,2
5969,4
5974,1
5979,2
5984,1
5989,2
5994,1
5999,1
6004,7
6009,2
6014,1
6019,2
6024,4
6029,282
6034,2
6039,1
6044,8
6049,28
6054,18
6059,NA
6064,4
6069,1
6074,2
6079,1
6084,3
6089,1
6094,2
6099,3
6104,3
6109,1
6114,1
6119,4
6124,1
6129,15
6134,9
6139,4
6144,2
6149,21
6154,1
6159,3
6164,1
6169,2
6174,2
6179,4
6184,3
6189,5
6194,1
6199,6
6204,3
6209,1
6214,1
6219,1
6224,2
6229,1
6234,2
6239,2
6244,1
6249,1
6254,3
6259,2
6264,33
6269,4
6274,22
6279,1
6284,1
6289,5
6294,12
6299,6
6304,2
6309,6
6314,1
6319,4
6324,1
6329,1
6334,1
6339,40
6344,1
6349,9
6354,3
6359,3
6364,1
6369,1
6374,3
6379,1
6384,1
6389,2
6394,5
6399,1
6404,2
6409,1
6414,3
6419,6
6424,1
6429,1
6434,59
6439,1
6444,1
6449,1
6454,1
6459,28
6464,13
6469,1
6474,2
6479,2
6484,5
6489,2
6494,4
6499,1
6504,1
6509,2
6514,4
6519,1
6524,25
6529,1
6534,7
6539,2
6544,6
6549,3
6554,1
6559,1
6564,29
6569,4
6574,3
6579,9
6584,2
6589,1
6594,1
6599,2
6604,16
6609,7
6614,98
6619,1
6624,4
6629,1
6634,1
6639,3
6644,1
6649,2
6654,2
6659,2
6664,2
6669,37
6674,1
6679,2
6684,3
6689,4
6694,2
6699,6
6704,2
6709,1
6714,3
6719,1
6724,1
6729,4
6734,5
6739,1
6744,2
6749,1
6754,6
6759,1
6764,522
6769,1
6774,1
6779,2
6784,1
6789,3
6794,6
6799,1
6804,8
6809,9
6814,1
6819,2
6824,11
6829,6
6834,1
6839,1
6844,2
6849,1
6854,1
6859,2
6864,1
6869,1
6874,18
6879,64
6884,3
6889,2
6894,1
6899,142
6904,1
6909,6
6914,2
6919,3
6924,1
6929,2
6934,1
6939,3
6944,1
6949,1
6954,2
6959,633
6964,1
6969,5
6974,1
6979,8
6984,11
6989,1
6994,5
6999,42
7004,5
7009,40
7014,1
7019,11
7024,1
7029,1
7034,1
7039,1
7044,2
7049,1
7054,1
7059,1
7064,4
7069,23
7074,2
7079,5
7084,13
7089,1
7094,2
7099,4
7104,1
7109,2
7114,5
7119,10
7124,4
7129,1
7134,2
7139,1
7144,3
7149,14
7154,1
7159,3
7164,1
7169,7
7174,3
7179,3
7184,11
7189,2
7194,27
7199,36
7204,4
7209,1
7214,5
7219,1
7224,5
7229,5
7234,1
7239,1
7244,1
7249,1
7254,2
7259,1
7264,285
7269,4
7274,2
7279,11
7284,3
7289,1
7294,1
7299,1
7304,13
7309,1
7314,22
7319,3
7324,1
7329,3
7334,26
7339,5
7344,1
7349,1
7354,2
7359,2
7364,30
7369,1
7374,1
7379,1
7384,52
7389,69
7394,2
7399,23
7404,1
7409,1
7414,7
7419,1
7424,2
7429,1
7434,1
7439,1
7444,11
7449,4
7454,159
7459,3
7464,11
7469,2
7474,2
7479,7
7484,2
7489,3
7494,44
7499,1
7504,3
7509,3
7514,1
7519,1
7524,2
7529,4
7534,22
7539,1
7544,6
7549,1
7554,20
7559,18
7564,1
7569,3
7574,3
7579,14
7584,2
7589,6
7594,8
7599,1
7604,1
7609,1
7614,4
7619,1
7624,13
7629,1
7634,1
7639,5
7644,1
7649,6
7654,3
7659,3
7664,1
7669,4
7674,1
7679,4
7684,15
7689,1
7694,3
7699,1
7704,1
7709,1
7714,3
7719,2
7724,3
7729,1
7734,23
7739,1
7744,5
7749,3
7754,1
7759,1
7764,10
7769,10
7774,1
7779,3
7784,5
7789,2
7794,2
7799,8
7804,1
7809,13
7814,2
7819,12
7824,3
7829,7
7834,4
7839,15
7844,3
7849,2
7854,1
7859,1
7864,1
7869,4
7874,1
7879,12
7884,25
7889,2
7894,1
7899,2
7904,1
7909,3
7914,3
7919,1
7924,1
7929,1
7934,21
7939,1
7944,2
7949,1
7954,4
7959,45
7964,2
7969,8
7974,1
7979,2
7984,12
7989,6
7994,1
7999,3
8004,1
8009,1
8014,1
8019,2
8024,11
8029,132
8034,2
8039,9
8044,48
8049,6
8054,3
8059,14
8064,1
8069,1
8074,1
8079,1
8084,4
8089,1
8094,1
8099,1
8104,6
8109,3
8114,20
8119,1
8124,2
8129,10
8134,17
8139,1
8144,5
8149,2
8154,4
8159,1
8164,3
8169,3
8174,2
8179,11
8184,1
8189,25
8194,1
8199,3
8204,4
8209,5
8214,1
8219,5
8224,4
8229,1
8234,1
8239,9
8244,7
8249,2
8254,1
8259,4
8264,1
8269,1
8274,18
8279,1
8284,3
8289,16
8294,11
8299,4
8304,NA
8309,3
8314,20
8319,1
8324,1
8329,3
8334,5
8339,1
8344,3
8349,2
8354,14
8359,7
8364,1
8369,2
8374,18
8379,1
8384,2
8389,1
8394,5
8399,1
8404,1
8409,2
8414,4
8419,2
8424,1
8429,1
8434,2
8439,2
8444,6
8449,2
8454,166
8459,4
8464,2
8469,33
8474,1
8479,4
8484,10
8489,4
8494,38
8499,9
8504,3
8509,8
8514,2
8519,13
8524,1
8529,3
8534,2
8539,1
8544,1
8549,2
8554,11
8559,1
8564,5
8569,1
8574,3
8579,4
8584,1
8589,2
8594,1
8599,2
8604,18
8609,1
8614,7
8619,1
8624,1
8629,12
8634,1
8639,4
8644,1
8649,1
8654,1
8659,NA
8664,5
8669,1
8674,1
8679,1
8684,4
8689,1
8694,2
8699,2
8704,4
8709,1
8714,3
8719,3
8724,1
8729,1
8734,3
8739,2
8744,143
8749,1
8754,2
8759,NA
8764,10
8769,2
8774,1
8779,NA
8784,3
8789,2
8794,4
8799,2
8804,2
8809,1
8814,1
8819,4
8824,54
8829,NA
8834,11
8839,2
8844,481
8849,4
8854,2
8859,1
8864,280
8869,5
8874,5
8879,2
8884,6
8889,699
8894,1
8899,1
8904,7
8909,31
8914,1
8919,1
8924,2
8929,15
8934,4
8939,1
8944,2
8949,2
8954,2
8959,1
8964,11
8969,35
8974,3
8979,9
8984,1
8989,3
8994,1
8999,5
9004,1
9009,1
9014,1
9019,6
9024,1
9029,1
9034,2
9039,7
9044,3
9049,11
9054,2
9059,23
9064,12
9069,1
9074,4
9079,2
9084,2
9089,2
9094,77
9099,2
9104,3
9109,1
9114,5
9119,1
9124,2
9129,2
9134,2
9139,1
9144,34
9149,14
9154,5
9159,1
9164,1
9169,3
9174,1
9179,3
9184,8
9189,1
9194,111
9199,21
9204,9
9209,39
9214,5
9219,3
9224,1
9229,1
9234,7
9239,1
9244,65
9249,1
9254,1
9259,1
9264,14
9269,14
9274,3
9279,2
9284,3
9289,1
9294,8
9299,1
9304,1
9309,1
9314,1
9319,2
9324,1
9329,1
9334,110
9339,7
9344,45
9349,1
9354,6
9359,112
9364,3
9369,5
9374,2
9379,645
9384,1
9389,7
9394,1
9399,2
9404,1
9409,6
9414,1
9419,3
9424,1
9429,NA
9434,1
9439,32
9444,8
9449,1
9454,3
9459,6
9464,15
9469,2
9474,NA
9479,5
9484,5
9489,121
9494,4
9499,2
9504,4
9509,3
9514,1
9519,1
9524,3
9529,1
9534,1
9539,24
9544,1
9549,21
9554,2
9559,3
9564,1
9569,23
9574,28
9579,1
9584,1
9589,1
9594,2
9599,4
9604,2
9609,1
9614,1
9619,1
9624,NA
9629,2
9634,6
9639,37
9644,32
9649,2
9654,3
9659,2
9664,1
9669,17
9674,1
9679,1
9684,7
9689,3
9694,11
9699,1
9704,8
9709,1
9714,13
9719,150
9724,1
9729,1
9734,8
9739,2
9744,3
9749,2
9754,30
9759,3
9764,18
9769,2
9774,1
9779,6
9784,1
9789,1
9794,1
9799,2
9804,7
9809,37
9814,28
9819,1
9824,457
9829,1
9834,28
9839,1
9844,2
9849,1
9854,22
9859,1
9864,2
9869,5
9874,6
9879,2
9884,60
9889,4
9894,1
9899,1
9904,2
9909,5
9914,1
9919,2
9924,7
9929,18
9934,2
9939,21
9944,4
9949,6
9954,1
9959,1
9964,2
9969,1
9974,9
9979,3
9984,6
9989,2
9994,2
9999,1
10004,1
10009,2
10014,4
10019,2
10024,11
10029,1
10034,142
10039,1
10044,1
10049,1
10054,1
10059,188
10064,1
10069,20
10074,1
10079,3
10084,9
10089,2
10094,1
10099,64
10104,2
10109,1
10114,1
10119,11
10124,12
10129,1
10134,18
10139,1
10144,7
10149,1
10154,7
10159,11
10164,1
10169,8
10174,2
10179,2
10184,2
10189,12
10194,1
10199,5
10204,1
10209,4
10214,2
10219,1
10224,3
10229,7
10234,3
10239,1
10244,3
10249,1
10254,8
10259,1
10264,2
10269,1
10274,6
10279,8
10284,1
10289,5
10294,14
10299,1
10304,6
10309,2
10314,16
10319,20
10324,6
10329,10
10334,1
10339,1
10344,24
10349,2
10354,1
10359,14
10364,10
10369,4
10374,1
10379,21
10384,2
10389,5
10394,14
10399,4
10404,22
10409,37
10414,1
10419,4
10424,3
10429,7
10434,1
10439,1
10444,33
10449,11
10454,2
10459,1
10464,20
10469,1
10474,12
10479,1
10484,3
10489,1
10494,4
10499,2
10504,2
10509,1
10514,3
10519,1
10524,2
10529,2
10534,18
10539,4
10544,1
10549,5
10554,1
10559,4
10564,3
10569,2
10574,2
10579,6
10584,2
10589,4
10594,14
10599,1
10604,2
10609,4
10614,3
10619,2
10624,1
10629,2
10634,10
10639,172
10644,3
10649,2
10654,2
10659,1
10664,1
10669,4
10674,2
10679,2
10684,1
10689,2
10694,3
10699,1
10704,1
10709,23
10714,3
10719,4
10724,1
10729,1
10734,5
10739,8
10744,1
10749,4
10754,65
10759,1
10764,1
10769,4
10774,2
10779,3
10784,2
10789,4
10794,1
10799,24
10804,17
10809,139
10814,2
10819,2
10824,2
10829,9
10834,2
10839,2
10844,1
10849,1
10854,1
10859,13
10864,1
10869,1
10874,45
10879,3
10884,1
10889,1
10894,1
10899,4
10904,3
10909,2
10914,2
10919,1
10924,1
10929,2
10934,2
10939,2
10944,78
10949,2
10954,1
10959,6
10964,1
10969,3
10974,20
10979,1
10984,52
10989,18
10994,4
10999,1
11004,1
11009,1
11014,2
11019,2
11024,18
11029,25
11034,30
11039,3
11044,2
11049,251
11054,1
11059,1
11064,1
11069,3
11074,1
11079,3
11084,1
11089,1
11094,72
11099,2
11104,2
11109,6
11114,10
11119,1
11124,1
11129,1
11134,2
11139,1
11144,4
11149,3
11154,1
11159,1
11164,3
11169,3
11174,7
11179,2
11184,1
11189,3
11194,1
11199,1
11204,17
11209,28
11214,11
11219,7
11224,1
11229,3
11234,1
11239,6
11244,5
11249,16
11254,1
11259,81
11264,4
11269,1
11274,1
11279,1
11284,1
11289,1
11294,6
11299,2
11304,8
11309,10
11314,1
11319,17
11324,1
11329,18
11334,4
11339,2
11344,5
11349,2
11354,10
11359,6
11364,2
11369,1
11374,5
11379,1
11384,4
11389,1
11394,9
11399,7
11404,6
11409,2
11414,26
11419,4
11424,5
11429,NA
11434,1
11439,512
11444,1
11449,2
11454,3
11459,1
11464,3
11469,1
11474,1
11479,2
11484,1
11489,6
11494,4
11499,3
11504,56
11509,1
11514,6
11519,5
11524,5
11529,1
11534,1
11539,2
11544,2
11549,1
11554,6
11559,1
11564,6
11569,1
11574,139
11579,1
11584,2
11589,2
11594,4
11599,6
11604,54
11609,10
11614,1
11619,3
11624,1
11629,13
11634,1
11639,546
11644,2
11649,1
11654,1
11659,91
11664,2
11669,1
11674,2
11679,1
11684,27
11689,1
11694,4
11699,1
11704,177
11709,2
11714,2
11719,1
11724,8
11729,1
11734,15
11739,3
11744,1
11749,21
11754,1
11759,3
11764,397
11769,1
11774,1
11779,1
11784,2
11789,1
11794,3
11799,1
11804,3
11809,2
11814,3
11819,6
11824,13
11829,116
11834,24
11839,1
11844,7
11849,10
11854,156
11859,1
11864,48
11869,1
11874,1
11879,3
11884,1
11889,1
11894,2
11899,1
11904,3
11909,4
11914,1
11919,13
11924,16
11929,3
11934,6
11939,94
11944,77
11949,1
11954,1
11959,50
11964,1
11969,1
11974,2
11979,7
11984,1
11989,1
11994,12
11999,2
12004,8
12009,2
12014,2
12019,3
12024,1
12029,3
12034,1
12039,4
12044,4
12049,1
12054,3
12059,3
12064,1
12069,2
12074,8
12079,1
12084,1
12089,1
12094,NA
12099,18
12104,1
12109,1
12114,2
12119,17
12124,13
12129,21
12134,10
12139,2
12144,1
12149,1
12154,2
12159,1
12164,1
12169,2
12174,1
12179,9
12184,4
12189,1
12194,1
12199,1
12204,11
12209,12
12214,3
12219,1
12224,1
12229,4
12234,10
12239,1
12244,2
12249,1
12254,1
12259,1
12264,4
12269,2
12274,1
12279,3
12284,50
12289,210
12294,10
12299,1
12304,45
12309,1
12314,1
12319,1
12324,5
12329,6
12334,5
12339,59
12344,4
12349,8
12354,4
12359,1
12364,2
12369,2
12374,1
12379,1
12384,2
12389,1
12394,4
12399,14
12404,1
12409,3
12414,NA
12419,4
12424,1
12429,1
12434,2
12439,6
12444,1
12449,1
12454,5
12459,4
12464,15
12469,1
12474,1
12479,4
12484,1
12489,1
12494,8
12499,2
12504,7
12509,2
12514,16
12519,32
12524,3
12529,9
12534,1
12539,3
12544,1
12549,1
12554,4
12559,7
12564,2
12569,38
12574,4
12579,1
12584,12
12589,5
12594,2
12599,1
12604,1
12609,61
12614,21
12619,4
12624,3
12629,3
12634,1
12639,1
12644,1
12649,2
12654,1
12659,2
12664,1
12669,1
12674,4
12679,1
12684,2
12689,1
12694,4
12699,109
12704,1
12709,1
12714,8
12719,24
12724,14
12729,5
12734,3
12739,5
12744,7
12749,10
12754,2
12759,3
12764,4
12769,1
12774,1
12779,4
12784,19
12789,3
12794,1
12799,NA
12804,2
12809,7
12814,3
12819,10
12824,1
12829,4
12834,2
12839,13
12844,24
12849,18
12854,27
12859,2
12864,43
12869,1
12874,46
12879,2
12884,5
12889,134
12894,3
12899,1
12904,1
12909,1
12914,2
12919,3
12924,3
12929,3
12934,2
12939,1
12944,1
12949,2
12954,1
12959,1
12964,1
12969,2
12974,9
12979,1
12984,8
12989,3
12994,2
12999,1
13004,25
13009,1
13014,1
13019,8
13024,2
13029,1
13034,2
13039,6
13044,1
13049,32
13054,1
13059,2
13064,34
13069,4
13074,5
13079,1
13084,1
13089,2
13094,1
13099,56
13104,3
13109,1
13114,3
13119,4
13124,1
13129,NA
13134,6
13139,2
13144,6
13149,1
13154,4
13159,2
13164,9
13169,8
13174,8
13179,18
13184,3
13189,5
13194,1
13199,1
13204,7
13209,6
13214,1
13219,5
13224,9
13229,10
13234,1
13239,1
13244,122
13249,3
13254,4
13259,1
13264,NA
13269,1
13274,NA
13279,4
13284,4
13289,443
13294,1
13299,4
13304,1
13309,NA
13314,3
13319,2
13324,1
13329,16
13334,13
13339,1
13344,3
13349,12
13354,1
13359,16
13364,1
13369,1
13374,5
13379,21
13384,1
13389,52
13394,1
13399,1
13404,1
13409,1
13414,1
13419,1
13424,2
13429,1
13434,2
13439,12
13444,3
13449,1
13454,2
13459,3
13464,7
13469,2
13474,8
13479,1
13484,27
13489,4
13494,1
13499,15
13504,3
13509,50
13514,2
13519,13
13524,1
13529,1
13534,1
13539,4
13544,2
13549,2
13554,8
13559,1
13564,1
13569,3
13574,21
13579,1
13584,2
13589,3
13594,1
13599,1
13604,1
13609,4
13614,1
13619,1
13624,2
13629,2
13634,2
13639,2
13644,1
13649,1
13654,24
13659,1
13664,4
13669,6
13674,1
13679,22
13684,2
13689,1
13694,1
13699,2
13704,4
13709,5
13714,2
13719,7
13724,5
13729,154
13734,1
13739,1
13744,1
13749,1
13754,1
13759,2
13764,6
13769,4
13774,2
13779,5
13784,3
13789,2
13794,1
13799,7
13804,6
13809,1
13814,19
13819,1
13824,16
13829,20
13834,1
13839,2
13844,10
13849,15
13854,1
13859,6
13864,1
13869,1
13874,42
13879,20
13884,2
13889,1
13894,2
13899,1
13904,1
13909,4
13914,7
13919,3
13924,1
13929,1
13934,27
13939,3
13944,3
13949,8
13954,2
13959,2
13964,2
13969,7
13974,1
13979,1
13984,2
13989,1
13994,8
13999,4
14004,4
14009,5
14014,3
14019,2
14024,2
14029,1
14034,1
14039,1
14044,15
14049,19
14054,48
14059,3
14064,2
14069,1
14074,3
14079,1
14084,8
14089,17
14094,2
14099,1
14104,4
14109,3
14114,22
14119,1
14124,4
14129,33
14134,8
14139,2
14144,2
14149,2
14154,11
14159,3
14164,1
14169,5
14174,1
14179,2
14184,1
14189,1
14194,1
14199,1
14204,6
14209,9
14214,2
14219,3
14224,22
14229,1
14234,1
14239,6
14244,7
14249,7
14254,2
14259,1
14264,164
14269,2
14274,1
14279,3
14284,5
14289,11
14294,4
14299,NA
14304,1
14309,13
14314,4
14319,76
14324,2
14329,1
14334,1
14339,3
14344,1
14349,9
14354,3
14359,94
14364,1
14369,1
14374,1
14379,2
14384,23
14389,6
14394,28
14399,3
14404,5
14409,522
14414,3
14419,1
14424,7
14429,1
14434,48
14439,9
14444,1
14449,1
14454,1
14459,5
14464,2
14469,3
14474,1
14479,12
14484,1
14489,2
14494,1
14499,9
14504,2
14509,1
14514,3
14519,6
14524,2
14529,2
14534,3
14539,1
14544,102
14549,1
14554,42
14559,2
14564,21
14569,1
14574,1
14579,1
14584,10
14589,12
14594,2
14599,7
14604,1
14609,2
14614,1
14619,1
14624,1
14629,1
14634,21
14639,43
14644,1
14649,5
14654,2
14659,1
14664,4
14669,1
14674,27
14679,8
14684,2
14689,20
14694,3
14699,9
14704,2
14709,29
14714,1
14719,1
14724,1
14729,32
14734,2
14739,8
14744,1
14749,1
14754,2
14759,1
14764,2
14769,1
14774,15
14779,40
14784,11
14789,4
14794,1
14799,1
14804,15
14809,1
14814,2
14819,20
14824,1
14829,5
14834,2
14839,1
14844,1
14849,4
14854,1
14859,1
14864,2
14869,6
14874,2
14879,9
14884,8
14889,1
14894,8
14899,2
14904,2
14909,1
14914,1
14919,6
14924,1
14929,2
14934,329
14939,1
14944,1
14949,17
14954,1
14959,4
14964,342
14969,1
14974,3
14979,1
14984,27
14989,5
14994,2
14999,3
15004,1
15009,10
15014,1
15019,60
15024,1
15029,4
15034,4
15039,13
15044,5
15049,5
15054,3
15059,2
15064,3
15069,17
15074,3
15079,61
15084,1
15089,14
15094,7
15099,1
15104,1
15109,3
15114,22
15119,5
15124,87
15129,21
15134,1
15139,3
15144,1
15149,3
15154,4
15159,2
15164,20
15169,10
15174,19
15179,1
15184,3
15189,1
15194,2
15199,1
15204,2
15209,1
15214,1
15219,1
15224,20
15229,12
15234,2
15239,59
15244,4
15249,6
15254,11
15259,8
15264,3
15269,1
15274,5
15279,22
15284,5
15289,7
15294,2
15299,2
15304,1
15309,5
15314,18
15319,1
15324,3
15329,20
15334,5
15339,1
15344,3
15349,1
15354,1
15359,1
15364,1
15369,4
15374,1
15379,1
15384,1
15389,15
15394,11
15399,1
15404,1
15409,3
15414,7
15419,6
15424,2
15429,8
15434,1
15439,135
15444,1
15449,1
15454,NA
15459,1
15464,33
15469,1
15474,219
15479,5
15484,14
15489,1
15494,1
15499,3
15504,2
15509,2
15514,1
15519,3
15524,1
15529,1
15534,2
15539,3
15544,6
15549,1
15554,1
15559,1
15564,1
15569,1
15574,5
15579,5
15584,2
15589,4
15594,1
15599,2
15604,15
15609,8
15614,1
15619,6
15624,1
15629,2
15634,1
15639,124
15644,2
15649,6
15654,1
15659,6
15664,1
15669,3
15674,17
15679,1
15684,3
15689,8
15694,2
15699,4
15704,1
15709,5
15714,98
15719,1
15724,6
15729,298
15734,3
15739,1
15744,5
15749,2
15754,3
15759,1
15764,1
15769,1
15774,9
15779,8
15784,1
15789,9
15794,14
15799,1
15804,1
15809,8
15814,5
15819,15
15824,5
15829,5
15834,2
15839,3
15844,3
15849,4
15854,14
15859,1
15864,3
15869,1
15874,1
15879,1
15884,1
15889,4
15894,2
15899,74
15904,5
15909,11
15914,2
15919,3
15924,16
15929,1
15934,1
15939,4
15944,2
15949,2
15954,5
15959,4
15964,2
15969,1
15974,53
15979,6
15984,1
15989,1
15994,1
15999,1
16004,1
16009,2
16014,1
16019,1
16024,1
16029,19
16034,9
16039,12
16044,1
16049,2
16054,16
16059,4
16064,2
16069,2
16074,1
16079,4
16084,7
16089,3
16094,242
16099,5
16104,2
16109,1
16114,1
16119,4
16124,1
16129,3
16134,1
16139,3
16144,13
16149,2
16154,7
16159,1
16164,49
16169,3
16174,1
16179,3
16184,4
16189,4
16194,2
16199,3
16204,1
16209,2
16214,9
16219,1
16224,1
16229,1
16234,3
16239,23
16244,1
16249,4
16254,10
16259,4
16264,3
16269,2
16274,1
16279,1
16284,2
16289,7
16294,3
16299,6
16304,3
16309,90
16314,1
16319,3
16324,5
16329,1
16334,1
16339,1
16344,2
16349,6
16354,6
16359,27
16364,6
16369,76
16374,2
16379,4
16384,10
16389,3
16394,1
16399,1
16404,7
16409,60
16414,42
16419,1
16424,2
16429,2
16434,7
16439,7
16444,1
16449,1
16454,1
16459,1
16464,1
16469,2
16474,11
16479,1
16484,5
16489,1
16494,2
16499,1
16504,1
16509,13
16514,1
16519,20
16524,2
16529,1
16534,2
16539,3
16544,2
16549,1
16554,1
16559,2
16564,4
16569,2
16574,7
16579,165
16584,21
16589,1
16594,1
16599,9
16604,3
16609,3
16614,36
16619,1
16624,15
16629,1
16634,3
16639,1
16644,1
16649,1
16654,2
16659,15
16664,1
16669,4
16674,16
16679,2
16684,4
16689,20
16694,4
16699,1
16704,1
16709,30
16714,36
16719,2
16724,238
16729,2
16734,1
16739,2
16744,205
16749,1
16754,180
16759,2
16764,1
16769,2
16774,13
16779,4
16784,6
16789,1
16794,1
16799,2
16804,1
16809,1
16814,1
16819,110
16824,1
16829,1
16834,5
16839,1
16844,15
16849,1
16854,2
16859,3
16864,2
16869,5
16874,3
16879,2
16884,17
16889,1
16894,13
16899,2
16904,4
16909,2
16914,1
16919,2
16924,1
16929,1
16934,1
16939,1
16944,4
16949,35
16954,1
16959,360
16964,2
16969,1
16974,1
16979,3
16984,1
16989,3
16994,1
16999,4
17004,43
17009,8
17014,5
17019,8
17024,11
17029,2
17034,3
17039,14
17044,1
17049,3
17054,2
17059,1
17064,1
17069,1
17074,29
17079,203
17084,1
17089,30
17094,1
17099,1
17104,1
17109,1
17114,52
17119,1
17124,229
17129,2
17134,1
17139,1
17144,11
17149,2
17154,1
17159,236
17164,42
17169,1
17174,2
17179,4
17184,2
17189,39
17194,15
17199,5
17204,29
17209,5
17214,6
17219,7
17224,86
17229,12
17234,1
17239,4
17244,3
17249,1
17254,11
17259,1
17264,10
17269,1
17274,2
17279,2
17284,12
17289,32
17294,64
17299,1
17304,1
17309,3
17314,1
17319,1
17324,1
17329,20
17334,5
17339,99
17344,54
17349,43
17354,1
17359,121
17364,6
17369,9
17374,6
17379,17
17384,4
17389,1
17394,1
17399,1
17404,9
17409,1
17414,1
17419,2
17424,12
17429,3
17434,14
17439,1
17444,2
17449,1
17454,40
17459,3
17464,1
17469,2
17474,1
17479,1
17484,2
17489,1
17494,1
17499,4
17504,1
17509,5
17514,2
17519,1
17524,1
17529,3
17534,42
17539,9
17544,1
17549,5
17554,10
17559,1
17564,20
17569,3
17574,3
17579,1
17584,1
17589,1
17594,1
17599,3
17604,24
17609,8
17614,1
17619,1
17624,738
17629,13
17634,2
17639,3
17644,12
17649,1
17654,2
17659,696
17664,14
17669,14
17674,2
17679,4
17684,6
17689,7
17694,2
17699,1
17704,1
17709,4
17714,2
17719,2
17724,1
17729,36
17734,2
17739,18
17744,40
17749,1
17754,1
17759,1
17764,178
17769,1
17774,7
17779,1
17784,1
17789,2
17794,216
17799,6
17804,16
17809,172
17814,3
17819,3
17824,1
17829,9
17834,1
17839,1
17844,7
17849,1
17854,1
17859,3
17864,403
17869,1
17874,2
17879,30
17884,1
17889,1
17894,1
17899,5
17904,1
17909,3
17914,5
17919,17
17924,8
17929,4
17934,1
17939,2
17944,15
17949,9
17954,64
17959,3
17964,8
17969,6
17974,2
17979,6
17984,1
17989,2
17994,7
17999,1
18004,2
18009,13
18014,4
18019,1
18024,1
18029,1
18034,4
18039,3
18044,1
18049,3
18054,2
18059,2
18064,2
18069,1
18074,28
18079,45
18084,1
18089,2
18094,1
18099,4
18104,5
18109,2
18114,399
18119,NA
18124,1
18129,8
18134,2
18139,3
18144,1
18149,6
18154,2
18159,1
18164,3
18169,5
18174,3
18179,29
18184,29
18189,1
18194,32
18199,7
18204,3
18209,3
18214,1
18219,4
18224,2
18229,414
18234,3
18239,1
18244,1
18249,2
18254,4
18259,1
18264,13
18269,1
18274,8
18279,5
18284,7
18289,4
18294,1
18299,1
18304,3
18309,23
18314,2
18319,1
18324,1
18329,1
18334,76
18339,37
18344,9
18349,1
18354,2
18359,2
18364,1
18369,1
18374,1
18379,9
18384,2
18389,2
18394,NA
18399,3
18404,1
18409,1
18414,1
18419,6
18424,1
18429,5
18434,1
18439,1
18444,6
18449,2
18454,1
18459,1
18464,1
18469,1
18474,2
18479,3
18484,1
18489,4
18494,13
18499,11
18504,8
18509,9
18514,1
18519,3
18524,4
18529,4
18534,6
18539,1
18544,8
18549,1
18554,2
18559,7
18564,1
18569,2
18574,3
18579,1
18584,2
18589,4
18594,NA
18599,1
18604,1
18609,6
18614,2
18619,3
18624,1
18629,2
18634,2
18639,8
18644,4
18649,12
18654,1
18659,1
18664,1
18669,4
18674,1
18679,1
18684,1
18689,17
18694,1
18699,6
18704,2
18709,1
18714,1
18719,1
18724,3
18729,3
18734,3
18739,3
18744,1
18749,1
18754,7
18759,3
18764,3
18769,69
18774,1
18779,7
18784,5
18789,3
18794,10
18799,1
18804,1
18809,1
18814,3
18819,2
18824,1
18829,1
18834,2
18839,8
18844,6
18849,1
18854,6
18859,20
18864,2
18869,8
18874,25
18879,1
18884,1
18889,245
18894,14
18899,3
18904,1
18909,1
18914,1
18919,1
18924,2
18929,1
18934,5
18939,5
18944,2
18949,13
18954,2
18959,1
18964,74
18969,2
18974,1
18979,1
18984,6
18989,1
18994,15
18999,19
19004,1
19009,1
19014,1
19019,2
19024,1
19029,2
19034,8
19039,1
19044,1
19049,129
19054,27
19059,1
19064,2
19069,10
19074,5
19079,6
19084,6
19089,1
19094,8
19099,1
19104,5
19109,5
19114,1
19119,6
19124,2
19129,1
19134,95
19139,2
19144,2
19149,2
19154,40
19159,9
19164,42
19169,4
19174,23
19179,7
19184,2
19189,1
19194,2
19199,1
19204,75
19209,1
19214,1
19219,3
19224,30
19229,4
19234,12
19239,4
19244,45
19249,1
19254,1
19259,4
19264,2
19269,27
19274,3
19279,1
19284,17
19289,6
19294,3
19299,2
19304,23
19309,396
19314,1
19319,1
19324,4
19329,4
19334,8
19339,4
19344,1
19349,2
19354,3
19359,3
19364,1
19369,62
19374,316
19379,2
19384,2
19389,1
19394,1
19399,1
19404,1
19409,3
19414,2
19419,35
19424,3
19429,9
19434,2
19439,15
19444,1
19449,3
19454,1
19459,1
19464,1
19469,1
19474,19
19479,NA
19484,NA
19489,17
19494,3
19499,NA
19504,1
19509,1
19514,5
19519,4
19524,3
19529,2
19534,1
19539,3
19544,7
19549,47
19554,1
19559,NA
19564,1
19569,1
19574,4
19579,4
19584,3
19589,1
19594,4
19599,1
19604,2
19609,1
19614,95
19619,2
19624,20
19629,1
19634,3
19639,1
19644,3
19649,6
19654,2
19659,4
19664,9
19669,2
19674,2
19679,3
19684,57
19689,1
19694,1
19699,13
19704,2
19709,2
19714,108
19719,1
19724,1
19729,1
19734,1
19739,1
19744,2
19749,2
19754,1
19759,5
19764,1
19769,5
19774,1
19779,2
19784,1
19789,2
19794,2
19799,1
19804,2
19809,2
19814,4
19819,1
19824,2
19829,1
19834,4
19839,1
19844,1
19849,2
19854,1
19859,2
19864,11
19869,1
19874,2
19879,2
19884,1
19889,1
19894,NA
19899,1
19904,4
19909,1
19914,6
19919,3
19924,1
19929,2
19934,3
19939,98
19944,14
19949,2
19954,1
19959,208
19964,13
19969,2
19974,1
19979,12
19984,7
19989,4
19994,19
19999,2
20004,32
20009,13
20014,1
20019,1
20024,147
20029,6
20034,1
20039,1
20044,3
20049,4
20054,6
20059,3
20064,1
20069,3
20074,1
20079,3
20084,674
20089,4
20094,2
20099,4
20104,3
20109,8
20114,1
20119,1
20124,5
20129,6
20134,2
20139,1
20144,3
20149,7
20154,15
20159,14
20164,2
20169,1
20174,2
20179,46
20184,1
20189,12
20194,14
20199,8
20204,9
20209,3
20214,1
20219,6
20224,1
20229,4
20234,128
20239,11
20244,4
20249,1
20254,1
20259,6
20264,2
20269,5
20274,1
20279,11
20284,6
20289,2
20294,1
20299,2
20304,6
20309,1
20314,22
20319,15
20324,1
20329,5
20334,2
20339,1
20344,2
20349,1
20354,1
20359,1
20364,1
20369,2
20374,4
20379,461
20384,144
20389,2
20394,NA
20399,1
20404,2
20409,49
20414,1
20419,6
20424,2
20429,3
20434,4
20439,20
20444,12
20449,5
20454,10
20459,84
20464,1
20469,11
20474,5
20479,114
20484,5
20489,1
20494,1
20499,1
20504,1
20509,3
20514,39
20519,1
20524,15
20529,4
20534,1
20539,2
20544,4
20549,1
20554,3
20559,2
20564,2
20569,3
20574,2
20579,26
20584,1
20589,11
20594,2
20599,3
20604,25
20609,NA
20614,8
20619,5
20624,1
20629,2
20634,7
20639,1
20644,30
20649,2
20654,26
20659,1
20664,3
20669,4
20674,6
20679,16
20684,16
20689,1
20694,27
20699,1
20704,4
20709,13
20714,1
20719,11
20724,2
20729,1
20734,1
20739,1
20744,1
20749,12
20754,5
20759,4
20764,5
20769,7
20774,1
20779,1
20784,83
20789,4
20794,12
20799,1
20804,1
20809,1
20814,134
20819,4
20824,1
20829,6
20834,1
20839,1
20844,2
20849,2
20854,12
20859,5
20864,1
20869,34
20874,3
20879,3
20884,3
20889,2
20894,2
20899,1
20904,1
20909,7
20914,NA
20919,1
20924,9
20929,1
20934,3
20939,11
20944,1
20949,20
20954,1
20959,1
20964,2
20969,1
20974,4
20979,3
20984,6
20989,62
20994,1
20999,19
21004,1
21009,2
21014,6
21019,2
21024,2
21029,2
21034,85
21039,1
21044,2
21049,1
21054,2
21059,2
21064,3
21069,2
21074,1
21079,2
21084,47
21089,39
21094,1
21099,2
21104,1
21109,21
21114,4
21119,1
21124,55
21129,1
21134,18
21139,11
21144,2
21149,1
21154,3
21159,17
21164,8
21169,1
21174,17
21179,1
21184,1
21189,1
21194,300
21199,2
21204,1
21209,2
21214,2
21219,4
21224,2
21229,1
21234,2
21239,2
21244,1
21249,1
21254,257
21259,1
21264,2
21269,57
21274,6
21279,3
21284,1
21289,63
21294,1
21299,1
21304,15
21309,13
21314,4
21319,2
21324,1
21329,12
21334,2
21339,1
21344,7
21349,1
21354,1
21359,1
21364,37
21369,NA
21374,3
21379,1
21384,1
21389,1
21394,1
21399,2
21404,19
21409,1
21414,1
21419,3
21424,3
21429,21
21434,3
21439,3
21444,1
21449,4
21454,3
21459,2
21464,12
21469,2
21474,7
21479,1
21484,4
21489,1
21494,3
21499,14
21504,1
21509,1
21514,1
21519,9
21524,7
21529,3
21534,4
21539,1
21544,7
21549,8
21554,1
21559,1
21564,2
21569,1
21574,3
21579,1
21584,169
21589,5
21594,6
21599,33
21604,2
21609,2
21614,2
21619,3
21624,2
21629,3
21634,4
21639,3
21644,1
21649,1
21654,8
21659,5
21664,1
21669,12
21674,5
21679,NA
21684,4
21689,4
21694,NA
21699,1
21704,2
21709,2
21714,3
21719,3
21724,32
21729,12
21734,4
21739,1
21744,9
21749,2
21754,1
21759,5
21764,1
21769,1
21774,1
21779,1
21784,1
21789,39
21794,8
21799,11
21804,3
21809,1
21814,1
21819,1
21824,3
21829,2
21834,2
21839,23
21844,1
21849,1
21854,1
21859,215
21864,1
21869,1
21874,2
21879,3
21884,7
21889,2
21894,1
21899,2
21904,1
21909,1
21914,2
21919,4
21924,7
21929,1
21934,2
21939,3
21944,4
21949,1
21954,3
21959,2
21964,2
21969,14
21974,1
21979,4
21984,11
21989,1
21994,5
21999,NA
22004,4
22009,1
22014,1
22019,2
22024,9
22029,6
22034,1
22039,1
22044,2
22049,1
22054,1
22059,2
22064,5
22069,108
22074,1
22079,4
22084,5
22089,47
22094,1
22099,346
22104,1
22109,46
22114,1
22119,2
22124,8
22129,12
22134,4
22139,1
22144,1
22149,665
22154,18
22159,4
22164,1
22169,31
22174,2
22179,5
22184,60
22189,14
22194,3
22199,130
22204,1
22209,1
22214,5
22219,6
22224,803
22229,1
22234,1
22239,4
22244,3
22249,14
22254,5
22259,2
22264,1
22269,2
22274,1
22279,3
22284,6
22289,10
22294,1
22299,3
22304,14
22309,3
22314,1
22319,1
22324,20
22329,1
22334,5
22339,1
22344,26
22349,17
22354,3
22359,1
22364,97
22369,2
22374,3
22379,11
22384,14
22389,2
22394,13
22399,2
22404,84
22409,35
22414,4
22419,1
22424,1
22429,6
22434,1
22439,1
22444,1
22449,1
22454,2
22459,37
22464,2
22469,9
22474,2
22479,7
22484,3
22489,1
22494,7
22499,1
22504,1
22509,16
22514,10
22519,4
22524,3
22529,5
22534,1
22539,2
22544,1
22549,1
22554,10
22559,4
22564,6
22569,2
22574,2
22579,1
22584,1
22589,1
22594,1
22599,1
22604,2
22609,1
22614,3
22619,7
22624,10
22629,3
22634,5
22639,2
22644,5
22649,4
22654,1
22659,2
22664,1
22669,210
22674,1
22679,4
22684,173
22689,571
22694,2
22699,2
22704,10
22709,5
22714,2
22719,1
22724,2
22729,21
22734,12
22739,2
22744,11
22749,35
22754,436
22759,1
22764,3
22769,8
22774,1
22779,1
22784,1
22789,1
22794,2
22799,5
22804,3
22809,211
22814,1
22819,564
22824,17
22829,2
22834,1
22839,5
22844,1
22849,599
22854,1
22859,5
22864,2
22869,1
22874,1
22879,1
22884,1
22889,4
22894,3
22899,14
22904,5
22909,1
22914,19
22919,1
22924,2
22929,3
22934,1
22939,1
22944,14
22949,1
22954,1
22959,15
22964,1
22969,1
22974,2
22979,9
22984,1
22989,3
22994,6
22999,2
23004,1
23009,4
23014,3
23019,1
23024,1
23029,1
23034,2
23039,2
23044,3
23049,1
23054,10
23059,5
23064,2
23069,2
23074,1
23079,3
23084,2
23089,1
23094,4
23099,8
23104,1
23109,3
23114,2
23119,2
23124,2
23129,1
23134,3
23139,5
23144,1
23149,9
23154,1
23159,2
23164,1
23169,1
23174,1
23179,8
23184,5
23189,2
23194,6
23199,1
23204,4
23209,6
23214,1
23219,1
23224,3
23229,2
23234,3
23239,3
23244,1
23249,78
23254,9
23259,2
23264,2
23269,32
23274,55
23279,1
23284,7
23289,5
23294,5
23299,1
23304,5
23309,1
23314,1
23319,2
23324,5
23329,1
23334,113
23339,4
23344,4
23349,1
23354,1
23359,1
23364,1
23369,52
23374,1
23379,6
23384,3
23389,3
23394,1
23399,2
23404,6
23409,2
23414,1
23419,2
23424,1
23429,6
23434,1
23439,3
23444,2
23449,2
23454,27
23459,5
23464,2
23469,46
23474,2
23479,6
23484,4
23489,4
23494,1
23499,1
23504,5
23509,2
23514,6
23519,2
23524,13
23529,1
23534,4
23539,1
23544,18
23549,1
23554,10
23559,39
23564,2
23569,25
23574,13
23579,5
23584,6
23589,3
23594,1
23599,34
23604,1
23609,3
23614,1
23619,9
23624,1
23629,1
23634,1
23639,1
23644,5
23649,1
23654,1
23659,2
23664,3
23669,14
23674,12
23679,3
23684,3
23689,1
23694,2
23699,2
23704,2
23709,8
23714,1
23719,61
23724,1
23729,3
23734,13
23739,5
23744,2
23749,4
23754,3
23759,1
23764,1
23769,3
23774,3
23779,1
23784,2
23789,38
23794,10
23799,2
23804,2
23809,6
23814,2
23819,1
23824,29
23829,16
23834,25
23839,15
23844,8
23849,1
23854,2
23859,1
23864,6
23869,69
23874,15
23879,1
23884,4
23889,7
23894,20
23899,21
23904,2
23909,3
23914,3
23919,1
23924,1
23929,1
23934,12
23939,8
23944,1
23949,2
23954,1
23959,36
23964,1
23969,8
23974,1
23979,4
23984,1
23989,16
23994,1
23999,11
24004,108
24009,205
24014,2
24019,2
24024,1
24029,1
24034,81
24039,5
24044,1
24049,2
24054,6
24059,8
24064,1
24069,1
24074,1
24079,1
24084,2
24089,1
24094,2
24099,8
24104,1
24109,2
24114,29
24119,NA
24124,1
24129,5
24134,1
24139,1
24144,1
24149,1
24154,4
24159,2
24164,20
24169,5
24174,23
24179,2
24184,1
24189,2
24194,2
24199,1
24204,2
24209,31
24214,1
24219,4
24224,5
24229,15
24234,4
24239,1
24244,5
24249,1
24254,16
24259,5
24264,1
24269,12
24274,4
24279,2
24284,1
24289,1
24294,17
24299,111
24304,5
24309,11
24314,1
24319,718
24324,2
24329,407
24334,38
24339,31
24344,1
24349,1
24354,2
24359,2
24364,11
24369,4
24374,26
24379,3
24384,1
24389,73
24394,1
24399,1
24404,1
24409,1
24414,1
24419,102
24424,2
24429,5
24434,8
24439,5
24444,7
24449,16
24454,4
24459,1
24464,4
24469,5
24474,2
24479,1
24484,1
24489,32
24494,1
24499,2
24504,53
24509,27
24514,8
24519,1
24524,1
24529,1
24534,1
24539,2
24544,1
24549,1
24554,5
24559,11
24564,2
24569,1
24574,1
24579,1
24584,6
24589,2
24594,5
24599,1
24604,2
24609,13
24614,9
24619,11
24624,1
24629,17
24634,1
24639,4
24644,1
24649,1
24654,5
24659,166
24664,2
24669,6
24674,6
24679,3
24684,2
24689,29
24694,24
24699,4
24704,9
24709,5
24714,1
24719,3
24724,9
24729,1
24734,17
24739,1
24744,3
24749,12
24754,2
24759,9
24764,NA
24769,4
24774,2
24779,20
24784,3
24789,1
24794,1
24799,1
24804,4
24809,1
24814,11
24819,4
24824,1
24829,8
24834,186
24839,1
24844,3
24849,4
24854,56
24859,28
24864,3
24869,39
24874,1
24879,5
24884,2
24889,5
24894,1
24899,6
24904,2
24909,6
24914,8
24919,2
24924,1
24929,2
24934,2
24939,122
24944,5
24949,1
24954,1
24959,4
24964,4
24969,23
24974,3
24979,12
24984,11
24989,1
24994,18
24999,9
25004,1
25009,6
25014,1
25019,3
25024,4
25029,133
25034,11
25039,7
25044,237
25049,2
25054,1
25059,1
25064,1
25069,1
25074,2
25079,1
25084,1
25089,44
25094,9
25099,1
25104,5
25109,1
25114,2
25119,2
25124,2
25129,10
25134,1
25139,2
25144,1
25149,1
25154,4
25159,3
25164,5
25169,3
25174,20
25179,1
25184,2
25189,2
25194,2
25199,55
25204,96
25209,1
25214,4
25219,1
25224,39
25229,3
25234,4
25239,1
25244,1
25249,10
25254,35
25259,8
25264,1
25269,2
25274,4
25279,4
25284,1
25289,1
25294,1
25299,1
25304,4
25309,1
25314,7
25319,6
25324,2
25329,5
25334,405
25339,5
25344,1
25349,22
25354,6
25359,2
25364,4
25369,1
25374,1
25379,33
25384,1
25389,4
25394,6
25399,NA
25404,5
25409,1
25414,2
25419,3
25424,4
25429,4
25434,4
25439,21
25444,46
25449,8
25454,1
25459,3
25464,2
25469,1
25474,1
25479,1
25484,1
25489,2
25494,4
25499,1
25504,1
25509,71
25514,1
25519,2
25524,3
25529,12
25534,1
25539,1
25544,8
25549,1
25554,1
25559,2
25564,2
25569,3
25574,13
25579,28
25584,1
25589,1
25594,896
25599,123
25604,470
25609,1
25614,6
25619,1
25624,NA
25629,1
25634,5
25639,1
25644,5
25649,10
25654,10
25659,5
25664,5
25669,1
25674,2
25679,1
25684,4
25689,1
25694,1
25699,11
25704,1
25709,2
25714,39
25719,1
25724,6
25729,1
25734,3
25739,NA
25744,76
25749,5
25754,1
25759,5
25764,4
25769,1
25774,1
25779,1
25784,40
25789,87
25794,3
25799,1
25804,1
25809,1
25814,4
25819,4
25824,3
25829,2
25834,1
25839,1
25844,3
25849,1
25854,27
25859,1
25864,11
25869,2
25874,28
25879,11
25884,2
25889,17
25894,6
25899,1
25904,142
25909,4
25914,1
25919,15
25924,1
25929,2
25934,1
25939,403
25944,1
25949,1
25954,2
25959,1
25964,1
25969,2
25974,7
25979,1
25984,5
25989,1
25994,2
25999,2
26004,1
26009,4
26014,2
26019,12
26024,172
26029,4
26034,9
26039,9
26044,6
26049,6
26054,1
26059,1
26064,2
26069,1
26074,1
26079,4
26084,2
26089,2
26094,4
26099,3
26104,17
26109,1
26114,356
26119,1
26124,3
26129,2
26134,3
26139,1
26144,2
26149,3
26154,96
26159,6
26164,1
26169,5
26174,6
26179,3
26184,3
26189,1
26194,37
26199,4
26204,9
26209,13
26214,1
26219,1
26224,1
26229,13
26234,1
26239,94
26244,14
26249,1
26254,2
26259,4
26264,3
26269,2
26274,1
26279,1
26284,1
26289,1
26294,8
26299,1
26304,2
26309,17
26314,2
26319,1
26324,2
26329,3
26334,2
26339,3
26344,1
26349,31
26354,1
26359,20
26364,95
26369,2
26374,NA
26379,2
26384,7
26389,4
26394,3
26399,1
26404,1
26409,1
26414,1
26419,7
26424,3
26429,4
26434,2
26439,6
26444,3
26449,1
26454,76
26459,312
26464,6
26469,1
26474,4
26479,5
26484,40
26489,4
26494,1
26499,1
26504,111
26509,2
26514,1
26519,2
26524,3
26529,1
26534,87
26539,6
26544,36
26549,2
26554,3
26559,1
26564,1
26569,2
26574,4
26579,1
26584,5
26589,9
26594,6
26599,1
26604,2
26609,5
26614,1
26619,2
26624,16
26629,2
26634,3
26639,1
26644,45
26649,4
26654,1
26659,3
26664,1
26669,1
26674,1
26679,1
26684,12
26689,58
26694,7
26699,255
26704,4
26709,2
26714,1
26719,4
26724,4
26729,8
26734,7
26739,4
26744,6
26749,7
26754,7
26759,4
26764,5
26769,22
26774,5
26779,1
26784,1
26789,1
26794,3
26799,2
26804,2
26809,73
26814,1
26819,1
26824,1
26829,2
26834,1
26839,2
26844,1
26849,1
26854,1
26859,5
26864,3
26869,76
26874,3
26879,2
26884,3
26889,7
26894,3
26899,1
26904,17
26909,2
26914,546
26919,2
26924,1
26929,1
26934,5
26939,2
26944,1
26949,3
26954,9
26959,51
26964,4
26969,31
26974,5
26979,3
26984,4
26989,1
26994,1
26999,2
27004,2
27009,47
27014,3
27019,1
27024,9
27029,2
27034,1
27039,5
27044,18
27049,1
27054,76
27059,4
27064,51
27069,19
27074,1
27079,4
27084,3
27089,123
27094,3
27099,3
27104,1
27109,10
27114,1
27119,2
27124,8
27129,1
27134,1
27139,2
27144,4
27149,2
27154,2
27159,1
27164,8
27169,2
27174,7
27179,NA
27184,10
27189,4
27194,4
27199,41
27204,1
27209,5
27214,1
27219,66
27224,1
27229,12
27234,2
27239,1
27244,4
27249,9
27254,1
27259,32
27264,2
27269,1
27274,5
27279,1
27284,3
27289,1
27294,1
27299,1
27304,163
27309,1
27314,9
27319,2
27324,1
27329,7
27334,9
27339,27
27344,2
27349,18
27354,1
27359,3
27364,103
27369,1
27374,8
27379,1
27384,6
27389,8
27394,10
27399,13
27404,5
27409,2
27414,2
27419,5
27424,2
27429,25
27434,1
27439,1
27444,1
27449,2
27454,1
27459,3
27464,5
27469,5
27474,1
27479,8
27484,2
27489,3
27494,2
27499,3
27504,3
27509,2
27514,1
27519,2
27524,9
27529,1
27534,62
27539,8
27544,8
27549,3
27554,1
27559,1
27564,112
27569,3
27574,4
27579,5
27584,1
27589,1
27594,1
27599,4
27604,1
27609,2
27614,1
27619,1
27624,17
27629,37
27634,3
27639,1
27644,1
27649,3
27654,5
27659,3
27664,1
27669,1
27674,186
27679,1
27684,1
27689,64
27694,4
27699,2
27704,2
27709,645
27714,1
27719,7
27724,1
27729,3
27734,15
27739,59
27744,3
27749,14
27754,1
27759,1
27764,3
27769,8
27774,1
27779,5
27784,2
27789,128
27794,6
27799,8
27804,20
27809,3
27814,16
27819,4
27824,3
27829,1
27834,1
27839,40
27844,1
27849,4
27854,3
27859,4
27864,1
27869,6
27874,1
27879,1
27884,NA
27889,1
27894,134
27899,1
27904,9
27909,3
27914,21
27919,1
27924,2
27929,2
27934,6
27939,11
27944,1
27949,1
27954,1
27959,1
27964,3
27969,1
27974,1
27979,3
27984,1
27989,11
27994,8
27999,5
28004,2
28009,1
28014,2
28019,10
28024,1
28029,2
28034,113
28039,4
28044,1
28049,2
28054,1
28059,9
28064,5
28069,12
28074,10
28079,13
28084,1
28089,3
28094,1
28099,1
28104,1
28109,1
28114,1
28119,1
28124,1
28129,2
28134,10
28139,3
28144,5
28149,1
28154,5
28159,1
28164,3
28169,4
28174,3
28179,4
28184,7
28189,125
28194,107
28199,1
28204,3
28209,1
28214,21
28219,2
28224,90
28229,1
28234,1
28239,12
28244,1
28249,3
28254,17
28259,2
28264,4
28269,7
28274,1
28279,1
28284,6
28289,1
28294,3
28299,11
28304,1
28309,106
28314,3
28319,3
28324,21
28329,1
28334,5
28339,1
28344,180
28349,30
28354,1
28359,58
28364,1
28369,13
28374,NA
28379,1
28384,43
28389,2
28394,2
28399,4
28404,4
28409,3
28414,1
28419,10
28424,1
28429,1
28434,2
28439,1
28444,1
28449,30
28454,14
28459,2
28464,1
28469,1
28474,1
28479,2
28484,1
28489,1
28494,1
28499,49
28504,9
28509,1
28514,3
28519,56
28524,2
28529,1
28534,1
28539,1
28544,4
28549,2
28554,2
28559,2
28564,1
28569,3
28574,1
28579,8
28584,2
28589,2
28594,1
28599,1
28604,6
28609,1
28614,3
28619,1
28624,27
28629,1
28634,1
28639,1
28644,2
28649,2
28654,38
28659,2
28664,1
28669,1
28674,2
28679,65
28684,3
28689,1
28694,1
28699,2
28704,6
28709,1
28714,9
28719,2
28724,5
28729,NA
28734,63
28739,9
28744,9
28749,1
28754,1
28759,4
28764,1
28769,3
28774,1
28779,2
28784,1
28789,2
28794,13
28799,45
28804,1
28809,23
28814,8
28819,7
28824,25
28829,3
28834,2
28839,4
28844,30
28849,1
28854,1
28859,1
28864,3
28869,1
28874,4
28879,69
28884,1
28889,1
28894,1
28899,2
28904,1
28909,15
28914,8
28919,2
28924,1
28929,12
28934,25
28939,24
28944,1
28949,1
28954,2
28959,3
28964,5
28969,3
28974,314
28979,2
28984,1
28989,307
28994,7
28999,1
29004,1
29009,4
29014,211
29019,3
29024,3
29029,1
29034,2
29039,24
29044,1
29049,1
29054,7
29059,1
29064,2
29069,31
29074,6
29079,3
29084,2
29089,2
29094,1
29099,4
29104,8
29109,2
29114,11
29119,89
29124,25
29129,2
29134,1
29139,1
29144,1
29149,7
29154,2
29159,1
29164,1
29169,86
29174,10
29179,1
29184,4
29189,136
29194,1
29199,1
29204,48
29209,3
29214,4
29219,4
29224,1
29229,9
29234,21
29239,1
29244,13
29249,1
29254,24
29259,1
29264,2
29269,4
29274,1
29279,4
29284,4
29289,1
29294,22
29299,5
29304,2
29309,23
29314,1
29319,1
29324,1
29329,91
29334,1
29339,3
29344,1
29349,1
29354,2
29359,1
29364,14
29369,1
29374,2
29379,1
29384,1
29389,1
29394,10
29399,1
29404,4
29409,5
29414,1
29419,46
29424,3
29429,5
29434,5
29439,2
29444,7
29449,3
29454,1
29459,8
29464,7
29469,1
29474,1
29479,7
29484,3
29489,1
29494,2
29499,35
29504,4
29509,74
29514,10
29519,13
29524,6
29529,11
29534,8
29539,2
29544,2
29549,1
29554,1
29559,2
29564,1
29569,4
29574,1
29579,1
29584,1
29589,4
29594,3
29599,32
29604,3
29609,6
29614,3
29619,5
29624,3
29629,485
29634,1
29639,1
29644,3
29649,3
29654,3
29659,1
29664,4
29669,13
29674,4
29679,11
29684,2
29689,5
29694,2
29699,8
29704,1
29709,7
29714,4
29719,2
29724,12
29729,1
29734,1
29739,1
29744,2
29749,5
29754,3
29759,1
29764,2
29769,1
29774,1
29779,4
29784,5
29789,7
29794,1
29799,48
29804,1
29809,47
29814,23
29819,2
29824,5
29829,1
29834,50
29839,1
29844,11
29849,1
29854,2
29859,1
29864,2
29869,1
29874,1
29879,3
29884,2
29889,2
29894,1
29899,64
29904,6
29909,1
29914,2
29919,1
29924,5
29929,1
29934,1
29939,1
29944,2
29949,3
29954,2
29959,1
29964,2
29969,4
29974,2
29979,15
29984,1
29989,2
29994,54
29999,24
