1,2
2,4
3,1
4,1
5,1
6,1
7,2
8,2
9,7
10,2
11,1
12,3
13,1
14,9
15,1
16,3
17,2
18,1
19,1
20,9
21,27
22,18
23,2
24,24
25,27
26,1
27,2
28,1
29,1
30,3
31,10
32,12
33,4
34,3
35,1
36,1
37,4
38,1
39,15
40,1
41,1
42,4
43,2
44,4
45,1
46,1
47,2
48,1
49,1
50,1
51,1
52,51
53,2
54,3
55,1
56,1
57,2
58,1
59,1
60,2
61,3
62,2
63,1
64,7
65,1
66,1
67,12
68,20
69,1
70,8
71,5
72,7
73,8
74,3
75,5
76,3
77,23
78,21
79,3
80,1
81,1
82,26
83,57
84,4
85,1
86,2
87,6
88,2
89,1
90,12
91,2
92,3
93,1
94,1
95,495
96,1
97,2
98,1
99,12
100,1
101,1
102,2
103,1
104,1
105,2
106,2
107,3
108,2
109,4
110,3
111,1
112,7
113,1
114,1
115,2
116,1
117,4
118,1
119,3
120,6
121,7
122,4
123,2
124,9
125,4
126,10
127,4
128,26
129,3
130,4
131,1
132,160
133,2
134,1
135,1
136,1
137,2
138,2
139,1
140,1
141,22
142,8
143,1
144,49
145,2
146,2
147,3
148,1
149,1
150,161
151,6
152,3
153,1
154,616
155,11
156,1
157,159
158,24
159,1
160,83
161,1
162,3
163,668
164,3
165,1
166,22
167,18
168,5
169,3
170,2
171,1
172,2
173,1
174,652
175,25
176,13
177,208
178,2
179,15
180,5
181,1
182,7
183,2
184,4
185,5
186,1
187,8
188,1
189,3
190,2
191,3
192,10
193,1
194,1
195,1
196,3
197,3
198,1
199,1
200,1
201,114
202,3
203,78
204,4
205,8
206,2
207,12
208,2
209,1
210,1
211,1
212,4
213,5
214,11
215,0
216,10
217,2
218,2
219,1
220,1
221,1
222,318
223,2
224,1
225,13
226,1
227,2
228,48
229,19
230,1
231,5
232,12
233,1
234,1
235,1
236,26
237,2
238,4
239,5
240,7
241,159
242,6
243,1
244,1
245,11
246,1
247,28
248,2
249,3
250,2
251,349
252,16
253,1
254,1
255,11
256,0
257,3
258,1
259,5
260,2
261,2
262,2
263,1
264,8
265,46
266,1
267,14
268,1358
269,15
270,6
271,2
272,4
273,8
274,1
275,1
276,1
277,2
278,1
279,3
280,61
281,1738
282,2
283,136
284,3
285,1
286,11
287,323
288,1
289,5
290,4
291,1
292,4
293,8
294,83
295,14
296,3
297,6
298,88
299,7
300,2
301,3
302,6
303,1
304,0
305,1
306,3
307,2
308,12
309,4
310,3
311,1
312,18
313,2
314,1
315,1
316,2
317,2
318,4
319,1
320,2
321,1
322,2
323,1
324,1
325,1
326,1
327,34
328,4
329,36
330,1
331,2
332,4
333,292
334,1
335,2
336,1
337,16
338,1
339,3
340,227
341,5
342,2
343,1
344,1
345,1
346,0
347,4
348,1
349,3
350,704
351,6
352,2
353,24
354,1
355,6
356,81
357,31
358,21
359,16
360,1
361,5
362,6
363,4
364,1
365,1
366,1
367,0
368,2
369,5
370,1
371,1
372,3
373,1
374,1
375,3
376,9
377,12
378,293
379,1
380,1
381,2
382,60
383,2
384,13
385,2
386,1
387,4
388,1
389,1
390,1
391,1
392,2
393,1
394,5
395,2
396,5
397,19
398,2
399,1
400,1
401,3
402,16
403,722
404,1
405,7
406,1
407,2
408,1
409,1
410,1
411,3
412,2
413,100
414,1
415,20
416,5
417,1891
418,4
419,1
420,24
421,2
422,6
423,1
424,4
425,5
426,2
427,30
428,1
429,5
430,2
431,26
432,35
433,4
434,1
435,41
436,6
437,3
438,2
439,20
440,1
441,1
442,23
443,1
444,51
445,22
446,22
447,4
448,0
449,20
450,156
451,439
452,4
453,1
454,1
455,1
456,2
457,14
458,1
459,1
460,184
461,1
462,18
463,418
464,5
465,1
466,134
467,496
468,1
469,7
470,5
471,818
472,3
473,1
474,3
475,2
476,35
477,3
478,1
479,1
480,1
481,37
482,2
483,1
484,3
485,2
486,9
487,2
488,1
489,3
490,6
491,1
492,2
493,33
494,5
495,1
496,1
497,8
498,1
499,24
500,1
501,2
502,24
503,6
504,4
505,1
506,1
507,1502
508,33
509,4
510,1
511,6
512,2
513,2
514,1
515,68
516,1
517,78
518,4
519,1
520,2
521,58
522,8
523,1
524,1
525,1
526,174
527,6
528,14
529,23
530,1
531,846
532,16
533,2
534,1
535,1
536,154
537,15
538,68
539,9
540,2
541,1762
542,31
543,1
544,3
545,33
546,6
547,2
548,2
549,3
550,8
551,1
552,2
553,1
554,8
555,1
556,66
557,52
558,8
559,7
560,3
561,10
562,4
563,2
564,1
565,6
566,3
567,2
568,1
569,1
570,4
571,57
572,8
573,2
574,32
575,1
576,1
577,0
578,6
579,1
580,0
581,2
582,19
583,26
584,7
585,1
586,1
587,546
588,6
589,1
590,2
591,2
592,2
593,14
594,1
595,0
596,1
597,1895
598,1
599,1
600,1
601,14
602,2
603,13
604,7
605,4
606,2
607,72
608,1
609,8
610,248
611,75
612,39
613,1
614,4
615,1
616,1
617,19
618,1
619,24
620,3
621,35
622,50
623,1
624,3
625,97
626,1
627,6
628,12
629,5
630,1
631,1
632,6
633,1
634,1
635,1
636,0
637,3
638,2
639,3
640,1
641,6
642,4
643,1
644,1
645,3
646,2
647,7
648,80
649,8
650,1
651,5
652,235
653,1
654,13
655,20
656,7
657,2
658,2
659,1
660,2
661,1
662,3
663,1
664,3
665,1
666,1
667,2
668,412
669,4
670,1
671,114
672,3
673,12
674,4
675,51
676,1
677,2
678,1
679,3
680,4
681,1
682,3
683,6
684,3
685,2
686,1
687,2
688,1
689,8
690,7
691,0
692,2
693,1
694,0
695,1
696,1
697,10
698,2
699,1
700,2
701,1
702,2
703,2
704,3
705,2
706,3
707,4
708,1
709,68
710,4
711,1
712,8
713,2
714,7
715,1
716,1
717,16
718,2
719,1
720,157
721,1
722,2
723,10
724,3
725,222
726,6
727,183
728,4
729,1
730,1
731,1
732,7
733,1
734,1
735,3
736,18
737,2
738,12
739,1
740,1
741,14
742,6
743,2
744,4
745,20
746,0
747,3
748,1
749,568
750,2
751,1
752,8
753,1
754,3
755,7
756,15
757,2
758,9
759,1
760,1
761,3
762,6
763,20
764,3
765,2
766,5
767,7
768,5
769,15
770,3
771,1
772,2
773,5
774,5
775,20
776,1
777,3
778,1
779,7
780,4
781,3
782,16
783,1
784,1
785,1
786,2
787,18
788,6
789,4
790,53
791,2
792,3
793,2
794,1
795,1
796,9
797,11
798,22
799,3
800,1
801,0
802,46
803,1
804,17
805,7
806,1
807,91
808,1310
809,4
810,6
811,1
812,3
813,1
814,3
815,1
816,1
817,6
818,1
819,7
820,1
821,1
822,4
823,30
824,1
825,1
826,2
827,2
828,2
829,1
830,1
831,0
832,559
833,2
834,25
835,3
836,1
837,2
838,1
839,1
840,3
841,1
842,7
843,12
844,9
845,3
846,1
847,2
848,1
849,1
850,6
851,34
852,2
853,2
854,12
855,1
856,673
857,3
858,26
859,3
860,16
861,6
862,455
863,10
864,5
865,115
866,3
867,2
868,1
869,3
870,4
871,2
872,2
873,6
874,1
875,1
876,1
877,10
878,20
879,4
880,3
881,2
882,6
883,121
884,4
885,2
886,3
887,14
888,10
889,5
890,2
891,178
892,2
893,2
894,29
895,1195
896,1
897,6
898,0
899,1
900,9
901,1
902,38
903,92
904,129
905,187
906,1
907,2
908,242
909,5
910,1
911,3
912,6
913,9
914,1
915,5
916,6
917,4
918,6
919,1
920,2
921,2
922,99
923,1
924,1
925,78
926,3
927,12
928,10
929,1
930,1
931,22
932,2
933,17
934,0
935,3
936,2
937,227
938,4
939,1
940,51
941,1
942,2
943,36
944,3
945,2
946,5
947,4
948,5
949,1
950,15
951,13
952,2
953,1
954,5
955,35
956,7
957,75
958,6
959,1
960,1
961,9
962,2
963,2
964,4
965,2
966,2
967,0
968,1
969,9
970,3
971,11
972,4
973,10
974,1
975,1
976,13
977,4
978,37
979,21
980,6
981,1
982,2
983,46
984,3
985,1
986,7
987,4
988,114
989,23
990,1
991,1
992,14
993,2
994,1
995,2
996,22
997,2
998,1
999,8
1000,1
1001,1
1002,2
1003,1
1004,7
1005,3
1006,2
1007,7
1008,1
1009,4
1010,59
1011,1
1012,78
1013,296
1014,11
1015,0
1016,1
1017,8
1018,1
1019,233
1020,1
1021,13
1022,2
1023,2
1024,21
1025,43
1026,1
1027,8
1028,5
1029,9
1030,37
1031,2
1032,118
1033,2
1034,4
1035,3
1036,1
1037,2
1038,1
1039,1
1040,4
1041,1
1042,14
1043,2
1044,1
1045,4
1046,1
1047,2
1048,0
1049,1
1050,1
1051,417
1052,0
1053,4
1054,5
1055,1
1056,2
1057,3
1058,1
1059,31
1060,24
1061,43
1062,34
1063,2
1064,3
1065,3
1066,3
1067,399
1068,34
1069,9
1070,1
1071,1
1072,2
1073,1
1074,67
1075,3
1076,3
1077,18
1078,48
1079,1
1080,1
1081,2
1082,10
1083,2
1084,349
1085,1
1086,1
1087,704
1088,2
1089,179
1090,1
1091,143
1092,2
1093,1
1094,1
1095,1
1096,2
1097,14
1098,2
1099,1
1100,20
1101,1
1102,16
1103,1
1104,361
1105,3
1106,3
1107,43
1108,4
1109,5
1110,1
1111,283
1112,7
1113,162
1114,11
1115,8
1116,33
1117,427
1118,1
1119,1
1120,15
1121,18
1122,2
1123,29
1124,1
1125,384
1126,106
1127,432
1128,1
1129,1
1130,5
1131,2
1132,3
1133,1
1134,0
1135,5
1136,1
1137,3
1138,25
1139,75
1140,1
1141,1245
1142,4
1143,5
1144,1
1145,2
1146,1
1147,4
1148,33
1149,8
1150,3
1151,1
1152,914
1153,14
1154,16
1155,54
1156,1
1157,2
1158,1
1159,5
1160,1
1161,1
1162,2
1163,2
1164,3
1165,30
1166,47
1167,63
1168,8
1169,29
1170,6
1171,7
1172,2
1173,6
1174,1
1175,4
1176,1
1177,494
1178,2
1179,1
1180,5
1181,70
1182,20
1183,12
1184,1
1185,3
1186,2
1187,2
1188,38
1189,1
1190,2
1191,2
1192,315
1193,73
1194,1
1195,3
1196,1
1197,10
1198,1
1199,3
1200,2
1201,6
1202,4
1203,9
1204,0
1205,8
1206,1
1207,7
1208,4
1209,1
1210,1
1211,14
1212,4
1213,194
1214,1
1215,1
1216,2
1217,2
1218,1
1219,4
1220,2
1221,11
1222,3
1223,1
1224,4
1225,103
1226,31
1227,6
1228,1657
1229,1
1230,2
1231,6
1232,4
1233,2
1234,0
1235,1
1236,1
1237,16
1238,2
1239,3
1240,5
1241,3
1242,15
1243,28
1244,1
1245,1
1246,1
1247,39
1248,1
1249,0
1250,1
1251,2
1252,2
1253,2
1254,1
1255,6
1256,0
1257,2
1258,0
1259,15
1260,1
1261,1
1262,2
1263,2
1264,24
1265,1
1266,1
1267,3
1268,5
1269,15
1270,1
1271,1
1272,6
1273,1
1274,15
1275,1
1276,27
1277,2
1278,8
1279,1
1280,1
1281,2
1282,3
1283,2
1284,1
1285,3
1286,1007
1287,8
1288,1
1289,1
1290,5
1291,1
1292,10
1293,24
1294,672
1295,4
1296,15
1297,2
1298,1
1299,1
1300,246
1301,1
1302,46
1303,2
1304,1
1305,1
1306,23
1307,0
1308,4
1309,1
1310,1
1311,1
1312,1967
1313,1
1314,1
1315,2
1316,1
1317,7
1318,12
1319,4
1320,1
1321,6
1322,14
1323,2
1324,283
1325,35
1326,1
1327,7
1328,1
1329,5
1330,35
1331,982
1332,6
1333,1
1334,40
1335,4
1336,31
1337,35
1338,1
1339,783
1340,270
1341,0
1342,43
1343,2
1344,5
1345,1
1346,1
1347,60
1348,2
1349,67
1350,1
1351,0
1352,8
1353,186
1354,1
1355,4
1356,2
1357,1890
1358,1
1359,3
1360,8
1361,513
1362,4
1363,13
1364,16
1365,2
1366,2
1367,2
1368,274
1369,1
1370,2
1371,1
1372,3
1373,2
1374,1
1375,3
1376,6
1377,4
1378,14
1379,5
1380,8
1381,1942
1382,30
1383,42
1384,77
1385,1
1386,10
1387,7
1388,1
1389,7
1390,468
1391,5
1392,7
1393,6
1394,1
1395,122
1396,13
1397,8
1398,8
1399,63
1400,1
1401,730
1402,2
1403,1
1404,3
1405,1
1406,9
1407,3
1408,1
1409,33
1410,12
1411,11
1412,3
1413,1
1414,5
1415,1
1416,1
1417,3
1418,2
1419,1
1420,3
1421,2
1422,174
1423,1
1424,7
1425,7
1426,0
1427,7
1428,9
1429,15
1430,1
1431,6
1432,47
1433,6
1434,8
1435,1
1436,26
1437,7
1438,2
1439,8
1440,1
1441,1
1442,24
1443,1
1444,1
1445,1
1446,1
1447,27
1448,2
1449,1
1450,8
1451,27
1452,40
1453,208
1454,1
1455,36
1456,6
1457,6
1458,14
1459,25
1460,5
1461,2
1462,3
1463,1
1464,12
1465,2
1466,1
1467,6
1468,1
1469,1
1470,1
1471,1
1472,4
1473,1
1474,5
1475,4
1476,1
1477,92
1478,1
1479,3
1480,1
1481,1
1482,2
1483,2
1484,25
1485,1
1486,1
1487,2
1488,4
1489,0
1490,2
1491,1
1492,26
1493,16
1494,4
1495,2
1496,166
1497,3
1498,4
1499,60
1500,1
1501,51
1502,62
1503,118
1504,1
1505,5
1506,2
1507,247
1508,46
1509,1
1510,2
1511,3
1512,2
1513,1
1514,1
1515,7
1516,0
1517,76
1518,2
1519,3
1520,1
1521,5
1522,298
1523,5
1524,11
1525,3
1526,5
1527,72
1528,69
1529,4
1530,71
1531,2
1532,2
1533,60
1534,7
1535,13
1536,2
1537,12
1538,20
1539,9
1540,16
1541,7
1542,2
1543,4
1544,1
1545,10
1546,3
1547,14
1548,2
1549,52
1550,1
1551,1
1552,88
1553,80
1554,1991
1555,6
1556,2
1557,3
1558,10
1559,8
1560,3
1561,6
1562,4
1563,1
1564,5
1565,29
1566,11
1567,8
1568,2
1569,13
1570,7
1571,3
1572,3
1573,8
1574,7
1575,11
1576,2
1577,16
1578,6
1579,453
1580,2
1581,82
1582,3
1583,1
1584,1
1585,1
1586,1
1587,2
1588,1
1589,1
1590,1
1591,2
1592,3
1593,2
1594,0
1595,5
1596,1
1597,6
1598,1
1599,3
1600,0
1601,1
1602,8
1603,8
1604,0
1605,4
1606,1
1607,2
1608,382
1609,5
1610,3
1611,1
1612,2
1613,1
1614,3
1615,48
1616,1
1617,20
1618,2
1619,1
1620,2
1621,0
1622,18
1623,1
1624,3
1625,3
1626,2
1627,2
1628,1
1629,108
1630,4
1631,5
1632,15
1633,10
1634,36
1635,1
1636,86
1637,3
1638,14
1639,1
1640,47
1641,1
1642,6
1643,6
1644,1
1645,2
1646,42
1647,6
1648,14
1649,7
1650,1
1651,123
1652,2
1653,1
1654,8
1655,1
1656,1
1657,2
1658,1
1659,80
1660,1
1661,13
1662,4
1663,564
1664,1
1665,3
1666,1
1667,6
1668,16
1669,9
1670,13
1671,2
1672,72
1673,1
1674,1
1675,1
1676,3
1677,6
1678,1
1679,8
1680,1
1681,87
1682,18
1683,22
1684,1
1685,2
1686,6
1687,336
1688,2
1689,1
1690,2
1691,1
1692,2
1693,5
1694,3
1695,1
1696,18
1697,10
1698,10
1699,32
1700,4
1701,6
1702,64
1703,2
1704,835
1705,4
1706,23
1707,48
1708,2
1709,4
1710,2
1711,2
1712,70
1713,18
1714,40
1715,1
1716,5
1717,2
1718,6
1719,4
1720,13
1721,6
1722,6
1723,1
1724,3
1725,2
1726,2
1727,2
1728,1
1729,1
1730,5
1731,1
1732,3
1733,1
1734,185
1735,3
1736,2
1737,4
1738,5
1739,1
1740,1
1741,1
1742,3
1743,0
1744,9
1745,10
1746,1
1747,2
1748,1
1749,24
1750,0
1751,1
1752,2
1753,869
1754,5
1755,3
1756,1
1757,216
1758,4
1759,7
1760,2
1761,2
1762,2
1763,6
1764,1
1765,1
1766,17
1767,3
1768,1
1769,7
1770,1
1771,2
1772,3
1773,4
1774,1
1775,4
1776,2
1777,3
1778,4
1779,5
1780,1569
1781,3
1782,15
1783,1
1784,1
1785,1
1786,6
1787,2
1788,2
1789,23
1790,1
1791,23
1792,14
1793,9
1794,1
1795,3
1796,1
1797,10
1798,101
1799,49
1800,6
1801,65
1802,3
1803,68
1804,1
1805,1
1806,3
1807,12
1808,93
1809,3
1810,1
1811,18
1812,28
1813,160
1814,1
1815,6
1816,18
1817,4
1818,1
1819,11
1820,3
1821,1
1822,19
1823,2
1824,239
1825,33
1826,2
1827,2
1828,2
1829,5
1830,9
1831,70
1832,24
1833,4
1834,3
1835,74
1836,23
1837,2
1838,2
1839,1
1840,69
1841,1586
1842,10
1843,5
1844,1
1845,1
1846,2
1847,2
1848,1
1849,3
1850,2
1851,9
1852,0
1853,1
1854,4
1855,1
1856,1
1857,3
1858,13
1859,1
1860,6
1861,33
1862,31
1863,8
1864,1
1865,1
1866,39
1867,15
1868,10
1869,4
1870,12
1871,1
1872,7
1873,1
1874,3
1875,1
1876,57
1877,4
1878,4
1879,8
1880,3
1881,1
1882,38
1883,2
1884,155
1885,1
1886,1
1887,12
1888,5
1889,1
1890,5
1891,1
1892,3
1893,2
1894,15
1895,5
1896,1
1897,3
1898,1
1899,85
1900,2
1901,0
1902,758
1903,16
1904,1
1905,1
1906,62
1907,8
1908,1
1909,76
1910,1
1911,1
1912,3
1913,89
1914,8
1915,3
1916,5
1917,2
1918,1
1919,3
1920,1
1921,34
1922,19
1923,4
1924,87
1925,1
1926,422
1927,4
1928,1
1929,4
1930,1
1931,14
1932,2
1933,2
1934,7
1935,5
