1,599
2,4
3,11
4,algebra
5,1
6,1
7,4
8,1
9,algebra
10,16
11,11
12,1
13,2
14,82
15,5
16,1
17,4
18,2
19,2
20,17
21,7
22,2
23,1
24,2
25,1
26,55
27,1
28,2
29,158
30,1
31,algebra
32,1
33,1
34,6
35,1
36,1
37,10
38,3
39,2
40,453
41,137
42,1
43,1
44,4
45,2
46,1
47,1
48,12
49,algebra
50,1
51,1
52,4
53,1
54,36
55,1
56,19
57,2
58,923
59,2
60,5
61,1
62,1
63,4
64,algebra
65,1
66,77
67,12
68,1
69,6
70,4
71,1
72,9
73,2
74,314
75,2
76,179
77,1
78,16
79,10
80,8
81,5
82,1
83,1
84,32
85,2
86,1
87,3
88,1
89,2
90,1
91,1
92,3
93,5
94,104
95,1
96,1
97,42
98,5
99,8
100,1
101,NA
102,1
103,2
104,246
105,2
106,7
107,1
108,6
109,2
110,2
111,1
112,6
113,1
114,12
115,4
116,3
117,4
118,1
119,2
120,1
121,3
122,4
123,33
124,598
125,20
126,13
127,2
128,11
129,2
130,15
131,15
132,18
133,13
134,8
135,3
136,NA
137,1
138,93
139,252
140,1
141,1
142,1
143,2
144,algebra
145,2
146,NA
147,28
148,5
149,6
150,5
151,13
152,2
153,4
154,10
155,1
156,25
157,3
158,65
159,14
160,10
161,1
162,8
163,1
164,20
165,1
166,3
167,1
168,8
169,algebra
170,3
171,293
172,1
173,6
174,2
175,NA
176,3
177,61
178,3
179,NA
180,3
181,1
182,1
183,1
184,108
185,5
186,1
187,6
188,1
189,6
190,1
191,3
192,3
193,60
194,4
195,1
196,1
197,2
198,1
199,NA
200,1
201,1
202,29
203,1
204,NA
205,3
206,5
207,1
208,1
209,116
210,2
211,3
212,36
213,3
214,6
215,3
216,1
217,1
218,1
219,552
220,2
221,3
222,1
223,6
224,68
225,3
226,1
227,3
228,2
229,104
230,2
231,1
232,3
233,9
234,2
235,2
236,NA
237,1
238,8
239,2
240,1
241,15
242,24
243,2
244,26
245,2
246,15
247,3
248,3
249,8
250,1
251,1
252,1
253,1
254,28
255,11
256,41
257,12
258,1
259,NA
260,2
261,1
262,4
263,1
264,120
265,2
266,1
267,1
268,40
269,6
270,1
271,NA
272,2
273,1
274,20
275,40
276,3
277,3
278,1
279,52
280,118
281,1
282,30
283,2
284,2
285,1
286,1
287,4
288,2
289,algebra
290,3
291,1
292,2
293,2
294,2
295,9
296,7
297,2
298,2
299,2
300,1
301,NA
302,1
303,1
304,54
305,13
306,79
307,1
308,19
309,8
310,6
311,555
312,2
313,9
314,10
315,301
316,11
317,7
318,2
319,30
320,1
321,55
322,1
323,32
324,algebra
325,70
326,1
327,3
328,NA
329,108
330,2
331,1
332,24
333,11
334,4
335,1
336,3
337,9
338,1
339,82
340,3
341,1
342,1
343,1
344,2
345,12
346,335
347,5
348,1
349,36
350,1
351,9
352,1
353,183
354,2
355,285
356,5
357,1
358,1
359,70
360,5
361,79
362,1
363,5
364,NA
365,1
366,3
367,3
368,1
369,2
370,1
371,7
372,10
373,18
374,2
375,1
376,1
377,1
378,2
379,4
380,1
381,357
382,6
383,1
384,4
385,1
386,3
387,468
388,20
389,NA
390,3
391,35
392,4
393,1
394,4
395,6
396,1
397,2
398,2
399,2
400,225
401,15
402,2
403,1
404,2
405,161
406,53
407,11
408,1
409,2
410,1
411,55
412,1
413,2
414,2
415,109
416,5
417,2
418,3
419,8
420,24
421,1
422,22
423,6
424,2
425,2
426,5
427,12
428,5
429,178
430,3
431,3
432,2
433,7
434,NA
435,1
436,3
437,16
438,1
439,114
440,1
441,NA
442,1
443,3
444,4
445,33
446,139
447,2
448,1
449,10
450,1
451,5
452,1
453,1
454,26
455,2
456,1
457,9
458,2
459,NA
460,1
461,1
462,1
463,2
464,468
465,3
466,57
467,3
468,1
469,NA
470,11
471,1
472,3
473,317
474,14
475,4
476,1
477,3
478,916
479,4
480,2
481,141
482,260
483,4
484,algebra
485,1
486,3
487,1
488,18
489,490
490,2
491,3
492,1
493,72
494,830
495,1
496,algebra
497,1
498,1
499,12
500,11
501,3
502,1
503,2
504,624
505,1
506,1
507,108
508,3
509,2
510,2
511,1
512,1
513,1
514,46
515,5
516,3
517,8
518,1
519,2
520,1
521,177
522,3
523,1
524,18
525,1
526,741
527,190
528,2
529,algebra
530,1
531,1
532,50
533,80
534,594
535,6
536,1
537,1
538,6
539,10
540,1
541,5
542,11
543,3
544,6
545,1
546,3
547,7
548,24
549,2
550,20
551,3
552,1
553,2
554,4
555,1
556,153
557,1
558,1
559,14
560,1
561,NA
562,3
563,8
564,2
565,10
566,1
567,2
568,2
569,4
570,2
571,3
572,4
573,2
574,6
575,5
576,17
577,11
578,1
579,10
580,2
581,1
582,1
583,1
584,92
585,18
586,NA
587,4
588,1
589,NA
590,12
591,11
592,1
593,6
594,54
595,1
596,11
597,1
598,2
599,NA
600,4
601,1
602,20
603,1
604,NA
605,12
606,77
607,2
608,1
609,28
610,10
611,41
612,6
613,2
614,NA
615,1
616,NA
617,1
618,1
619,18
620,2
621,1
622,14
623,7
624,200
625,399
626,5
627,1
628,4
629,2
630,2
631,NA
632,1
633,17
634,2
635,517
636,311
637,220
638,1
639,304
640,2
641,3
642,2
643,6
644,24
645,1
646,1
647,12
648,3
649,4
650,1
651,3
652,165
653,57
654,4
655,1
656,1
657,1
658,1
659,986
660,1
661,NA
662,2
663,6
664,10
665,6
666,5
667,7
668,74
669,120
670,2
671,1
672,47
673,1
674,616
675,20
676,1
677,2
678,10
679,2
680,1
681,1
682,12
683,1
684,6
685,16
686,5
687,4
688,3
689,2
690,6
691,7
692,6
693,1
694,2
695,1
696,3
697,2
698,1
699,16
700,1
701,1
702,30
703,8
704,6
705,8
706,29
707,3
708,2
709,28
710,4
711,5
712,1
713,1
714,2
715,3
716,9
717,76
718,3
719,24
720,4
721,7
722,1
723,5
724,2
725,1
726,1
727,73
728,1
729,algebra
730,5
731,9
732,5
733,18
734,2
735,1
736,13
737,1
738,324
739,2
740,3
741,NA
742,11
743,2
744,586
745,4
746,1
747,1
748,5
749,4
750,16
751,11
752,5
753,1
754,10
755,5
756,3
757,61
758,7
759,52
760,8
761,3
762,10
763,7
764,140
765,4
766,NA
767,1
768,1
769,2
770,1
771,1
772,4
773,2
774,2
775,20
776,1
777,3
778,29
779,12
780,6
781,165
782,4
783,101
784,algebra
785,64
786,1
787,6
788,1
789,60
790,1
791,5
792,1
793,262
794,2
795,6
796,45
797,16
798,2
799,4
800,6
801,11
802,1
803,1
804,4
805,8
806,NA
807,4
808,3
809,14
810,3
811,1
812,11
813,1
814,6
815,3
816,1
817,1
818,2
819,4
820,1
821,3
822,2
823,5
824,2
825,1
826,1
827,1
828,15
829,2
830,9
831,1
832,68
833,1
834,4
835,1
836,5
837,1
838,2
839,18
840,18
841,23
842,4
843,2
844,NA
845,1
846,11
847,2
848,7
849,124
850,2
851,23
852,16
853,1
854,2
855,1
856,1
857,39
858,1
859,8
860,2
861,17
862,4
863,30
864,2
865,1
866,115
867,1
868,3
869,4
870,41
871,225
872,1
873,4
874,14
875,1
876,3
877,455
878,22
879,2
880,1
881,7
882,1
883,1
884,214
885,4
886,3
887,1
888,22
889,114
890,1
891,7
892,4
893,1
894,NA
895,2
896,1
897,1
898,1
899,6
900,1
901,NA
902,1
903,1
904,14
905,5
906,3
907,1
908,2
909,8
910,20
911,435
912,12
913,2
914,414
915,2
916,1
917,14
918,5
919,34
920,5
921,1
922,NA
923,1
924,2
925,4
926,53
927,10
928,295
929,16
930,1
931,NA
932,3
933,4
934,48
935,11
936,13
937,1
938,5
939,32
940,3
941,131
942,2
943,1
944,2
945,4
946,107
947,1
948,2
949,2
950,3
951,NA
952,24
953,1
954,28
955,4
956,1
957,32
958,2
959,12
960,1
961,129
962,5
963,14
964,10
965,1
966,1
967,35
968,3
969,4
970,1
971,NA
972,2
973,5
974,NA
975,1
976,11
977,9
978,1
979,22
980,3
981,669
982,463
983,5
984,108
985,597
986,1
987,1
988,21
989,28
990,2
991,1
992,1
993,871
994,962
995,1
996,1
997,16
998,77
999,2
1000,1
1001,1
1002,1
1003,3
1004,2
1005,3
1006,15
1007,2
1008,1
1009,2
1010,76
1011,3
1012,2
1013,NA
1014,4
1015,1
1016,NA
1017,1
1018,11
1019,NA
1020,52
1021,NA
1022,4
1023,1
1024,algebra
1025,2
1026,5
1027,13
1028,5
1029,20
1030,86
1031,1
1032,15
1033,1
1034,12
1035,1
1036,1
1037,51
1038,3
1039,NA
1040,1
1041,1
1042,7
1043,NA
1044,44
1045,19
1046,NA
1047,3
1048,6
1049,24
1050,1
1051,1
1052,1
1053,11
1054,14
1055,6
1056,47
1057,8
1058,2
1059,6
1060,39
1061,NA
1062,1
1063,26
1064,94
1065,1
1066,3
1067,2
1068,3
1069,10
1070,1
1071,5
1072,31
1073,1
1074,2
1075,47
1076,7
1077,10
1078,3
1079,74
1080,1
1081,NA
1082,3
1083,1
1084,2
1085,2
1086,15
1087,37
1088,9
1089,algebra
1090,1
1091,1
1092,2
1093,14
1094,6
1095,2
1096,219
1097,1
1098,2
1099,2
1100,1
1101,1
1102,2
1103,3
1104,12
1105,1
1106,1
1107,20
1108,1
1109,120
1110,1
1111,27
1112,2
1113,2
1114,NA
1115,3
1116,algebra
1117,2
1118,2
1119,2
1120,14
1121,27
1122,94
1123,NA
1124,2
1125,6
1126,17
1127,1
1128,1
1129,258
1130,2
1131,19
1132,19
1133,2
1134,2
1135,49
1136,1
1137,35
1138,3
1139,4
1140,1
1141,1
1142,16
1143,1
1144,4
1145,2
1146,3
1147,5
1148,127
1149,NA
1150,1
1151,17
1152,9
1153,1
1154,16
1155,5
1156,NA
1157,1
1158,15
1159,12
1160,6
1161,11
1162,1
1163,13
1164,4
1165,8
1166,1
1167,7
1168,16
1169,10
1170,3
1171,5
1172,6
1173,1
1174,564
1175,6
1176,1
1177,1
1178,11
1179,6
1180,32
1181,3
1182,4
1183,3
1184,2
1185,3
1186,NA
1187,3
1188,1
1189,2
1190,2
1191,83
1192,5
1193,4
1194,998
1195,1
1196,1
1197,16
1198,5
1199,36
1200,23
1201,3
1202,3
1203,4
1204,286
1205,1
1206,1
1207,2
1208,1
1209,2
1210,18
1211,3
1212,1
1213,15
1214,40
1215,1
1216,1
1217,1
1218,3
1219,2
1220,1
1221,3
1222,213
1223,1
1224,22
1225,13
1226,123
1227,1
1228,102
1229,NA
1230,1
1231,NA
1232,1
1233,34
1234,28
1235,3
1236,13
1237,NA
1238,1
1239,532
1240,15
1241,7
1242,2
1243,8
1244,732
1245,241
1246,NA
1247,2
1248,3
1249,NA
1250,2
1251,3
1252,1
1253,1
1254,2
1255,6
1256,9
1257,2
1258,240
1259,4
1260,2
1261,1
1262,1
1263,5
1264,2
1265,3
1266,41
1267,1
1268,1
1269,NA
1270,5
1271,13
1272,1
1273,5
1274,2
1275,2
1276,3
1277,3
1278,8
1279,2
1280,98
1281,1
1282,2
1283,3
1284,112
1285,1
1286,1
1287,18
1288,NA
1289,2
1290,6
1291,3
1292,1
1293,2
1294,6
1295,1
1296,11
1297,1
1298,3
1299,2
1300,51
1301,1
1302,27
1303,1
1304,10
1305,17
1306,103
1307,7
1308,7
1309,78
1310,1
1311,1
1312,10
1313,18
1314,44
1315,46
1316,163
1317,1
1318,641
1319,8
1320,1
1321,1
1322,1
1323,1
1324,140
1325,1
1326,5
1327,54
1328,4
1329,2
1330,1
1331,37
1332,9
1333,2
1334,6
1335,2
1336,NA
1337,2
1338,10
1339,16
1340,2
1341,3
1342,1
1343,11
1344,26
1345,2
1346,149
1347,8
1348,1
1349,2
1350,24
1351,5
1352,2
1353,1
1354,68
1355,2
1356,1
1357,18
1358,1
1359,386
1360,61
1361,3
1362,1
1363,2
1364,10
1365,1
1366,3
1367,7
1368,3
1369,algebra
1370,7
1371,1
1372,5
1373,2
1374,250
1375,NA
1376,NA
1377,4
1378,1
1379,2
1380,9
1381,9
1382,11
1383,1
1384,NA
1385,4
1386,1
1387,1
1388,3
1389,2
1390,3
1391,3
1392,1
1393,9
1394,2
1395,1
1396,611
1397,60
1398,27
1399,NA
1400,1
1401,3
1402,24
1403,2
1404,138
1405,1
1406,35
1407,1
1408,3
1409,4
1410,3
1411,1
1412,4
1413,1
1414,8
1415,16
1416,51
1417,2
1418,2
1419,6
1420,1
1421,5
1422,1
1423,4
1424,6
1425,1
1426,45
1427,2
1428,4
1429,4
1430,1
1431,53
1432,2
1433,1
1434,12
1435,3
1436,3
1437,1
1438,4
1439,12
1440,1
1441,1
1442,1
1443,1
1444,algebra
1445,3
1446,29
1447,1
1448,28
1449,6
1450,5
1451,1
1452,12
1453,2
1454,4
1455,1
1456,9
1457,1
1458,5
1459,2
1460,1
1461,NA
1462,2
1463,3
1464,4
1465,6
1466,71
1467,5
1468,25
1469,2
1470,1
1471,5
1472,5
1473,9
1474,6
1475,1
1476,1
1477,1
1478,17
1479,136
1480,5
1481,25
1482,34
1483,1
1484,4
1485,2
1486,29
1487,4
1488,1
1489,12
1490,10
1491,3
1492,3
1493,1
1494,264
1495,32
1496,NA
1497,14
1498,NA
1499,NA
1500,24
1501,153
1502,1
1503,4
1504,2
1505,1
1506,1
1507,15
1508,94
1509,NA
1510,3
1511,NA
1512,3
1513,17
1514,42
1515,2
1516,5
1517,1
1518,1
1519,NA
1520,5
1521,1
1522,NA
1523,3
1524,26
1525,5
1526,1
1527,1
1528,6
1529,42
1530,3
1531,1
1532,1
1533,2
1534,44
1535,1
1536,5
1537,6
1538,1
1539,12
1540,2
1541,3
1542,NA
1543,162
1544,30
1545,1
1546,1
1547,1
1548,2
1549,22
1550,14
1551,1
1552,3
1553,1
1554,2
1555,13
1556,19
1557,3
1558,185
1559,2
1560,7
1561,3
1562,7
1563,1
1564,28
1565,3
1566,7
1567,55
1568,1
1569,2
1570,6
1571,47
1572,2
1573,9
1574,2
1575,24
1576,1
1577,9
1578,4
1579,132
1580,1
1581,1
1582,4
1583,1
1584,118
1585,32
1586,1
1587,736
1588,14
1589,480
1590,1
1591,1
1592,9
1593,2
1594,8
1595,1
1596,3
1597,2
1598,3
1599,10
1600,1
1601,21
1602,1
1603,7
1604,236
1605,6
1606,3
1607,1
1608,2
1609,18
1610,4
1611,989
1612,1
1613,17
1614,2
1615,111
1616,1
1617,4
1618,1
1619,96
1620,2
1621,7
1622,19
1623,1
1624,2
1625,1
1626,1
1627,3
1628,2
1629,166
1630,5
1631,1
1632,5
1633,29
1634,12
1635,11
1636,NA
1637,1
1638,3
1639,14
1640,81
1641,3
1642,20
1643,3
1644,58
1645,1
1646,29
1647,3
1648,2
1649,20
1650,1
1651,173
1652,8
1653,2
1654,NA
1655,10
1656,7
1657,1
1658,20
1659,2
1660,2
1661,1
1662,2
1663,1
1664,NA
1665,19
1666,35
1667,2
1668,4
1669,18
1670,1
1671,3
1672,1
1673,7
1674,38
1675,1
1676,33
1677,1
1678,2
1679,30
1680,1
1681,1
1682,1
1683,2
1684,122
1685,4
1686,1
1687,3
1688,1
1689,502
1690,6
1691,15
1692,74
1693,8
1694,18
1695,4
1696,3
1697,3
1698,14
1699,96
1700,35
1701,1
1702,2
1703,4
1704,40
1705,8
1706,1
1707,5
1708,715
1709,2
1710,1
1711,NA
1712,2
1713,1
1714,6
1715,10
1716,3
1717,1
1718,15
1719,NA
1720,10
1721,101
1722,11
1723,2
1724,NA
1725,4
1726,1
1727,1
1728,2
1729,2
1730,1
1731,NA
1732,11
1733,1
1734,4
1735,1
1736,81
1737,2
1738,1
1739,228
1740,23
1741,NA
1742,2
1743,NA
1744,4
1745,1
1746,3
1747,7
1748,1
1749,8
1750,128
1751,7
1752,3
1753,3
1754,NA
1755,1
1756,25
1757,2
1758,331
1759,6
1760,2
1761,1
1762,24
1763,1
1764,algebra
1765,1
1766,NA
1767,38
1768,2
1769,244
1770,2
1771,25
1772,1
1773,1
1774,26
1775,2
1776,43
1777,2
1778,1
1779,NA
1780,24
1781,5
1782,5
1783,NA
1784,NA
1785,3
1786,5
1787,1
1788,2
1789,NA
1790,4
1791,19
1792,2
1793,2
1794,12
1795,30
1796,3
1797,3
1798,1
1799,8
1800,3
1801,1
1802,2
1803,3
1804,252
1805,2
1806,3
1807,193
1808,3
1809,366
1810,2
1811,1
1812,2
1813,15
1814,NA
1815,141
1816,21
1817,1
1818,1
1819,382
1820,3
1821,11
1822,6
1823,2
1824,NA
1825,55
1826,443
1827,1
1828,1
1829,18
1830,9
1831,15
1832,1
1833,13
1834,NA
1835,2
1836,1
1837,4
1838,2
1839,8
1840,2
1841,37
1842,3
1843,3
1844,44
1845,2
1846,1
1847,1
1848,12
1849,algebra
1850,1
1851,11
1852,43
1853,1
1854,8
1855,1
1856,1
1857,5
1858,14
1859,2
1860,4
1861,NA
1862,8
1863,5
1864,28
1865,10
1866,3
1867,8
1868,1
1869,28
1870,51
1871,1
1872,2
1873,1
1874,48
1875,1
1876,9
1877,2
1878,1
1879,36
1880,5
1881,3
1882,4
1883,2
1884,56
1885,9
1886,3
1887,2
1888,477
1889,94
1890,7
1891,109
1892,5
1893,4
1894,2
1895,1
1896,5
1897,43
1898,19
1899,6
1900,2
1901,1
1902,4
1903,18
1904,NA
1905,1
1906,1
1907,14
1908,6
1909,2
1910,2
1911,9
1912,11
1913,21
1914,10
1915,1
1916,3
1917,1
1918,4
1919,8
1920,1
1921,3
1922,2
1923,1
1924,NA
1925,3
1926,NA
1927,19
1928,3
1929,38
1930,920
1931,NA
1932,1
1933,21
1934,4
1935,2
1936,1
1937,7
1938,2
1939,2
1940,2
1941,NA
1942,6
1943,2
1944,2
1945,4
1946,1
1947,2
1948,11
1949,2
1950,3
1951,3
1952,4
1953,1
1954,NA
1955,1
1956,47
1957,3
1958,2
1959,18
1960,1
1961,21
1962,7
1963,4
1964,2
1965,7
1966,59
1967,10
1968,2
1969,NA
1970,234
1971,1
1972,1
1973,53
1974,16
1975,20
1976,1
1977,14
1978,72
1979,2
1980,1
1981,19
1982,2
1983,18
1984,2
1985,5
1986,13
1987,1
1988,1
1989,NA
1990,82
1991,5
1992,1
1993,39
1994,12
1995,2
1996,19
1997,29
1998,5
1999,284
2000,1
2001,95
2002,2
2003,1
2004,444
2005,22
2006,5
2007,1
2008,1
2009,10
2010,1
2011,99
2012,44
2013,3
2014,394
2015,1
2016,7
2017,7
2018,11
2019,48
2020,3
2021,9
2022,1
2023,1
2024,4
2025,1
2026,77
2027,1
2028,8
2029,NA
2030,5
2031,1
2032,7
2033,6
2034,2
2035,10
2036,1
2037,106
2038,11
2039,124
2040,3
2041,NA
2042,6
2043,8
2044,2
2045,7
2046,1
2047,6
2048,1
2049,20
2050,94
2051,1
2052,1
2053,1
2054,18
2055,9
2056,9
2057,2
2058,1
2059,82
2060,10
2061,3
2062,1
2063,33
2064,4
2065,3
2066,29
2067,1
2068,621
2069,12
2070,3
2071,1
2072,37
2073,3
2074,36
2075,5
2076,19
2077,4
2078,1
2079,204
2080,2
2081,9
2082,2
2083,9
2084,34
2085,1
2086,3
2087,1
2088,4
2089,4
2090,1
2091,3
2092,11
2093,1
2094,118
2095,NA
2096,29
2097,85
2098,2
2099,32
2100,1
2101,NA
2102,1
2103,3
2104,366
2105,15
2106,13
2107,14
2108,3
2109,NA
2110,5
2111,25
2112,1
2113,1
2114,10
2115,3
2116,277
2117,10
2118,5
2119,536
2120,5
2121,65
2122,39
2123,4
2124,NA
2125,1
2126,3
2127,22
2128,6
2129,422
2130,5
2131,NA
2132,80
2133,1
2134,2
2135,1
2136,35
2137,102
2138,3
2139,36
2140,7
2141,1
2142,1
2143,10
2144,592
2145,9
2146,23
2147,2
2148,1
2149,658
2150,1
2151,23
2152,2
2153,1
2154,4
2155,2
2156,17
2157,11
2158,10
2159,2
2160,3
2161,NA
2162,4
2163,1
2164,8
2165,1
2166,NA
2167,25
2168,2
2169,2
2170,7
2171,163
2172,1
2173,3
2174,6
2175,6
2176,7
2177,1
2178,1
2179,16
2180,5
2181,1
2182,3
2183,4
2184,4
2185,1
2186,3
2187,6
2188,1
2189,6
2190,2
2191,NA
2192,1
2193,10
2194,NA
2195,1
2196,169
2197,2
2198,39
2199,2
2200,6
2201,39
2202,1
2203,3
2204,4
2205,4
2206,7
2207,4
2208,42
2209,algebra
2210,3
2211,1
2212,NA
2213,7
2214,6
2215,10
2216,1
2217,3
2218,35
2219,4
2220,11
2221,1
2222,3
2223,1
2224,274
2225,16
2226,9
2227,3
2228,47
2229,2
2230,1
2231,685
2232,1
2233,1
2234,2
2235,16
2236,63
2237,2
2238,46
2239,24
2240,3
2241,1
2242,1
2243,2
2244,18
2245,12
2246,1
2247,1
2248,58
2249,4
2250,99
2251,95
2252,9
2253,7
2254,2
2255,1
2256,1
2257,9
2258,1
2259,124
2260,16
2261,3
2262,1
2263,3
2264,86
2265,1
2266,7
2267,7
2268,2
2269,2
2270,64
2271,29
2272,3
2273,6
2274,2
2275,1
2276,3
2277,6
2278,47
2279,18
2280,8
2281,203
2282,3
2283,4
2284,48
2285,2
2286,1
2287,1
2288,5
2289,2
2290,11
2291,1
2292,3
2293,1
2294,28
2295,4
2296,NA
2297,1
2298,5
2299,2
2300,1
2301,15
2302,7
2303,4
2304,algebra
2305,1
2306,NA
2307,NA
2308,2
2309,2
2310,3
2311,7
2312,1
2313,2
2314,2
2315,1
2316,5
2317,6
2318,4
2319,12
2320,3
2321,17
2322,6
2323,1
2324,28
2325,5
2326,195
2327,16
2328,6
2329,4
2330,5
2331,3
2332,41
2333,1
2334,20
2335,2
2336,13
2337,5
2338,1
2339,124
2340,24
2341,479
2342,29
2343,1
2344,NA
2345,2
2346,23
2347,3
2348,5
2349,18
2350,19
2351,17
2352,1
2353,3
2354,34
2355,11
2356,1
2357,1
2358,2
2359,38
2360,3
2361,13
2362,15
2363,7
2364,NA
2365,22
2366,NA
2367,1
2368,88
2369,2
2370,23
2371,3
2372,1
2373,1
2374,526
2375,1
2376,5
2377,NA
2378,7
2379,18
2380,2
2381,5
2382,13
2383,9
2384,2
2385,114
2386,1
2387,5
2388,2
2389,12
2390,3
2391,17
2392,1
2393,1
2394,4
2395,1
2396,11
2397,17
2398,8
2399,46
2400,2
2401,1
2402,13
2403,1
2404,2
2405,11
2406,1
2407,12
2408,27
2409,16
2410,66
2411,239
2412,1
2413,10
2414,10
2415,9
2416,NA
2417,9
2418,2
2419,NA
2420,9
2421,31
2422,1
2423,3
2424,4
2425,8
2426,1
2427,2
2428,1
2429,6
2430,1
2431,29
2432,3
2433,91
2434,42
2435,7
2436,NA
2437,10
2438,154
2439,8
2440,1
2441,3
2442,6
2443,2
2444,2
2445,55
2446,3
2447,9
2448,1
2449,2
2450,32
2451,21
2452,653
2453,2
2454,2
2455,13
2456,5
2457,10
2458,31
2459,18
2460,202
2461,293
2462,2
2463,1
2464,18
2465,2
2466,1
2467,2
2468,2
2469,400
2470,11
2471,9
2472,3
2473,1
2474,10
2475,1
2476,49
2477,1
2478,2
2479,NA
2480,16
2481,3
2482,180
2483,1
2484,2
2485,4
2486,1
2487,102
2488,44
2489,2
2490,9
2491,NA
2492,1
2493,1
2494,4
2495,41
2496,1
2497,NA
2498,4
2499,20
2500,1
2501,13
2502,9
2503,1
2504,12
2505,2
2506,9
2507,1
2508,47
2509,6
2510,6
2511,algebra
2512,149
2513,4
2514,16
2515,9
2516,459
2517,1
2518,145
2519,6
2520,2
2521,7
2522,1
2523,3
2524,66
2525,3
2526,7
2527,4
2528,1
2529,NA
2530,2
2531,747
2532,3
2533,593
2534,8
2535,1
2536,9
2537,6
2538,1
2539,NA
2540,4
2541,1
2542,3
2543,1
2544,16
2545,3
2546,1
2547,14
2548,7
2549,2
2550,5
2551,3
2552,5
2553,1
2554,10
2555,1
2556,167
2557,121
2558,2
2559,NA
2560,2
2561,1
2562,3
2563,7
2564,228
2565,6
2566,7
2567,3
2568,1
2569,108
2570,1
2571,21
2572,NA
2573,2
2574,2
2575,1
2576,NA
2577,1
2578,153
2579,54
2580,1
2581,1
2582,8
2583,1
2584,4
2585,1
2586,3
2587,6
2588,1
2589,82
2590,1
2591,7
2592,5
2593,2
2594,2
2595,1
2596,5
2597,2
2598,4
2599,120
2600,2
2601,1
2602,2
2603,1
2604,6
2605,11
2606,9
2607,4
2608,18
2609,18
2610,5
2611,17
2612,28
2613,1
2614,2
2615,42
2616,NA
2617,28
2618,2
2619,2
2620,1
2621,5
2622,42
2623,3
2624,6
2625,7
2626,1
2627,1
2628,3
2629,2
2630,1
2631,17
2632,12
2633,32
2634,4
2635,22
2636,1
2637,8
2638,1
2639,2
2640,2
2641,3
2642,2
2643,5
2644,4
2645,1
2646,1
2647,4
2648,35
2649,24
2650,90
2651,39
2652,1
2653,103
2654,22
2655,13
2656,NA
2657,14
2658,1
2659,14
2660,4
2661,NA
2662,3
2663,6
2664,NA
2665,7
2666,NA
2667,3
2668,14
2669,18
2670,3
2671,7
2672,55
2673,1
2674,4
2675,14
2676,13
2677,2
2678,18
2679,10
2680,NA
2681,9
2682,1
2683,4
2684,240
2685,7
2686,NA
2687,1
2688,3
2689,34
2690,13
2691,5
2692,1
2693,10
2694,6
2695,90
2696,7
2697,1
2698,30
2699,78
2700,48
2701,1
2702,1
2703,1
2704,algebra
2705,9
2706,7
2707,1
2708,4
2709,2
2710,14
2711,1
2712,4
2713,3
2714,6
2715,4
2716,1
2717,2
2718,1
2719,322
2720,1
2721,13
2722,8
2723,1
2724,2
2725,4
2726,17
2727,7
2728,1
2729,2
2730,4
2731,NA
2732,40
2733,41
2734,198
2735,1
2736,1
2737,5
2738,5
2739,18
2740,9
2741,45
2742,1
2743,12
2744,20
2745,4
2746,1
2747,10
2748,1
2749,380
2750,1
2751,1
2752,1
2753,5
2754,188
2755,98
2756,1
2757,8
2758,2
2759,86
2760,1
2761,NA
2762,3
2763,2
2764,2
2765,29
2766,19
2767,30
2768,64
2769,438
2770,1
2771,41
2772,1
2773,1
2774,30
2775,2
2776,5
2777,1
2778,29
2779,4
2780,1
2781,1
2782,2
2783,11
2784,2
2785,6
2786,1
2787,2
2788,1
2789,NA
2790,12
2791,1
2792,1
2793,1
2794,2
2795,3
2796,9
2797,3
2798,2
2799,20
2800,1
2801,15
2802,58
2803,30
2804,NA
2805,14
2806,1
2807,3
2808,1
2809,algebra
2810,8
2811,1
2812,15
2813,1
2814,10
2815,3
2816,1
2817,2
2818,91
2819,2
2820,67
2821,131
2822,1
2823,23
2824,114
2825,12
2826,1
2827,1
2828,3
2829,2
2830,NA
2831,3
2832,113
2833,3
2834,2
2835,6
2836,5
2837,15
2838,3
2839,2
2840,4
2841,7
2842,7
2843,3
2844,18
2845,4
2846,683
2847,7
2848,5
2849,4
2850,2
2851,1
2852,3
2853,19
2854,NA
2855,4
2856,1
2857,2
2858,1
2859,2
2860,1
2861,1
2862,2
2863,2
2864,NA
2865,5
2866,15
2867,1
2868,21
2869,106
2870,2
2871,21
2872,1
2873,75
2874,6
2875,2
2876,271
2877,6
2878,43
2879,10
2880,2
2881,19
2882,19
2883,12
2884,6
2885,1
2886,3
2887,3
2888,17
2889,34
2890,5
2891,1
2892,1
2893,17
2894,792
2895,1
2896,1
2897,4
2898,10
2899,4
2900,1
2901,57
2902,41
2903,3
2904,2
2905,7
2906,5
2907,5
2908,58
2909,80
2910,2
2911,41
2912,1
2913,1
2914,70
2915,2
2916,43
2917,1
2918,2
2919,2
2920,NA
2921,1
2922,4
2923,1
2924,4
2925,66
2926,1
2927,4
2928,5
2929,108
2930,3
2931,NA
2932,1
2933,1
2934,10
2935,1
2936,5
2937,1
2938,2
2939,38
2940,2
2941,9
2942,21
2943,12
2944,740
2945,1
2946,1
2947,110
2948,2
2949,178
2950,3
2951,5
2952,8
2953,68
2954,2
2955,1
2956,27
2957,2
2958,1
2959,52
2960,2
2961,1
2962,2
2963,4
2964,60
2965,2
2966,3
2967,266
2968,6
2969,26
2970,1
2971,NA
2972,23
2973,1
2974,162
2975,1
2976,1
2977,1
2978,2
2979,2
2980,163
2981,107
2982,11
2983,2
2984,10
2985,2
2986,25
2987,1
2988,1
2989,2
2990,1
2991,1
2992,14
2993,1
2994,NA
2995,6
2996,15
2997,1
2998,4
2999,2
3000,1
3001,51
3002,2
3003,1
3004,34
3005,4
3006,513
3007,8
3008,44
3009,16
3010,6
3011,1
3012,1
3013,414
3014,6
3015,1
3016,11
3017,2
3018,2
3019,168
3020,125
3021,1
3022,1
3023,6
3024,NA
3025,199
3026,1
3027,4
3028,2
3029,2
3030,23
3031,3
3032,1
3033,3
3034,NA
3035,3
3036,1
3037,348
3038,9
3039,2
3040,30
3041,5
3042,6
3043,1
3044,26
3045,15
3046,27
3047,1
3048,2
3049,96
3050,45
3051,149
3052,4
3053,1
3054,NA
3055,2
3056,5
3057,2
3058,1
3059,6
3060,1
3061,463
3062,2
3063,1
3064,42
3065,1
3066,53
3067,NA
3068,3
3069,66
3070,2
3071,1
3072,12
3073,2
3074,8
3075,6
3076,NA
3077,2
3078,2
3079,NA
3080,8
3081,NA
3082,3
3083,30
3084,84
3085,9
3086,1
3087,6
3088,1
3089,124
3090,3
3091,9
3092,33
3093,673
3094,66
3095,15
3096,NA
3097,20
3098,1
3099,2
3100,2
3101,13
3102,5
3103,1
3104,48
3105,2
3106,43
3107,1
3108,1
3109,170
3110,1
3111,9
3112,1
3113,3
3114,198
3115,2
3116,1
3117,403
3118,5
3119,2
3120,14
3121,1
3122,667
3123,3
3124,4
3125,4
3126,1
3127,3
3128,5
3129,4
3130,3
3131,9
3132,2
3133,1
3134,22
3135,4
3136,3
3137,196
3138,1
3139,4
3140,30
3141,1
3142,2
3143,5
3144,2
3145,3
3146,35
3147,3
3148,4
3149,2
3150,4
3151,1
3152,4
3153,6
3154,NA
3155,1
3156,17
3157,1
3158,1
3159,10
3160,17
3161,127
3162,1
3163,392
3164,44
3165,14
3166,327
3167,2
3168,1
3169,16
3170,1
3171,1
3172,2
3173,1
3174,30
3175,3
3176,99
3177,1
3178,1
3179,898
3180,1
3181,87
3182,2
3183,22
3184,16
3185,2
3186,3
3187,5
3188,2
3189,6
3190,2
3191,107
3192,4
3193,261
3194,192
3195,21
3196,NA
3197,1
3198,2
3199,30
3200,7
3201,5
3202,39
3203,6
3204,2
3205,4
3206,1
3207,2
3208,17
3209,162
3210,1
3211,1
3212,1
3213,4
3214,NA
3215,7
3216,17
3217,3
3218,1
3219,4
3220,18
3221,1
3222,1
3223,10
3224,54
3225,1
3226,5
3227,42
3228,53
3229,NA
3230,20
3231,1
3232,4
3233,2
3234,6
3235,561
3236,7
3237,2
3238,49
3239,96
3240,2
3241,103
3242,4
3243,1
3244,36
3245,1
3246,1
3247,NA
3248,1
3249,algebra
3250,1
3251,3
3252,2
3253,8
3254,4
3255,2
3256,1
3257,1
3258,2
3259,2
3260,2
3261,NA
3262,20
3263,9
3264,6
3265,6
3266,1
3267,31
3268,1
3269,86
3270,3
3271,5
3272,6
3273,47
3274,136
3275,2
3276,51
3277,1
3278,5
3279,6
3280,29
3281,1
3282,24
3283,1
3284,14
3285,3
3286,NA
3287,1
3288,4
3289,6
3290,1
3291,11
3292,1
3293,5
3294,NA
3295,1
3296,1
3297,2
3298,2
3299,72
3300,2
3301,27
3302,9
3303,2
3304,2
3305,13
3306,1
3307,119
3308,3
3309,26
3310,1
3311,19
3312,1
3313,413
3314,12
3315,3
3316,NA
3317,4
3318,6
3319,NA
3320,1
3321,3
3322,77
3323,1
3324,NA
3325,11
3326,3
3327,3
3328,114
3329,NA
3330,27
3331,19
3332,1
3333,13
3334,54
3335,27
3336,5
3337,4
3338,1
3339,2
3340,1
3341,1
3342,15
3343,3
3344,60
3345,1
3346,NA
3347,3
3348,469
3349,166
3350,2
3351,1
3352,12
3353,32
3354,82
3355,3
3356,27
3357,2
3358,1
3359,2
3360,6
3361,57
3362,1
3363,16
3364,algebra
3365,13
3366,1
3367,1
3368,1
3369,126
3370,2
3371,49
3372,2
3373,4
3374,4
3375,4
3376,29
3377,33
3378,1
3379,260
3380,6
3381,3
3382,NA
3383,1
3384,10
3385,182
3386,31
3387,24
3388,12
3389,14
3390,6
3391,27
3392,3
3393,1
3394,2
3395,14
3396,1
3397,5
3398,23
3399,2
3400,1
3401,5
3402,1
3403,2
3404,10
3405,8
3406,155
3407,9
3408,2
3409,42
3410,3
3411,3
3412,2
3413,13
3414,80
3415,5
3416,13
3417,1
3418,1
3419,2
3420,1
3421,NA
3422,2
3423,1
3424,518
3425,4
3426,3
3427,1
3428,1
3429,28
3430,1
3431,1
3432,17
3433,3
3434,12
3435,1
3436,7
3437,53
3438,1
3439,NA
3440,4
3441,15
3442,3
3443,1
3444,2
3445,4
3446,13
3447,2
3448,83
3449,474
3450,2
3451,23
3452,1
3453,24
3454,30
3455,11
3456,3
3457,8
3458,3
3459,64
3460,36
3461,15
3462,11
3463,1
3464,2
3465,1
3466,1
3467,1
3468,3
3469,2
3470,1
3471,217
3472,1
3473,2
3474,10
3475,293
3476,307
3477,1
3478,2
3479,2
3480,2
3481,1
3482,4
3483,1
3484,2
3485,1
3486,5
3487,3
3488,1
3489,194
3490,1
3491,3
3492,8
3493,2
3494,4
3495,3
3496,39
3497,1
3498,3
3499,84
3500,44
3501,5
3502,5
3503,3
3504,14
3505,86
3506,1
3507,1
3508,3
3509,4
3510,11
3511,1
3512,6
3513,2
3514,8
3515,1
3516,1
3517,3
3518,1
3519,122
3520,2
3521,3
3522,1
3523,77
3524,2
3525,23
3526,55
3527,1
3528,1
3529,4
3530,1
3531,21
3532,2
3533,1
3534,20
3535,4
3536,3
3537,4
3538,22
3539,746
3540,44
3541,23
3542,8
3543,19
3544,4
3545,3
3546,3
3547,1
3548,4
3549,14
3550,93
3551,27
3552,123
3553,1
3554,4
3555,2
3556,137
3557,8
3558,1
3559,90
3560,8
3561,1
3562,1
3563,1
3564,2
3565,1
3566,21
3567,87
3568,3
3569,10
3570,12
3571,33
3572,120
3573,9
3574,2
3575,6
3576,1
3577,2
3578,2
3579,NA
3580,15
3581,1
3582,1
3583,11
3584,142
3585,1
3586,3
3587,2
3588,3
3589,6
3590,4
3591,1
3592,1
3593,17
3594,42
3595,5
3596,157
3597,2
3598,88
3599,14
3600,1
3601,167
3602,1
3603,2
3604,NA
3605,1
3606,NA
3607,34
3608,3
3609,2
3610,1
3611,5
3612,3
3613,44
3614,70
3615,3
3616,3
3617,2
3618,1
3619,22
3620,1
3621,1
3622,6
3623,143
3624,4
3625,16
3626,73
3627,2
3628,16
3629,44
3630,3
3631,21
3632,1
3633,3
3634,580
3635,9
3636,3
3637,1
3638,3
3639,2
3640,3
3641,5
3642,33
3643,6
3644,8
3645,7
3646,NA
3647,1
3648,31
3649,NA
3650,2
3651,9
3652,4
3653,4
3654,NA
3655,2
3656,5
3657,5
3658,14
3659,10
3660,10
3661,19
3662,2
3663,1
3664,2
3665,2
3666,31
3667,2
3668,3
3669,938
3670,1
3671,11
3672,9
3673,1
3674,4
3675,28
3676,3
3677,3
3678,2
3679,NA
3680,2
3681,31
3682,1
3683,32
3684,6
3685,11
3686,9
3687,24
3688,751
3689,2
3690,1
3691,13
3692,2
3693,17
3694,2
3695,1
3696,5
3697,1
3698,4
3699,30
3700,92
3701,3
3702,1
3703,12
3704,NA
3705,5
3706,75
3707,2
3708,1
3709,16
3710,1
3711,27
3712,534
3713,5
3714,2
3715,3
3716,NA
3717,1
3718,2
3719,4
3720,2
3721,5
3722,15
3723,4
3724,6
3725,2
3726,21
3727,35
3728,1
3729,840
3730,NA
3731,1
3732,1
3733,10
3734,NA
3735,5
3736,7
3737,1
3738,1
3739,NA
3740,3
3741,17
3742,1
3743,1
3744,28
3745,4
3746,3
3747,42
3748,45
3749,26
3750,1
3751,algebra
3752,NA
3753,33
3754,52
3755,3
3756,1
3757,18
3758,5
3759,2
3760,1
3761,3
3762,8
3763,1
3764,8
3765,1
3766,15
3767,5
3768,3
3769,202
3770,1
3771,NA
3772,10
3773,1
3774,8
3775,12
3776,3
3777,5
3778,1
3779,NA
3780,1
3781,23
3782,1
3783,2
3784,14
3785,8
3786,NA
3787,3
3788,2
3789,NA
3790,2
3791,1
3792,1
3793,5
3794,6
3795,1
3796,1
3797,3
3798,3
3799,2
3800,4
3801,3
3802,3
3803,1
3804,4
3805,1
3806,1
3807,1
3808,4
3809,NA
3810,7
3811,15
3812,1
3813,4
3814,4
3815,7
3816,5
3817,1
3818,6
3819,2
3820,3
3821,NA
3822,1
3823,1
3824,6
3825,10
3826,1
3827,1
3828,1
3829,NA
3830,2
3831,7
3832,4
3833,20
3834,10
3835,2
3836,3
3837,2
3838,5
3839,NA
3840,48
3841,1
3842,1
3843,4
3844,algebra
3845,5
3846,443
3847,2
3848,19
3849,2
3850,3
3851,1
3852,22
3853,2
3854,32
3855,3
3856,35
3857,24
3858,1
3859,54
3860,39
3861,1
3862,1
3863,5
3864,2
3865,257
3866,NA
3867,4
3868,3
3869,2
3870,1
3871,1
3872,3
3873,3
3874,8
3875,1
3876,7
3877,10
3878,5
3879,110
3880,1
3881,21
3882,7
3883,27
3884,32
3885,2
3886,1
3887,10
3888,40
3889,230
3890,1
3891,1
3892,2
3893,1
3894,10
3895,4
3896,1
3897,2
3898,2
3899,158
3900,2
3901,3
3902,2
3903,1
3904,10
3905,18
3906,577
3907,4
3908,177
3909,4
3910,116
3911,3
3912,4
3913,15
3914,2
3915,3
3916,287
3917,3
3918,1
3919,2
3920,5
3921,1
3922,1
3923,9
3924,2
3925,19
3926,31
3927,1
3928,3
3929,6
3930,6
3931,15
3932,8
3933,1
3934,2
3935,38
3936,117
3937,3
3938,1
3939,2
3940,1
3941,977
3942,NA
3943,4
3944,8
3945,1
3946,171
3947,1
3948,1
3949,NA
3950,1
3951,11
3952,47
3953,2
3954,4
3955,15
3956,1
3957,5
3958,4
3959,20
3960,1
3961,283
3962,4
3963,2
3964,NA
3965,3
3966,1
3967,15
3968,7
3969,algebra
3970,1
3971,1
3972,9
3973,6
3974,2
3975,5
3976,1
3977,1
3978,7
3979,4
3980,45
3981,1
3982,8
3983,7
3984,46
3985,10
3986,NA
3987,1
3988,1
3989,6
3990,1
3991,21
3992,15
3993,5
3994,6
3995,15
3996,985
3997,7
3998,1
3999,22
4000,2
4001,1
4002,6
4003,1
4004,10
4005,2
4006,NA
4007,3
4008,200
4009,894
4010,1
4011,5
4012,1
4013,69
4014,2
4015,NA
4016,9
4017,6
4018,3
4019,32
4020,6
4021,27
4022,14
4023,10
4024,56
4025,1
4026,3
4027,3
4028,6
4029,2
4030,3
4031,11
4032,4
4033,26
4034,4
4035,72
4036,9
4037,1
4038,16
4039,NA
4040,3
4041,9
4042,148
4043,2
4044,10
4045,2
4046,1
4047,1
4048,1
4049,888
4050,30
4051,1
4052,2
4053,6
4054,NA
4055,1
4056,3
4057,51
4058,2
4059,18
4060,1
4061,1
4062,18
4063,87
4064,6
4065,4
4066,NA
4067,1
4068,2
4069,40
4070,3
4071,23
4072,3
4073,1
4074,2
4075,1
4076,25
4077,17
4078,55
4079,42
4080,1
4081,35
4082,3
4083,1
4084,NA
4085,3
4086,1
4087,2
4088,1
4089,NA
4090,5
4091,NA
4092,3
4093,1
4094,NA
4095,1
4096,NA
4097,348
4098,2
4099,18
4100,13
4101,19
4102,12
4103,1
4104,4
4105,2
4106,3
4107,4
4108,8
4109,2
4110,2
4111,15
4112,24
4113,2
4114,2
4115,6
4116,1
4117,17
4118,60
4119,160
4120,1
4121,3
4122,2
4123,4
4124,2
4125,13
4126,3
4127,14
4128,33
4129,NA
4130,11
4131,5
4132,13
4133,3
4134,NA
4135,2
4136,503
4137,9
4138,4
4139,60
4140,4
4141,1
4142,1
4143,1
4144,2
4145,2
4146,1
4147,9
4148,2
4149,58
4150,2
4151,5
4152,1
4153,NA
4154,4
4155,21
4156,219
4157,13
4158,2
4159,22
4160,1
4161,165
4162,2
4163,265
4164,6
4165,1
4166,21
4167,9
4168,134
4169,258
4170,1
4171,227
4172,2
4173,4
4174,18
4175,2
4176,1
4177,1
4178,2
4179,14
4180,29
4181,873
4182,5
4183,1
4184,30
4185,25
4186,1
4187,4
4188,19
4189,216
4190,23
4191,1
4192,4
4193,1
4194,260
4195,4
4196,69
4197,1
4198,2
4199,2
4200,6
4201,3
4202,1
4203,6
4204,20
4205,3
4206,5
4207,NA
4208,1
4209,30
4210,3
4211,19
4212,2
4213,1
4214,12
4215,1
4216,5
4217,15
4218,1
4219,4
4220,23
4221,1
4222,4
4223,5
4224,2
4225,9
4226,37
4227,7
4228,42
4229,NA
4230,1
4231,NA
4232,30
4233,7
4234,NA
4235,4
4236,NA
4237,1
4238,2
4239,14
4240,4
4241,17
4242,3
4243,3
4244,4
4245,5
4246,55
4247,1
4248,7
4249,22
4250,2
4251,1
4252,2
4253,2
4254,14
4255,1
4256,111
4257,9
4258,4
4259,2
4260,12
4261,225
4262,1
4263,1
4264,94
4265,1
4266,5
4267,1
4268,68
4269,2
4270,2
4271,1
4272,5
4273,90
4274,2
4275,8
4276,1
4277,20
4278,2
4279,12
4280,39
4281,1
4282,1
4283,2
4284,16
4285,1
4286,3
4287,4
4288,137
4289,10
4290,12
4291,697
4292,5
4293,1
4294,428
4295,3
4296,31
4297,8
4298,1
4299,4
4300,6
4301,3
4302,1
4303,67
4304,6
4305,7
4306,3
4307,6
4308,12
4309,60
4310,1
4311,NA
4312,2
4313,1
4314,24
4315,416
4316,525
4317,25
4318,4
4319,NA
4320,1
4321,1
4322,10
4323,1
4324,2
4325,2
4326,1
4327,10
4328,1
4329,52
4330,1
4331,NA
4332,2
4333,3
4334,112
4335,3
4336,3
4337,1
4338,2
4339,28
4340,1
4341,1
4342,3
4343,4
4344,30
4345,1
4346,23
4347,1
4348,1
4349,4
4350,6
4351,5
4352,2
4353,136
4354,436
4355,5
4356,5
4357,11
4358,1
4359,16
4360,5
4361,3
4362,4
4363,1
4364,6
4365,6
4366,13
4367,1
4368,1
4369,2
4370,197
4371,5
4372,9
4373,1
4374,14
4375,NA
4376,NA
4377,1
4378,2
4379,42
4380,12
4381,1
4382,2
4383,328
4384,NA
4385,3
4386,11
4387,2
4388,2
4389,8
4390,3
4391,5
4392,11
4393,53
4394,6
4395,1
4396,3
4397,161
4398,5
4399,4
4400,1
4401,1
4402,302
4403,6
4404,2
4405,5
4406,81
4407,1
4408,3
4409,34
4410,2
4411,11
4412,1
4413,3
4414,540
4415,2
4416,1
4417,4
4418,1
4419,4
4420,274
4421,319
4422,4
4423,6
4424,NA
4425,2
4426,67
4427,5
4428,1
4429,NA
4430,1
4431,1
4432,2
4433,1
4434,332
4435,9
4436,1
4437,5
4438,1
4439,2
4440,4
4441,155
4442,77
4443,87
4444,16
4445,1
4446,3
4447,1
4448,48
4449,8
4450,21
4451,37
4452,1
4453,1
4454,12
4455,2
4456,1
4457,2
4458,1
4459,14
4460,5
4461,3
4462,6
4463,1
4464,4
4465,1
4466,5
4467,4
4468,210
4469,6
4470,3
4471,31
4472,1
4473,4
4474,2
4475,1
4476,NA
4477,2
4478,2
4479,2
4480,216
4481,93
4482,1
4483,2
4484,2
4485,4
4486,NA
4487,7
4488,7
4489,algebra
4490,2
4491,1
4492,7
4493,205
4494,12
4495,15
4496,61
4497,10
4498,1
4499,34
4500,36
4501,1
4502,10
4503,4
4504,20
4505,9
4506,NA
4507,738
4508,32
4509,28
4510,25
4511,279
4512,NA
4513,3
4514,8
4515,1
4516,19
4517,1
4518,2
4519,2
4520,1
4521,5
4522,27
4523,109
4524,6
4525,63
4526,NA
4527,1
4528,4
4529,232
4530,2
4531,387
4532,4
4533,1
4534,72
4535,20
4536,3
4537,8
4538,1
4539,70
4540,2
4541,31
4542,5
4543,12
4544,46
4545,7
4546,NA
4547,20
4548,8
4549,26
4550,2
4551,1
4552,160
4553,3
4554,NA
4555,1
4556,59
4557,6
4558,9
4559,66
4560,6
4561,49
4562,4
4563,2
4564,16
4565,5
4566,1
4567,57
4568,1
4569,4
4570,10
4571,167
4572,2
4573,1
4574,2
4575,8
4576,111
4577,6
4578,16
4579,202
4580,3
4581,179
4582,1
4583,16
4584,172
4585,2
4586,49
4587,1
4588,9
4589,66
4590,1
4591,257
4592,3
4593,5
4594,72
4595,2
4596,1
4597,4
4598,19
4599,168
4600,5
4601,335
4602,3
4603,270
4604,42
4605,1
4606,9
4607,1
4608,4
4609,NA
4610,486
4611,705
4612,371
4613,2
4614,26
4615,1
4616,3
4617,2
4618,19
4619,10
4620,1
4621,33
4622,4
4623,71
4624,algebra
4625,9
4626,469
4627,1
4628,1
4629,34
4630,9
4631,3
4632,1
4633,1
4634,2
4635,4
4636,1
4637,107
4638,5
4639,12
4640,1
4641,7
4642,31
4643,3
4644,6
4645,7
4646,NA
4647,1
4648,3
4649,2
4650,5
4651,NA
4652,17
4653,2
4654,4
4655,1
4656,3
4657,3
4658,6
4659,8
4660,1
4661,7
4662,11
4663,1
4664,204
4665,2
4666,233
4667,28
4668,2
4669,378
4670,1
4671,3
4672,2
4673,1
4674,92
4675,78
4676,7
4677,1
4678,1
4679,82
4680,3
4681,19
4682,16
4683,1
4684,NA
4685,1
4686,9
4687,3
4688,1
4689,136
4690,7
4691,1
4692,15
4693,2
4694,8
4695,9
4696,1
4697,1
4698,1
4699,4
4700,8
4701,9
4702,15
4703,1
4704,2
4705,7
4706,1
4707,4
4708,20
4709,12
4710,4
4711,233
4712,2
4713,1
4714,NA
4715,1
4716,NA
4717,10
4718,1
4719,2
4720,59
4721,3
4722,3
4723,9
4724,8
4725,1
4726,1
4727,1
4728,2
4729,60
4730,2
4731,551
4732,3
4733,2
4734,4
4735,10
4736,1
4737,1
4738,20
4739,144
4740,9
4741,375
4742,112
4743,1
4744,2
4745,2
4746,1
4747,110
4748,3
4749,22
4750,7
4751,1
4752,2
4753,2
4754,530
4755,858
4756,5
4757,1
4758,25
4759,154
4760,2
4761,1
4762,52
4763,246
4764,6
4765,24
4766,1
4767,5
4768,1
4769,136
4770,3
4771,NA
4772,14
4773,16
4774,18
4775,1
4776,1
4777,40
4778,132
4779,8
4780,1
4781,1
4782,1
4783,5
4784,2
4785,5
4786,NA
4787,1
4788,1
4789,8
4790,10
4791,3
4792,8
4793,3
4794,2
4795,1
4796,NA
4797,1
4798,184
4799,2
4800,3
4801,NA
4802,2
4803,1
4804,6
4805,2
4806,1
4807,1
4808,24
4809,38
4810,2
4811,NA
4812,4
4813,1
4814,4
4815,1
4816,NA
4817,1
4818,6
4819,26
4820,1
4821,1
4822,109
4823,1
4824,2
4825,5
4826,15
4827,5
4828,3
4829,44
4830,3
4831,NA
4832,3
4833,28
4834,8
4835,2
4836,1
4837,2
4838,2
4839,840
4840,4
4841,1
4842,1
4843,1
4844,4
4845,5
4846,3
4847,8
4848,29
4849,16
4850,2
4851,5
4852,2
4853,1
4854,NA
4855,12
4856,1
4857,1
4858,1
4859,2
4860,1
4861,5
4862,1
4863,1
4864,2
4865,23
4866,63
4867,84
4868,12
4869,42
4870,4
4871,5
4872,2
4873,15
4874,12
4875,2
4876,13
4877,7
4878,58
4879,NA
4880,1
4881,3
4882,2
4883,17
4884,2
4885,NA
4886,3
4887,1
4888,28
4889,6
4890,144
4891,9
4892,1
4893,1
4894,28
4895,16
4896,11
4897,1
4898,6
4899,158
4900,3
4901,1
4902,3
4903,978
4904,2
4905,8
4906,17
4907,7
4908,1
4909,NA
4910,2
4911,NA
4912,6
4913,2
4914,4
4915,14
4916,5
4917,2
4918,6
4919,2
4920,30
4921,7
4922,1
4923,4
4924,4
4925,1
4926,1
4927,5
4928,1
4929,2
4930,1
4931,3
4932,17
4933,1
4934,2
4935,1
4936,3
4937,12
4938,3
4939,252
4940,2
4941,23
4942,46
4943,2
4944,24
4945,5
4946,NA
4947,1
4948,1
4949,2
4950,2
4951,1
4952,2
4953,15
4954,2
4955,24
4956,1
4957,3
4958,77
4959,2
4960,452
4961,NA
4962,12
4963,3
4964,28
4965,3
4966,63
4967,1
4968,7
4969,2
4970,5
4971,3
4972,21
4973,63
4974,2
4975,1
4976,NA
4977,1
4978,19
4979,6
4980,3
4981,29
4982,1
4983,32
4984,376
4985,2
4986,5
4987,5
4988,3
4989,4
4990,2
4991,1
4992,1
4993,6
4994,10
4995,3
4996,1
4997,NA
4998,2
4999,194
5000,1
5001,5
5002,1
5003,1
5004,4
5005,2
5006,1
5007,9
5008,23
5009,NA
5010,1
5011,1
5012,4
5013,1
5014,142
5015,2
5016,1
5017,2
5018,2
5019,16
5020,NA
5021,1
5022,5
5023,47
5024,46
5025,10
5026,NA
5027,2
5028,7
5029,6
5030,1
5031,7
5032,NA
5033,2
5034,2
5035,77
5036,5
5037,2
5038,3
5039,36
5040,2
5041,23
5042,12
5043,9
5044,32
5045,2
5046,209
5047,1
5048,10
5049,NA
5050,4
5051,1
5052,2
5053,2
5054,74
5055,574
5056,15
5057,3
5058,1
5059,20
5060,92
5061,63
5062,20
5063,1
5064,14
5065,1
5066,1
5067,4
5068,1
5069,112
5070,1
5071,29
5072,8
5073,2
5074,156
5075,3
5076,3
5077,166
5078,5
5079,480
5080,99
5081,1
5082,1
5083,1
5084,136
5085,791
5086,17
5087,69
5088,1
5089,230
5090,3
5091,65
5092,3
5093,1
5094,4
5095,5
5096,1
5097,4
5098,3
5099,22
5100,15
5101,NA
5102,1
5103,18
5104,2
5105,3
5106,15
5107,3
5108,32
5109,18
5110,1
5111,3
5112,3
5113,5
5114,2
5115,4
5116,NA
5117,5
5118,2
5119,4
5120,4
5121,1
5122,163
5123,1
5124,2
5125,2
5126,3
5127,24
5128,13
5129,6
5130,4
5131,1
5132,7
5133,9
5134,14
5135,1
5136,1
5137,30
5138,31
5139,262
5140,1
5141,23
5142,1
5143,2
5144,30
5145,3
5146,1
5147,25
5148,5
5149,NA
5150,15
5151,133
5152,NA
5153,1
5154,4
5155,3
5156,49
5157,12
5158,2
5159,6
5160,1
5161,11
5162,71
5163,3
5164,NA
5165,5
5166,1
5167,1
5168,121
5169,2
5170,21
5171,1
5172,1
5173,21
5174,8
5175,3
5176,29
5177,3
5178,1
5179,272
5180,6
5181,3
5182,1
5183,4
5184,algebra
5185,4
5186,NA
5187,1
5188,23
5189,88
5190,2
5191,1
5192,2
5193,11
5194,2
5195,2
5196,203
5197,11
5198,2
5199,28
5200,318
5201,1
5202,3
5203,11
5204,4
5205,1
5206,3
5207,2
5208,11
5209,NA
5210,1
5211,5
5212,5
5213,1
5214,4
5215,2
5216,3
5217,5
5218,3
5219,8
5220,2
5221,1
5222,1
5223,1
5224,NA
5225,10
5226,NA
5227,13
5228,11
5229,242
5230,1
5231,545
5232,4
5233,8
5234,4
5235,2
5236,1
5237,4
5238,1
5239,2
5240,2
5241,9
5242,5
5243,3
5244,10
5245,12
5246,NA
5247,1
5248,1
5249,14
5250,2
5251,3
5252,1
5253,5
5254,12
5255,6
5256,95
5257,2
5258,2
5259,4
5260,9
5261,21
5262,69
5263,4
5264,4
5265,3
5266,1
5267,126
5268,13
5269,NA
5270,8
5271,25
5272,1
5273,10
5274,NA
5275,2
5276,1
5277,4
5278,2
5279,88
5280,17
5281,3
5282,1
5283,NA
5284,28
5285,4
5286,23
5287,3
5288,2
5289,36
5290,1
5291,7
5292,9
5293,2
5294,322
5295,4
5296,5
5297,6
5298,1
5299,6
5300,2
5301,1
5302,41
5303,2
5304,6
5305,6
5306,3
5307,5
5308,123
5309,32
5310,3
5311,7
5312,5
5313,4
5314,NA
5315,1
5316,17
5317,3
5318,3
5319,288
5320,5
5321,9
5322,4
5323,3
5324,14
5325,1
5326,1
5327,1
5328,2
5329,algebra
5330,18
5331,3
5332,158
5333,6
5334,NA
5335,1
5336,1
5337,2
5338,7
5339,10
5340,8
5341,15
5342,1
5343,1
5344,30
5345,2
5346,33
5347,8
5348,2
5349,478
5350,9
5351,353
5352,7
5353,4
5354,18
5355,1
5356,5
5357,3
5358,11
5359,2
5360,3
5361,47
5362,469
5363,1
5364,24
5365,5
5366,429
5367,1
5368,11
5369,2
5370,3
5371,3
5372,8
5373,6
5374,14
5375,2
5376,3
5377,2
5378,1
5379,2
5380,18
5381,1
5382,1
5383,4
5384,20
5385,10
5386,9
5387,1
5388,1
5389,24
5390,7
5391,9
5392,28
5393,2
5394,2
5395,138
5396,NA
5397,4
5398,27
5399,6
5400,3
5401,1
5402,1
5403,1
5404,NA
5405,4
5406,1
5407,10
5408,91
5409,22
5410,14
5411,1
5412,1
5413,11
5414,12
5415,3
5416,NA
5417,13
5418,1
5419,8
5420,1
5421,9
5422,2
5423,2
5424,2
5425,1
5426,1
5427,19
5428,4
5429,8
5430,3
5431,NA
5432,1
5433,10
5434,24
5435,2
5436,5
5437,1
5438,4
5439,20
5440,2
5441,1
5442,82
5443,1
5444,38
5445,1
5446,7
5447,27
5448,1
5449,8
5450,6
5451,1
5452,1
5453,1
5454,506
5455,40
5456,3
5457,3
5458,2
5459,NA
5460,15
5461,1
5462,6
5463,3
5464,92
5465,4
5466,1
5467,5
5468,9
5469,10
5470,543
5471,3
5472,9
5473,1
5474,2
5475,3
5476,17
5477,6
5478,7
5479,4
5480,1
5481,205
5482,37
5483,1
5484,4
5485,9
5486,1
5487,1
5488,7
5489,74
5490,1
5491,47
5492,103
5493,4
5494,98
5495,1
5496,3
5497,24
5498,12
5499,NA
5500,106
5501,371
5502,1
5503,5
5504,4
5505,3
5506,1
5507,7
5508,2
5509,4
5510,13
5511,17
5512,2
5513,2
5514,220
5515,19
5516,1
5517,2
5518,1
5519,28
5520,2
5521,27
5522,1
5523,9
5524,64
5525,1
5526,NA
5527,50
5528,1
5529,6
5530,2
5531,435
5532,7
5533,6
5534,18
5535,1
5536,1
5537,2
5538,3
5539,NA
5540,8
5541,1
5542,10
5543,1
5544,24
5545,7
5546,655
5547,2
5548,8
5549,4
5550,4
5551,9
5552,1
5553,19
5554,NA
5555,25
5556,7
5557,14
5558,2
5559,14
5560,1
5561,17
5562,6
5563,1
5564,84
5565,1
5566,11
5567,3
5568,44
5569,6
5570,2
5571,65
5572,1
5573,1
5574,4
5575,20
5576,13
5577,9
5578,4
5579,10
5580,1
5581,5
5582,4
5583,2
5584,2
5585,1
5586,1
5587,1
5588,4
5589,2
5590,1
5591,1
5592,7
5593,23
5594,8
5595,1
5596,21
5597,845
5598,2
5599,2
5600,6
5601,1
5602,45
5603,2
5604,6
5605,64
5606,5
5607,3
5608,5
5609,4
5610,3
5611,NA
5612,2
5613,2
5614,22
5615,3
5616,9
5617,8
5618,2
5619,2
5620,32
5621,3
5622,1
5623,1
5624,62
5625,17
5626,NA
5627,137
5628,3
5629,2
5630,NA
5631,3
5632,NA
5633,1
5634,56
5635,26
5636,549
5637,6
5638,17
5639,2
5640,2
5641,1
5642,14
5643,2
5644,28
5645,2
5646,1
5647,12
5648,6
5649,692
5650,4
5651,31
5652,5
5653,2
5654,22
5655,1
5656,15
5657,17
5658,3
5659,6
5660,125
5661,1
5662,1
5663,1
5664,82
5665,5
5666,3
5667,1
5668,12
5669,2
5670,18
5671,31
5672,1
5673,10
5674,54
5675,1
5676,5
5677,13
5678,3
5679,NA
5680,22
5681,5
5682,1
5683,6
5684,NA
5685,9
5686,43
5687,2
5688,51
5689,4
5690,1
5691,3
5692,3
5693,3
5694,6
5695,6
5696,NA
5697,1
5698,8
5699,NA
5700,1
5701,3
5702,60
5703,4
5704,4
5705,26
5706,1
5707,1
5708,107
5709,2
5710,NA
5711,1
5712,1
5713,3
5714,18
5715,2
5716,1
5717,1
5718,6
5719,80
5720,1
5721,753
5722,46
5723,1
5724,8
5725,19
5726,1
5727,13
5728,17
5729,4
5730,1
5731,1
5732,313
5733,3
5734,178
5735,9
5736,3
5737,3
5738,2
5739,6
5740,84
5741,73
5742,1
5743,2
5744,6
5745,57
5746,NA
5747,5
5748,19
5749,6
5750,3
5751,NA
5752,1
5753,20
5754,2
5755,2
5756,1
5757,8
5758,1
5759,30
5760,18
5761,5
5762,1
5763,11
5764,NA
5765,14
5766,15
5767,1
5768,22
5769,4
5770,4
5771,3
5772,1
5773,2
5774,6
5775,3
5776,3
5777,7
5778,3
5779,302
5780,58
5781,41
5782,2
5783,1
5784,NA
5785,3
5786,1
5787,16
5788,1
5789,12
5790,3
5791,51
5792,2
5793,1
5794,192
5795,1
5796,1
5797,509
5798,37
5799,32
5800,5
5801,3
5802,1
5803,1
5804,2
5805,5
5806,11
5807,12
5808,3
5809,74
5810,1
5811,7
5812,3
5813,5
5814,6
5815,1
5816,17
5817,1
5818,62
5819,6
5820,2
5821,7
5822,8
5823,13
5824,10
5825,1
5826,9
5827,11
5828,9
5829,826
5830,NA
5831,1
5832,1
5833,5
5834,4
5835,5
5836,9
5837,5
5838,5
5839,10
5840,NA
5841,11
5842,1
5843,1
5844,NA
5845,35
5846,1
5847,5
5848,10
5849,8
5850,1
5851,5
5852,3
5853,3
5854,30
5855,10
5856,73
5857,4
5858,1
5859,22
5860,2
5861,15
5862,10
5863,3
5864,2
5865,11
5866,3
5867,7
5868,15
5869,2
5870,1
5871,1
5872,2
5873,8
5874,56
5875,16
5876,23
5877,1
5878,10
5879,410
5880,16
5881,3
5882,1
5883,2
5884,6
5885,4
5886,17
5887,10
5888,1
5889,4
5890,8
5891,585
5892,75
5893,1
5894,400
5895,10
5896,1
5897,4
5898,5
5899,2
5900,5
5901,9
5902,7
5903,55
5904,2
5905,1
5906,27
5907,1
5908,2
5909,52
5910,911
5911,NA
5912,25
5913,4
5914,26
5915,1
5916,11
5917,5
5918,11
5919,12
5920,3
5921,1
5922,3
5923,8
5924,70
5925,33
5926,NA
5927,2
5928,1
5929,algebra
5930,2
5931,1
5932,11
5933,15
5934,NA
5935,12
5936,1
5937,1
5938,1
5939,28
5940,8
5941,1
5942,4
5943,3
5944,2
5945,1
5946,NA
5947,12
5948,4
5949,154
5950,298
5951,11
5952,11
5953,2
5954,2
5955,25
5956,NA
5957,2
5958,1
5959,NA
5960,195
5961,1
5962,2
5963,13
5964,284
5965,13
5966,3
5967,3
5968,2
5969,34
5970,1
5971,45
5972,1
5973,1
5974,NA
5975,6
5976,21
5977,14
5978,4
5979,NA
5980,5
5981,3
5982,NA
5983,30
5984,220
5985,6
5986,1
5987,5
5988,30
5989,14
5990,1
5991,185
5992,21
5993,1
5994,6
5995,2
5996,33
5997,6
5998,6
5999,58
6000,NA
6001,1
6002,114
6003,1
6004,2
6005,23
6006,23
6007,2
6008,4
6009,2
6010,7
6011,975
6012,4
6013,1
6014,2
6015,1
6016,5
6017,1
6018,1
6019,NA
6020,1
6021,225
6022,1
6023,5
6024,NA
6025,2
6026,1
6027,4
6028,3
6029,364
6030,3
6031,11
6032,2
6033,1
6034,2
6035,1
6036,1
6037,4
6038,1
6039,8
6040,2
6041,1
6042,2
6043,42
6044,8
6045,6
6046,3
6047,6
6048,6
6049,NA
6050,10
6051,51
6052,3
6053,1
6054,34
6055,4
6056,1
6057,25
6058,8
6059,14
6060,4
6061,5
6062,4
6063,4
6064,12
6065,3
6066,1
6067,19
6068,1
6069,32
6070,2
6071,1
6072,8
6073,3
6074,6
6075,22
6076,algebra
6077,1
6078,5
6079,2
6080,2
6081,1
6082,10
6083,2
6084,algebra
6085,1
6086,3
6087,7
6088,18
6089,48
6090,3
6091,1
6092,10
6093,4
6094,NA
6095,34
6096,1
6097,8
6098,NA
6099,148
6100,3
6101,983
6102,25
6103,19
6104,92
6105,1
6106,NA
6107,2
6108,2
6109,4
6110,4
6111,1
6112,163
6113,5
6114,6
6115,2
6116,1
6117,2
6118,1
6119,2
6120,4
6121,89
6122,11
6123,2
6124,8
6125,66
6126,1
6127,39
6128,2
6129,18
6130,7
6131,79
6132,1
6133,2
6134,664
6135,5
6136,435
6137,50
6138,6
6139,2
6140,9
6141,1
6142,75
6143,1
6144,190
6145,1
6146,9
6147,1
6148,17
6149,78
6150,1
6151,51
6152,1
6153,3
6154,NA
6155,127
6156,3
6157,1
6158,7
6159,278
6160,14
6161,3
6162,9
6163,21
6164,240
6165,1
6166,725
6167,4
6168,152
6169,360
6170,4
6171,1
6172,19
6173,2
6174,36
6175,2
6176,1
6177,172
6178,2
6179,972
6180,5
6181,NA
6182,3
6183,9
6184,NA
6185,1
6186,NA
6187,NA
6188,3
6189,NA
6190,3
6191,NA
6192,5
6193,1
6194,2
6195,3
6196,5
6197,9
6198,3
6199,114
6200,1
6201,1
6202,1
6203,15
6204,474
6205,3
6206,1
6207,32
6208,13
6209,6
6210,1
6211,1
6212,NA
6213,9
6214,NA
6215,10
6216,87
6217,33
6218,1
6219,2
6220,1
6221,1
6222,1
6223,NA
6224,2
6225,1
6226,NA
6227,1
6228,2
6229,16
6230,3
6231,53
6232,6
6233,2
6234,6
6235,1
6236,23
6237,1
6238,1
6239,12
6240,6
6241,3
6242,8
6243,1
6244,12
6245,14
6246,NA
6247,2
6248,2
6249,2
6250,2
6251,NA
6252,7
6253,96
6254,6
6255,5
6256,1
6257,24
6258,15
6259,98
6260,42
6261,NA
6262,3
6263,4
6264,290
6265,23
6266,1
6267,10
6268,959
6269,20
6270,1
6271,1
6272,2
6273,3
6274,10
6275,3
6276,1
6277,3
6278,4
6279,6
6280,4
6281,7
6282,2
6283,1
6284,2
6285,2
6286,3
6287,4
6288,4
6289,30
6290,116
6291,85
6292,2
6293,21
6294,770
6295,48
6296,15
6297,11
6298,1
6299,10
6300,1
6301,1
6302,3
6303,2
6304,86
6305,1
6306,7
6307,7
6308,1
6309,NA
6310,2
6311,7
6312,1
6313,2
6314,984
6315,11
6316,1
6317,17
6318,NA
6319,10
6320,5
6321,1
6322,9
6323,4
6324,2
6325,1
6326,1
6327,1
6328,1
6329,22
6330,1
6331,35
6332,1
6333,2
6334,46
6335,9
6336,NA
6337,79
6338,20
6339,42
6340,9
6341,523
6342,1
6343,61
6344,6
6345,16
6346,41
6347,2
6348,4
6349,6
6350,3
6351,7
6352,18
6353,1
6354,30
6355,5
6356,7
6357,1
6358,3
6359,2
6360,14
6361,NA
6362,18
6363,6
6364,14
6365,18
6366,3
6367,2
6368,1
6369,8
6370,1
6371,1
6372,10
6373,8
6374,NA
6375,43
6376,NA
6377,1
6378,1
6379,30
6380,2
6381,NA
6382,2
6383,2
6384,NA
6385,3
6386,105
6387,12
6388,7
6389,312
6390,1
6391,25
6392,2
6393,1
6394,62
6395,134
6396,1
6397,1
6398,5
6399,14
6400,5
6401,39
6402,2
6403,8
6404,12
6405,2
6406,25
6407,6
6408,4
6409,470
6410,2
6411,869
6412,2
6413,1
6414,148
6415,10
6416,15
6417,10
6418,1
6419,6
6420,2
6421,3
6422,5
6423,1
6424,NA
6425,1
6426,433
6427,5
6428,9
6429,206
6430,5
6431,117
6432,1
6433,15
6434,NA
6435,4
6436,29
6437,2
6438,1
6439,NA
6440,25
6441,3
6442,1
6443,12
6444,2
6445,4
6446,1
6447,1
6448,3
6449,NA
6450,15
6451,1
6452,19
6453,1
6454,10
6455,1
6456,9
6457,3
6458,74
6459,4
6460,480
6461,23
6462,8
6463,112
6464,42
6465,5
6466,NA
6467,13
6468,1
6469,NA
6470,1
6471,107
6472,20
6473,1
6474,4
6475,3
6476,67
6477,5
6478,3
6479,56
6480,1
6481,7
6482,7
6483,757
6484,18
6485,2
6486,31
6487,52
6488,1
6489,2
6490,1
6491,7
6492,10
6493,2
6494,14
6495,5
6496,1
6497,11
6498,12
6499,44
6500,2
6501,9
6502,23
6503,1
6504,20
6505,3
6506,NA
6507,2
6508,1
6509,108
6510,2
6511,11
6512,1
6513,6
6514,NA
6515,55
6516,5
6517,274
6518,5
6519,10
6520,2
6521,1
6522,4
6523,1
6524,8
6525,2
6526,1
6527,4
6528,8
6529,2
6530,1
6531,1
6532,9
6533,1
6534,4
6535,254
6536,7
6537,1
6538,2
6539,14
6540,4
6541,3
6542,1
6543,645
6544,94
6545,4
6546,1
6547,6
6548,11
6549,80
6550,6
6551,71
6552,8
6553,2
6554,46
6555,2
6556,3
6557,8
6558,4
6559,358
6560,4
6561,1
6562,2
6563,1
6564,4
6565,6
6566,1
6567,4
6568,129
6569,846
6570,12
6571,NA
6572,1
6573,6
6574,2
6575,3
6576,45
6577,1
6578,1
6579,92
6580,4
6581,1
6582,5
6583,6
6584,2
6585,1
6586,31
6587,12
6588,1
6589,NA
6590,44
6591,17
6592,15
6593,5
6594,10
6595,93
6596,5
6597,8
6598,1
6599,2
6600,1
6601,27
6602,2
6603,7
6604,10
6605,5
6606,3
6607,11
6608,1
6609,2
6610,174
6611,29
6612,23
6613,4
6614,220
6615,3
6616,31
6617,5
6618,3
6619,30
6620,2
6621,1
6622,1
6623,4
6624,4
6625,NA
6626,75
6627,1
6628,5
6629,12
6630,3
6631,1
6632,41
6633,2
6634,166
6635,1
6636,3
6637,2
6638,9
6639,4
6640,1
6641,1
6642,2
6643,5
6644,NA
6645,6
6646,3
6647,1
6648,3
6649,4
6650,2
6651,1
6652,13
6653,15
6654,14
6655,2
6656,1
6657,1
6658,106
6659,582
6660,18
6661,1
6662,1
6663,1
6664,14
6665,2
6666,1
6667,6
6668,1
6669,2
6670,295
6671,3
6672,1
6673,81
6674,96
6675,1
6676,1
6677,6
6678,1
6679,4
6680,3
6681,305
6682,15
6683,1
6684,28
6685,3
6686,1
6687,1
6688,4
6689,236
6690,26
6691,257
6692,9
6693,3
6694,10
6695,3
6696,35
6697,2
6698,1
6699,6
6700,3
6701,1
6702,2
6703,13
6704,36
6705,2
6706,5
6707,2
6708,11
6709,2
6710,2
6711,3
6712,1
6713,1
6714,130
6715,40
6716,11
6717,3
6718,18
6719,72
6720,2
6721,31
6722,3
6723,24
6724,algebra
6725,4
6726,1
6727,9
6728,2
6729,16
6730,6
6731,1
6732,2
6733,4
6734,182
6735,1
6736,129
6737,5
6738,1
6739,124
6740,1
6741,9
6742,2
6743,1
6744,2
6745,2
6746,3
6747,8
6748,1
6749,208
6750,7
6751,263
6752,107
6753,7
6754,2
6755,1
6756,9
6757,147
6758,4
6759,NA
6760,1
6761,1
6762,15
6763,291
6764,6
6765,10
6766,61
6767,9
6768,5
6769,2
6770,9
6771,1
6772,5
6773,2
6774,2
6775,235
6776,1
6777,1
6778,5
6779,2
6780,13
6781,45
6782,1
6783,1
6784,28
6785,47
6786,71
6787,5
6788,2
6789,42
6790,15
6791,79
6792,13
6793,3
6794,8
6795,27
6796,7
6797,3
6798,1
6799,NA
6800,81
6801,3
6802,30
6803,6
6804,94
6805,1
6806,65
6807,60
6808,2
6809,26
6810,1
6811,79
6812,2
6813,9
6814,10
6815,3
6816,1
6817,6
6818,1
6819,2
6820,1
6821,681
6822,1
6823,32
6824,10
6825,3
6826,NA
6827,3
6828,3
6829,72
6830,1
6831,1
6832,1
6833,62
6834,6
6835,8
6836,1
6837,1
6838,13
6839,2
6840,16
6841,5
6842,11
6843,1
6844,12
6845,1
6846,749
6847,1
6848,4
6849,NA
6850,1
6851,1
6852,2
6853,18
6854,2
6855,5
6856,NA
6857,2
6858,21
6859,2
6860,2
6861,31
6862,11
6863,3
6864,30
6865,3
6866,271
6867,1
6868,19
6869,24
6870,4
6871,17
6872,9
6873,5
6874,108
6875,8
6876,1
6877,4
6878,1
6879,4
6880,6
6881,171
6882,3
6883,3
6884,2
6885,1
6886,NA
6887,18
6888,1
6889,algebra
6890,4
6891,33
6892,3
6893,18
6894,156
6895,2
6896,3
6897,6
6898,81
6899,150
6900,453
6901,NA
6902,26
6903,7
6904,652
6905,2
6906,1
6907,3
6908,2
6909,2
6910,1
6911,35
6912,35
6913,193
6914,2
6915,1
6916,135
6917,1
6918,3
6919,NA
6920,37
6921,3
6922,7
6923,5
6924,194
6925,11
6926,3
6927,2
6928,12
6929,4
6930,1
6931,NA
6932,1
6933,3
6934,42
6935,1
6936,1
6937,4
6938,1
6939,90
6940,2
6941,3
6942,2
6943,2
6944,18
6945,32
6946,3
6947,2
6948,1
6949,100
6950,1
6951,9
6952,11
6953,1
6954,194
6955,7
6956,105
6957,14
6958,1
6959,4
6960,3
6961,NA
6962,1
6963,4
6964,6
6965,6
6966,1
6967,53
6968,21
6969,50
6970,2
6971,NA
6972,6
6973,838
6974,30
6975,12
6976,NA
6977,12
6978,5
6979,18
6980,2
6981,1
6982,45
6983,9
6984,86
6985,358
6986,NA
6987,2
6988,27
6989,2
6990,1
6991,3
6992,1
6993,1
6994,4
6995,47
6996,27
6997,21
6998,15
6999,10
7000,4
7001,1
7002,36
7003,4
7004,32
7005,9
7006,NA
7007,1
7008,37
7009,4
7010,2
7011,7
7012,1
7013,4
7014,44
7015,11
7016,1
7017,5
7018,9
7019,128
7020,1
7021,1
7022,2
7023,9
7024,66
7025,2
7026,3
7027,10
7028,7
7029,4
7030,4
7031,3
7032,2
7033,9
7034,6
7035,3
7036,1
7037,1
7038,26
7039,14
7040,1
7041,1
7042,2
7043,1
7044,12
7045,3
7046,5
7047,2
7048,2
7049,30
7050,5
7051,NA
7052,3
7053,3
7054,66
7055,2
7056,11
7057,1
7058,4
7059,8
7060,371
7061,259
7062,NA
7063,4
7064,10
7065,7
7066,NA
7067,1
7068,1
7069,60
7070,3
7071,821
7072,1
7073,5
7074,2
7075,2
7076,1
7077,7
7078,11
7079,6
7080,11
7081,175
7082,1
7083,1
7084,10
7085,1
7086,1
7087,3
7088,3
7089,30
7090,55
7091,1
7092,NA
7093,1
7094,10
7095,2
7096,NA
7097,1
7098,1
7099,424
7100,9
7101,191
7102,7
7103,7
7104,NA
7105,6
7106,1
7107,6
7108,304
7109,300
7110,8
7111,5
7112,4
7113,14
7114,NA
7115,12
7116,3
7117,1
7118,1
7119,2
7120,1
7121,7
7122,3
7123,12
7124,6
7125,2
7126,39
7127,2
7128,1
7129,4
7130,2
7131,1
7132,14
7133,1
7134,NA
7135,1
7136,5
7137,1
7138,1
7139,4
7140,1
7141,3
7142,1
7143,2
7144,NA
7145,2
7146,NA
7147,5
7148,22
7149,10
7150,5
7151,67
7152,2
7153,10
7154,12
7155,3
7156,7
7157,10
7158,2
7159,366
7160,1
7161,3
7162,151
7163,1
7164,326
7165,2
7166,33
7167,8
7168,11
7169,4
7170,27
7171,105
7172,1
7173,43
7174,2
7175,1
7176,45
7177,30
7178,9
7179,438
7180,1
7181,5
7182,6
7183,7
7184,114
7185,2
7186,15
7187,18
7188,1
7189,16
7190,1
7191,7
7192,922
7193,3
7194,8
7195,NA
7196,9
7197,5
7198,3
7199,36
7200,2
7201,1
7202,2
7203,14
7204,2
7205,1
7206,21
7207,1
7208,3
7209,4
7210,1
7211,5
7212,1
7213,2
7214,92
7215,2
7216,1
7217,3
7218,286
7219,538
7220,3
7221,NA
7222,66
7223,1
7224,10
7225,957
7226,3
7227,2
7228,1
7229,2
7230,7
7231,3
7232,NA
7233,6
7234,4
7235,67
7236,1
7237,22
7238,4
7239,64
7240,3
7241,951
7242,3
7243,3
7244,8
7245,4
7246,1
7247,11
7248,2
7249,6
7250,6
7251,1
7252,1
7253,2
7254,6
7255,245
7256,63
7257,3
7258,6
7259,4
7260,15
7261,NA
7262,8
7263,2
7264,2
7265,11
7266,261
7267,9
7268,5
7269,20
7270,1
7271,3
7272,53
7273,2
7274,NA
7275,108
7276,NA
7277,1
7278,1
7279,4
7280,1
7281,171
7282,22
7283,8
7284,NA
7285,2
7286,277
7287,6
7288,1
7289,24
7290,2
7291,1
7292,1
7293,6
7294,74
7295,3
7296,367
7297,339
7298,3
7299,8
7300,4
7301,NA
7302,2
7303,11
7304,2
7305,1
7306,7
7307,17
7308,3
7309,NA
7310,4
7311,NA
7312,3
7313,24
7314,2
7315,10
7316,1
7317,3
7318,2
7319,78
7320,13
7321,11
7322,1
7323,4
7324,6
7325,11
7326,69
7327,7
7328,1
7329,NA
7330,14
7331,1
7332,8
7333,1
7334,2
7335,1
7336,17
7337,1
7338,1
7339,6
7340,2
7341,105
7342,1
7343,2
7344,38
7345,1
7346,179
7347,2
7348,3
7349,6
7350,2
7351,3
7352,3
7353,5
7354,2
7355,3
7356,65
7357,530
7358,1
7359,6
7360,4
7361,1
7362,100
7363,2
7364,8
7365,1
7366,21
7367,2
7368,12
7369,NA
7370,8
7371,17
7372,1
7373,5
7374,2
7375,5
7376,3
7377,2
7378,27
7379,2
7380,13
7381,167
7382,1
7383,20
7384,8
7385,3
7386,3
7387,1
7388,8
7389,NA
7390,32
7391,5
7392,6
7393,17
7394,12
7395,12
7396,NA
7397,1
7398,2
7399,2
7400,771
7401,9
7402,11
7403,1
7404,2
7405,88
7406,105
7407,127
7408,40
7409,2
7410,1
7411,231
7412,5
7413,2
7414,124
7415,13
7416,933
7417,2
7418,2
7419,4
7420,2
7421,1
7422,1
7423,NA
7424,6
7425,2
7426,1
7427,1
7428,3
7429,12
7430,15
7431,89
7432,1
7433,12
7434,2
7435,59
7436,37
7437,2
7438,15
7439,2
7440,4
7441,85
7442,1
7443,1
7444,26
7445,1
7446,13
7447,2
7448,1
7449,62
7450,30
7451,263
7452,5
7453,NA
7454,40
7455,1
7456,NA
7457,16
7458,60
7459,6
7460,1
7461,1
7462,2
7463,1
7464,12
7465,87
7466,1
7467,15
7468,6
7469,16
7470,53
7471,1
7472,2
7473,5
7474,8
7475,1
7476,5
7477,3
7478,NA
7479,NA
7480,1
7481,1
7482,70
7483,33
7484,74
7485,1
7486,21
7487,14
7488,7
7489,2
7490,10
7491,1
7492,9
7493,4
7494,NA
7495,3
7496,29
7497,1
7498,2
7499,102
7500,17
7501,23
7502,3
7503,4
7504,30
7505,1
7506,3
7507,26
7508,1
7509,936
7510,554
7511,1
7512,1
7513,28
7514,82
7515,1
7516,NA
7517,2
7518,1
7519,2
7520,12
7521,NA
7522,NA
7523,NA
7524,6
7525,1
7526,9
7527,3
7528,5
7529,26
7530,7
7531,7
7532,1
7533,16
7534,16
7535,5
7536,1
7537,42
7538,2
7539,2
7540,1
7541,125
7542,6
7543,5
7544,NA
7545,8
7546,3
7547,1
7548,6
7549,10
7550,2
7551,NA
7552,2
7553,4
7554,10
7555,6
7556,11
7557,1
7558,1
7559,2
7560,2
7561,5
7562,19
7563,8
7564,12
7565,1
7566,1
7567,67
7568,7
7569,algebra
7570,4
7571,1
7572,7
7573,146
7574,110
7575,1
7576,45
7577,4
7578,5
7579,4
7580,198
7581,3
7582,2
7583,3
7584,8
7585,13
7586,1
7587,1
7588,1
7589,32
7590,1
7591,NA
7592,1
7593,10
7594,10
7595,8
7596,1
7597,16
7598,4
7599,6
7600,NA
7601,61
7602,2
7603,1
7604,10
7605,3
7606,13
7607,31
7608,2
7609,18
7610,279
7611,1
7612,10
7613,29
7614,136
7615,53
7616,NA
7617,NA
7618,17
7619,NA
7620,2
7621,67
7622,25
7623,5
7624,8
7625,13
7626,11
7627,2
7628,49
7629,2
7630,1
7631,5
7632,1
7633,35
7634,2
7635,6
7636,5
7637,1
7638,3
7639,4
7640,23
7641,1
7642,28
7643,2
7644,202
7645,3
7646,67
7647,2
7648,111
7649,2
7650,6
7651,1
7652,1
7653,1
7654,32
7655,23
7656,3
7657,151
7658,4
7659,32
7660,7
7661,39
7662,2
7663,3
7664,30
7665,1
7666,1
7667,5
7668,4
7669,116
7670,1
7671,23
7672,150
7673,65
7674,NA
7675,4
7676,15
7677,4
7678,7
7679,4
7680,4
7681,23
7682,NA
7683,1
7684,4
7685,6
7686,3
7687,1
7688,3
7689,10
7690,3
7691,9
7692,6
7693,7
7694,10
7695,193
7696,593
7697,2
7698,280
7699,8
7700,5
7701,1
7702,1
7703,423
7704,2
7705,1
7706,7
7707,54
7708,11
7709,6
7710,2
7711,453
7712,6
7713,8
7714,NA
7715,2
7716,13
7717,95
7718,1
7719,40
7720,1
7721,1
7722,2
7723,11
7724,4
7725,2
7726,9
7727,4
7728,16
7729,10
7730,1
7731,9
7732,1
7733,3
7734,2
7735,5
7736,1
7737,3
7738,10
7739,NA
7740,1
7741,NA
7742,2
7743,1
7744,algebra
7745,3
7746,39
7747,1
7748,23
7749,140
7750,5
7751,1
7752,3
7753,135
7754,14
7755,1
7756,NA
7757,3
7758,1
7759,14
7760,5
7761,1
7762,NA
7763,4
7764,22
7765,1
7766,29
7767,3
7768,1
7769,2
7770,15
7771,NA
7772,4
7773,2
7774,6
7775,10
7776,287
7777,1
7778,728
7779,NA
7780,2
7781,3
7782,1
7783,4
7784,448
7785,2
7786,1
7787,2
7788,1
7789,2
7790,12
7791,1
7792,3
7793,6
7794,4
7795,1
7796,7
7797,7
7798,8
7799,32
7800,3
7801,NA
7802,2
7803,3
7804,46
7805,1
7806,155
7807,5
7808,2
7809,2
7810,7
7811,NA
7812,3
7813,13
7814,10
7815,10
7816,3
7817,7
7818,1
7819,12
7820,1
7821,345
7822,22
7823,1
7824,2
7825,83
7826,1
7827,2
7828,9
7829,8
7830,5
7831,7
7832,1
7833,1
7834,2
7835,3
7836,23
7837,133
7838,4
7839,142
7840,1
7841,9
7842,1
7843,3
7844,8
7845,3
7846,1
7847,2
7848,1
7849,52
7850,3
7851,1
7852,20
7853,62
7854,166
7855,1
7856,1
7857,8
7858,2
7859,50
7860,6
7861,NA
7862,1
7863,1
7864,12
7865,1
7866,1
7867,2
7868,3
7869,4
7870,5
7871,11
7872,1
7873,1
7874,4
7875,2
7876,1
7877,4
7878,2
7879,18
7880,2
7881,1
7882,3
7883,2
7884,NA
7885,NA
7886,7
7887,3
7888,38
7889,6
7890,1
7891,133
7892,110
7893,5
7894,2
7895,4
7896,1
7897,NA
7898,17
7899,248
7900,3
7901,883
7902,13
7903,1
7904,4
7905,1
7906,47
7907,2
7908,1
7909,NA
7910,2
7911,1
7912,22
7913,2
7914,636
7915,39
7916,167
7917,1
7918,1
7919,4
7920,9
7921,1
7922,6
7923,88
7924,2
7925,74
7926,17
7927,12
7928,11
7929,2
7930,19
7931,1
7932,32
7933,29
7934,6
7935,29
7936,algebra
7937,22
7938,2
7939,2
7940,4
7941,17
7942,5
7943,1
7944,2
7945,7
7946,19
7947,3
7948,20
7949,18
7950,1
7951,NA
7952,1
7953,2
7954,6
7955,2
7956,1
7957,8
7958,66
7959,6
7960,215
7961,205
7962,10
7963,141
7964,4
7965,1
7966,5
7967,3
7968,4
7969,6
7970,1
7971,67
7972,7
7973,1
7974,2
7975,34
7976,27
7977,30
7978,6
7979,552
7980,29
7981,3
7982,3
7983,5
7984,350
7985,3
7986,7
7987,3
7988,1
7989,208
7990,4
7991,3
7992,3
7993,28
7994,2
7995,7
7996,3
7997,3
7998,1
7999,64
8000,1
8001,7
8002,1
8003,1
8004,2
8005,74
8006,NA
8007,1
8008,1
8009,46
8010,468
8011,47
8012,3
8013,1
8014,2
8015,3
8016,1
8017,1
8018,3
8019,30
8020,2
8021,1
8022,37
8023,2
8024,36
8025,11
8026,27
8027,1
8028,1
8029,206
8030,1
8031,7
8032,5
8033,2
8034,2
8035,1
8036,29
8037,5
8038,13
8039,644
8040,2
8041,NA
8042,1
8043,2
8044,NA
8045,9
8046,NA
8047,49
8048,2
8049,2
8050,15
8051,207
8052,6
8053,21
8054,24
8055,1
8056,305
8057,1
8058,2
8059,60
8060,3
8061,1
8062,28
8063,2
8064,4
8065,4
8066,1
8067,8
8068,48
8069,2
8070,1
8071,25
8072,5
8073,13
8074,2
8075,7
8076,97
8077,32
8078,2
8079,8
8080,1
8081,209
8082,7
8083,2
8084,16
8085,14
8086,23
8087,1
8088,17
8089,12
8090,3
8091,47
8092,2
8093,2
8094,12
8095,6
8096,3
8097,1
8098,1
8099,2
8100,3
8101,53
8102,2
8103,6
8104,2
8105,1
8106,1
8107,1
8108,1
8109,24
8110,1
8111,NA
8112,16
8113,35
8114,4
8115,5
8116,27
8117,1
8118,3
8119,2
8120,1
8121,265
8122,45
8123,10
8124,NA
8125,1
8126,61
8127,2
8128,1
8129,NA
8130,8
8131,3
8132,31
8133,4
8134,18
8135,2
8136,1
8137,NA
8138,11
8139,2
8140,2
8141,1
8142,3
8143,1
8144,4
8145,13
8146,NA
8147,7
8148,2
8149,NA
8150,5
8151,339
8152,3
8153,3
8154,50
8155,17
8156,1
8157,13
8158,27
8159,6
8160,6
8161,NA
8162,1
8163,4
8164,10
8165,6
8166,NA
8167,39
8168,1
8169,234
8170,21
8171,1
8172,14
8173,1
8174,72
8175,1
8176,3
8177,3
8178,18
8179,6
8180,1
8181,765
8182,5
8183,21
8184,76
8185,23
8186,9
8187,2
8188,3
8189,668
8190,1
8191,31
8192,3
8193,6
8194,60
8195,2
8196,1
8197,24
8198,2
8199,552
8200,4
8201,NA
8202,7
8203,NA
8204,34
8205,3
8206,3
8207,4
8208,6
8209,70
8210,25
8211,61
8212,5
8213,1
8214,28
8215,25
8216,141
8217,1
8218,2
8219,58
8220,3
8221,3
8222,8
8223,18
8224,6
8225,1
8226,1
8227,1
8228,2
8229,24
8230,3
8231,NA
8232,2
8233,1
8234,18
8235,12
8236,53
8237,1
8238,2
8239,80
8240,1
8241,11
8242,202
8243,20
8244,6
8245,1
8246,1
8247,2
8248,NA
8249,NA
8250,NA
8251,1
8252,18
8253,11
8254,548
8255,4
8256,3
8257,14
8258,1
8259,4
8260,3
8261,7
8262,13
8263,58
8264,2
8265,24
8266,NA
8267,13
8268,1
8269,490
8270,6
8271,249
8272,4
8273,2
8274,2
8275,2
8276,17
8277,6
8278,3
8279,2
8280,8
8281,1
8282,4
8283,174
8284,6
8285,3
8286,NA
8287,12
8288,10
8289,2
8290,1
8291,5
8292,1
8293,57
8294,64
8295,1
8296,243
8297,6
8298,9
8299,38
8300,1
8301,1
8302,6
8303,2
8304,6
8305,3
8306,1
8307,1
8308,11
8309,2
8310,1
8311,5
8312,2
8313,1
8314,280
8315,17
8316,107
8317,1
8318,1
8319,10
8320,2
8321,195
8322,2
8323,1
8324,454
8325,1
8326,NA
8327,6
8328,22
8329,2
8330,5
8331,129
8332,33
8333,2
8334,NA
8335,4
8336,1
8337,3
8338,56
8339,NA
8340,2
8341,465
8342,3
8343,11
8344,4
8345,3
8346,1
8347,17
8348,12
8349,6
8350,1
8351,3
8352,11
8353,142
8354,4
8355,3
8356,105
8357,1
8358,1
8359,4
8360,3
8361,NA
8362,5
8363,3
8364,10
8365,876
8366,3
8367,4
8368,153
8369,NA
8370,1
8371,13
8372,1
8373,1
8374,390
8375,14
8376,1
8377,15
8378,4
8379,108
8380,1
8381,7
8382,2
8383,NA
8384,110
8385,2
8386,9
8387,20
8388,13
8389,44
8390,3
8391,1
8392,65
8393,1
8394,NA
8395,6
8396,21
8397,20
8398,4
8399,2
8400,2
8401,11
8402,12
8403,4
8404,6
8405,32
8406,1
8407,1
8408,2
8409,4
8410,8
8411,11
8412,8
8413,7
8414,34
8415,3
8416,239
8417,2
8418,1
8419,NA
8420,1
8421,3
8422,3
8423,1
8424,2
8425,101
8426,675
8427,2
8428,8
8429,NA
8430,4
8431,NA
8432,2
8433,1
8434,2
8435,2
8436,207
8437,3
8438,17
8439,2
8440,6
8441,NA
8442,1
8443,10
8444,180
8445,2
8446,441
8447,3
8448,1
8449,4
8450,51
8451,1
8452,2
8453,14
8454,NA
8455,2
8456,7
8457,5
8458,4
8459,4
8460,1
8461,NA
8462,7
8463,5
8464,algebra
8465,252
8466,483
8467,18
8468,1
8469,4
8470,1
8471,13
8472,3
8473,6
8474,2
8475,1
8476,NA
8477,1
8478,10
8479,NA
8480,3
8481,1
8482,27
8483,4
8484,10
8485,3
8486,9
8487,24
8488,2
8489,58
8490,20
8491,NA
8492,1
8493,13
8494,6
8495,260
8496,3
8497,14
8498,5
8499,NA
8500,48
8501,5
8502,1
8503,1
8504,6
8505,2
8506,7
8507,5
8508,3
8509,2
8510,6
8511,1
8512,1
8513,1
8514,36
8515,23
8516,3
8517,2
8518,77
8519,4
8520,1
8521,1
8522,6
8523,2
8524,NA
8525,7
8526,1
8527,8
8528,3
8529,NA
8530,429
8531,7
8532,4
8533,2
8534,4
8535,1
8536,NA
8537,73
8538,1
8539,6
8540,14
8541,15
8542,1
8543,117
8544,2
8545,56
8546,1
8547,2
8548,1
8549,24
8550,2
8551,NA
8552,66
8553,1
8554,12
8555,5
8556,5
8557,34
8558,15
8559,2
8560,1
8561,21
8562,4
8563,18
8564,NA
8565,26
8566,3
8567,2
8568,5
8569,4
8570,1
8571,5
8572,15
8573,22
8574,10
8575,4
8576,9
8577,1
8578,5
8579,2
8580,1
8581,NA
8582,6
8583,3
8584,30
8585,5
8586,83
8587,4
8588,1
8589,14
8590,2
8591,1
8592,72
8593,3
8594,42
8595,10
8596,305
8597,10
8598,7
8599,6
8600,1
8601,1
8602,1
8603,2
8604,82
8605,55
8606,NA
8607,3
8608,2
8609,446
8610,1
8611,1
8612,3
8613,2
8614,8
8615,1
8616,1
8617,9
8618,1
8619,22
8620,3
8621,5
8622,1
8623,10
8624,2
8625,1
8626,3
8627,71
8628,14
8629,544
8630,8
8631,1
8632,38
8633,1
8634,6
8635,3
8636,129
8637,1
8638,12
8639,4
8640,1
8641,NA
8642,3
8643,2
8644,2
8645,1
8646,1
8647,7
8648,3
8649,algebra
8650,14
8651,13
8652,2
8653,11
8654,88
8655,NA
8656,1
8657,2
8658,2
8659,2
8660,3
8661,5
8662,3
8663,2
8664,2
8665,1
8666,85
8667,1
8668,1
8669,12
8670,1
8671,15
8672,2
8673,4
8674,NA
8675,1
8676,3
8677,589
8678,8
8679,2
8680,3
8681,1
8682,5
8683,NA
8684,296
8685,16
8686,79
8687,12
8688,1
8689,48
8690,2
8691,NA
8692,7
8693,2
8694,2
8695,8
8696,7
8697,2
8698,3
8699,6
8700,6
8701,1
8702,87
8703,4
8704,58
8705,7
8706,165
8707,59
8708,10
8709,8
8710,6
8711,5
8712,8
8713,8
8714,6
8715,6
8716,3
8717,1
8718,114
8719,NA
8720,1
8721,1
8722,1
8723,2
8724,NA
8725,12
8726,1
8727,15
8728,30
8729,2
8730,NA
8731,607
8732,4
8733,1
8734,6
8735,4
8736,7
8737,7
8738,3
8739,298
8740,23
8741,15
8742,7
8743,12
8744,10
8745,3
8746,819
8747,1
8748,2
8749,250
8750,4
8751,3
8752,222
8753,4
8754,350
8755,1
8756,7
8757,1
8758,2
8759,30
8760,4
8761,11
8762,19
8763,1
8764,28
8765,1
8766,3
8767,5
8768,1
8769,30
8770,6
8771,3
8772,4
8773,52
8774,2
8775,1
8776,1
8777,4
8778,1
8779,NA
8780,7
8781,87
8782,13
8783,1
8784,12
8785,4
8786,1
8787,47
8788,5
8789,2
8790,8
8791,1
8792,33
8793,44
8794,NA
8795,16
8796,233
8797,6
8798,11
8799,6
8800,10
8801,9
8802,3
8803,98
8804,8
8805,788
8806,3
8807,1
8808,1
8809,NA
8810,15
8811,NA
8812,2
8813,2
8814,2
8815,39
8816,3
8817,1
8818,3
8819,4
8820,1
8821,1
8822,1
8823,4
8824,18
8825,1
8826,23
8827,3
8828,1
8829,4
8830,149
8831,1
8832,103
8833,26
8834,6
8835,2
8836,13
8837,5
8838,3
8839,NA
8840,1
8841,17
8842,29
8843,6
8844,6
8845,114
8846,451
8847,18
8848,2
8849,NA
8850,5
8851,813
8852,31
8853,66
8854,NA
8855,22
8856,211
8857,1
8858,3
8859,2
8860,39
8861,53
8862,4
8863,3
8864,4
8865,4
8866,1
8867,1
8868,11
8869,NA
8870,3
8871,NA
8872,22
8873,5
8874,2
8875,4
8876,3
8877,1
8878,63
8879,820
8880,47
8881,477
8882,20
8883,3
8884,64
8885,4
8886,9
8887,14
8888,1
8889,108
8890,1
8891,1
8892,5
8893,4
8894,2
8895,1
8896,5
8897,299
8898,2
8899,18
8900,29
8901,1
8902,1
8903,14
8904,26
8905,2
8906,1
8907,3
8908,1
8909,8
8910,4
8911,23
8912,73
8913,12
8914,302
8915,6
8916,1
8917,4
8918,2
8919,2
8920,5
8921,75
8922,7
8923,3
8924,12
8925,2
8926,9
8927,11
8928,8
8929,8
8930,1
8931,7
8932,8
8933,3
8934,NA
8935,132
8936,NA
8937,8
8938,536
8939,2
8940,1
8941,27
8942,3
8943,3
8944,12
8945,7
8946,3
8947,35
8948,3
8949,6
8950,3
8951,3
8952,4
8953,1
8954,2
8955,58
8956,179
8957,1
8958,9
8959,54
8960,6
8961,239
8962,4
8963,11
8964,2
8965,2
8966,7
8967,2
8968,50
8969,4
8970,3
8971,1
8972,3
8973,1
8974,NA
8975,1
8976,31
8977,2
8978,2
8979,NA
8980,NA
8981,1
8982,2
8983,40
8984,176
8985,36
8986,NA
8987,4
8988,3
8989,478
8990,1
8991,9
8992,1
8993,1
8994,754
8995,50
8996,17
8997,1
8998,4
8999,42
9000,3
9001,NA
9002,62
9003,1
9004,6
9005,2
9006,1
9007,1
9008,4
9009,6
9010,1
9011,3
9012,2
9013,5
9014,8
9015,6
9016,1
9017,5
9018,5
9019,28
9020,1
9021,1
9022,2
9023,1
9024,344
9025,9
9026,3
9027,6
9028,1
9029,194
9030,2
9031,5
9032,4
9033,8
9034,NA
9035,2
9036,11
9037,5
9038,1
9039,34
9040,2
9041,1
9042,67
9043,1
9044,2
9045,5
9046,25
9047,641
9048,25
9049,6
9050,8
9051,135
9052,1
9053,1
9054,22
9055,25
9056,91
9057,2
9058,23
9059,10
9060,1
9061,3
9062,1
9063,30
9064,NA
9065,29
9066,3
9067,156
9068,4
9069,NA
9070,1
9071,1
9072,60
9073,1
9074,4
9075,2
9076,NA
9077,2
9078,7
9079,28
9080,358
9081,1
9082,29
9083,2
9084,2
9085,11
9086,1
9087,1
9088,3
9089,462
9090,8
9091,1
9092,1
9093,1
9094,2
9095,19
9096,125
9097,1
9098,1
9099,2
9100,1
9101,3
9102,154
9103,20
9104,114
9105,1
9106,19
9107,8
9108,1
9109,16
9110,4
9111,1
9112,8
9113,1
9114,6
9115,NA
9116,3
9117,5
9118,2
9119,6
9120,2
9121,11
9122,218
9123,3
9124,46
9125,21
9126,3
9127,16
9128,4
9129,2
9130,5
9131,11
9132,48
9133,7
9134,10
9135,1
9136,NA
9137,1
9138,20
9139,20
9140,1
9141,11
9142,NA
9143,1
9144,12
9145,4
9146,3
9147,4
9148,17
9149,14
9150,5
9151,1
9152,11
9153,138
9154,2
9155,8
9156,85
9157,68
9158,3
9159,4
9160,85
9161,1
9162,1
9163,4
9164,2
9165,1
9166,NA
9167,33
9168,1
9169,546
9170,7
9171,1
9172,NA
9173,10
9174,2
9175,NA
9176,313
9177,7
9178,NA
9179,34
9180,9
9181,7
9182,1
9183,31
9184,14
9185,1
9186,119
9187,3
9188,2
9189,28
9190,1
9191,1
9192,1
9193,99
9194,2
9195,5
9196,25
9197,2
9198,3
9199,NA
9200,12
9201,65
9202,42
9203,1
9204,2
9205,37
9206,31
9207,1
9208,16
9209,14
9210,1
9211,197
9212,1
9213,9
9214,12
9215,12
9216,1
9217,13
9218,8
9219,84
9220,2
9221,11
9222,2
9223,13
9224,564
9225,11
9226,13
9227,1
9228,1
9229,26
9230,1
9231,1
9232,70
9233,3
9234,8
9235,1
9236,NA
9237,1
9238,80
9239,40
9240,28
9241,3
9242,10
9243,10
9244,NA
9245,14
9246,5
9247,NA
9248,14
9249,4
9250,3
9251,5
9252,1
9253,1
9254,2
9255,2
9256,NA
9257,3
9258,2
9259,10
9260,NA
9261,13
9262,542
9263,3
9264,NA
9265,2
9266,87
9267,1
9268,1
9269,2
9270,3
9271,71
9272,2
9273,6
9274,42
9275,28
9276,NA
9277,265
9278,5
9279,2
9280,1
9281,23
9282,2
9283,3
9284,310
9285,24
9286,1
9287,2
9288,140
9289,4
9290,2
9291,3
9292,5
9293,12
9294,40
9295,1
9296,7
9297,5
9298,1
9299,140
9300,1
9301,3
9302,42
9303,5
9304,10
9305,84
9306,185
9307,17
9308,1
9309,10
9310,3
9311,1
9312,3
9313,3
9314,NA
9315,2
9316,13
9317,29
9318,1
9319,66
9320,2
9321,17
9322,3
9323,2
9324,6
9325,1
9326,1
9327,4
9328,291
9329,6
9330,2
9331,3
9332,4
9333,9
9334,NA
9335,1
9336,NA
9337,6
9338,3
9339,2
9340,198
9341,39
9342,1
9343,163
9344,NA
9345,6
9346,5
9347,1
9348,20
9349,NA
9350,32
9351,1
9352,1
9353,10
9354,12
9355,26
9356,11
9357,4
9358,70
9359,2
9360,1
9361,1
9362,3
9363,1
9364,8
9365,29
9366,NA
9367,1
9368,9
9369,2
9370,2
9371,15
9372,4
9373,2
9374,2
9375,12
9376,507
9377,49
9378,4
9379,70
9380,1
9381,29
9382,NA
9383,3
9384,338
9385,1
9386,43
9387,8
9388,5
9389,312
9390,3
9391,5
9392,1
9393,1
9394,6
9395,1
9396,1
9397,160
9398,8
9399,4
9400,2
9401,NA
9402,29
9403,1
9404,4
9405,1
9406,1
9407,2
9408,2
9409,algebra
9410,1
9411,3
9412,1
9413,1
9414,6
9415,8
9416,3
9417,1
9418,6
9419,36
9420,4
9421,1
9422,1
9423,1
9424,178
9425,2
9426,9
9427,15
9428,6
9429,4
9430,1
9431,105
9432,14
9433,1
9434,2
9435,1
9436,NA
9437,2
9438,1
9439,34
9440,5
9441,1
9442,4
9443,4
9444,32
9445,63
9446,89
9447,1
9448,136
9449,2
9450,7
9451,7
9452,1
9453,22
9454,NA
9455,6
9456,1
9457,1
9458,4
9459,NA
9460,119
9461,1
9462,51
9463,NA
9464,8
9465,19
9466,21
9467,5
9468,1
9469,22
9470,30
9471,55
9472,2
9473,35
9474,8
9475,3
9476,3
9477,4
9478,1
9479,2
9480,22
9481,5
9482,1
9483,3
9484,24
9485,22
9486,3
9487,4
9488,33
9489,2
9490,14
9491,7
9492,4
9493,3
9494,16
9495,2
9496,NA
9497,13
9498,1
9499,2
9500,63
9501,1
9502,22
9503,1
9504,8
9505,4
9506,1
9507,381
9508,23
9509,136
9510,9
9511,1
9512,4
9513,1
9514,2
9515,1
9516,NA
9517,20
9518,6
9519,2
9520,3
9521,149
9522,1
9523,8
9524,NA
9525,1
9526,NA
9527,2
9528,1
9529,28
9530,3
9531,3
9532,1
9533,5
9534,60
9535,75
9536,1
9537,6
9538,13
9539,6
9540,6
9541,5
9542,4
9543,3
9544,2
9545,1
9546,27
9547,4
9548,1
9549,32
9550,1
9551,NA
9552,12
9553,26
9554,38
9555,4
9556,1
9557,5
9558,2
9559,80
9560,1
9561,59
9562,NA
9563,4
9564,NA
9565,6
9566,11
9567,8
9568,22
9569,10
9570,3
9571,NA
9572,102
9573,1
9574,NA
9575,109
9576,9
9577,1
9578,15
9579,10
9580,3
9581,13
9582,1
9583,3
9584,2
9585,18
9586,NA
9587,1
9588,9
9589,12
9590,1
9591,607
9592,37
9593,731
9594,8
9595,10
9596,7
9597,3
9598,32
9599,10
9600,2
9601,31
9602,1
9603,4
9604,algebra
9605,1
9606,17
9607,5
9608,11
9609,2
9610,7
9611,411
9612,2
9613,1
9614,16
9615,1
9616,3
9617,6
9618,8
9619,10
9620,1
9621,47
9622,2
9623,60
9624,84
9625,2
9626,61
9627,10
9628,22
9629,602
9630,44
9631,59
9632,16
9633,4
9634,NA
9635,2
9636,3
9637,3
9638,4
9639,6
9640,182
9641,1
9642,652
9643,93
9644,14
9645,1
9646,NA
9647,1
9648,283
9649,620
9650,11
9651,13
9652,678
9653,40
9654,4
9655,3
9656,377
9657,1
9658,1
9659,18
9660,2
9661,NA
9662,3
9663,8
9664,6
9665,2
9666,1
9667,7
9668,2
9669,16
9670,14
9671,1
9672,15
9673,970
9674,8
9675,1
9676,1
9677,2
9678,19
9679,2
9680,2
9681,1
9682,16
9683,1
9684,8
9685,1
9686,19
9687,5
9688,3
9689,4
9690,1
9691,33
9692,2
9693,16
9694,22
9695,4
9696,1
9697,12
9698,4
9699,366
9700,6
9701,7
9702,4
9703,1
9704,4
9705,8
9706,59
9707,1
9708,1
9709,4
9710,2
9711,9
9712,2
9713,9
9714,282
9715,23
9716,1
9717,8
9718,4
9719,2
9720,235
9721,817
9722,1
9723,3
9724,8
9725,1
9726,5
9727,1
9728,NA
9729,6
9730,2
9731,5
9732,1
9733,5
9734,2
9735,2
9736,61
9737,1
9738,1
9739,NA
9740,3
9741,1
9742,2
9743,1
9744,2
9745,16
9746,3
9747,8
9748,2
9749,890
9750,2
9751,3
9752,2
9753,3
9754,18
9755,7
9756,3
9757,1
9758,2
9759,4
9760,900
9761,NA
9762,8
9763,1
9764,6
9765,4
9766,1
9767,509
9768,2
9769,2
9770,6
9771,1
9772,4
9773,5
9774,4
9775,2
9776,5
9777,1
9778,6
9779,6
9780,1
9781,19
9782,3
9783,9
9784,58
9785,1
9786,13
9787,2
9788,21
9789,370
9790,13
9791,7
9792,20
9793,407
9794,32
9795,1
9796,9
9797,1
9798,9
9799,NA
9800,20
9801,13
9802,77
9803,562
9804,2
9805,2
9806,23
9807,1
9808,13
9809,4
9810,74
9811,1
9812,2
9813,54
9814,14
9815,2
9816,7
9817,298
9818,2
9819,6
9820,1
9821,27
9822,1
9823,114
9824,4
9825,3
9826,NA
9827,5
9828,44
9829,80
9830,3
9831,NA
9832,11
9833,2
9834,2
9835,1
9836,1
9837,1
9838,2
9839,494
9840,15
9841,5
9842,2
9843,22
9844,NA
9845,8
9846,1
9847,25
9848,55
9849,22
9850,9
9851,1
9852,3
9853,1
9854,6
9855,1
9856,839
9857,1
9858,7
9859,2
9860,2
9861,3
9862,7
9863,27
9864,8
9865,4
9866,3
9867,858
9868,2
9869,4
9870,1
9871,3
9872,15
9873,2
9874,2
9875,4
9876,17
9877,9
9878,3
9879,4
9880,21
9881,3
9882,3
9883,1
9884,306
9885,5
9886,51
9887,2
9888,1
9889,12
9890,2
9891,1
9892,1
9893,227
9894,8
9895,2
9896,1
9897,4
9898,190
9899,2
9900,4
9901,383
9902,1
9903,12
9904,12
9905,1
9906,11
9907,NA
9908,2
9909,NA
9910,10
9911,1
9912,3
9913,2
9914,10
9915,5
9916,1
9917,1
9918,2
9919,74
9920,7
9921,3
9922,12
9923,1
9924,16
9925,1
9926,5
9927,5
9928,29
9929,20
9930,1
9931,NA
9932,13
9933,1
9934,16
9935,3
9936,3
9937,7
9938,150
9939,2
9940,9
9941,1
9942,24
9943,15
9944,26
9945,1
9946,1
9947,8
9948,5
9949,48
9950,42
9951,1
9952,9
9953,10
9954,2
9955,1
9956,1
9957,4
9958,2
9959,2
9960,4
9961,1
9962,1
9963,3
9964,292
9965,1
9966,NA
9967,2
9968,2
9969,2
9970,3
9971,3
9972,1
9973,128
9974,308
9975,61
9976,NA
9977,25
9978,3
9979,24
9980,1
9981,43
9982,1
9983,9
9984,4
9985,3
9986,79
9987,10
9988,88
9989,184
9990,1
9991,5
9992,34
9993,13
9994,90
9995,1
9996,309
9997,4
9998,1
9999,2
10000,19
