1,2
6,2
11,1
16,1
20,1
21,2
26,1
31,2
36,1
39,1
41,1
46,1
51,4
56,4
58,1
61,1
66,34
71,13
76,1
77,1
81,3
86,3
91,1
96,1
101,2
106,5
111,1
115,3
116,5
121,3
126,116
131,3
134,1
136,10
141,1
146,1
151,3
153,1
156,4
161,18
166,1
171,15
172,12
176,2
181,8
186,1
191,1
196,5
201,2
206,2
210,1
211,1
216,4
221,1
226,1
229,3
231,2
236,4
241,4
246,1
248,2
251,2
256,17
261,1
266,1
267,2
271,2
276,4
281,3
286,8
291,5
296,1
301,1
305,5
306,3
311,33
316,1
321,1
324,1
326,2
331,19
336,1
341,1
343,1
346,3
351,3
356,18
361,5
362,14
366,1
371,3
376,1
381,273
386,1
391,1
396,1
400,7
401,1
406,2
411,4
416,4
419,4
421,2
426,1
431,NA
436,3
438,1
441,1
446,1
451,12
456,23
457,1
461,13
466,2
471,1
476,12
481,4
486,algebra
491,2
495,2
496,5
501,1
506,3
511,1
514,2
516,1
521,17
526,1
531,228
533,1
536,3
541,11
546,3
551,2
552,1
556,3
561,1
566,1
571,1
576,1
581,2
586,1
590,12
591,NA
596,1
601,2
606,7
609,3
611,1
616,1
621,1
626,4
628,3
631,4
636,1
641,15
646,3
647,2
651,2
656,2
661,3
666,1
671,2
676,1
681,4
685,1
686,1
691,1
696,2
701,NA
704,1
706,5
711,69
716,279
721,5
723,24
726,62
731,3
736,19
741,2
742,5
746,1
751,1
756,2
761,1
766,699
771,3
776,4
780,12
781,3
786,1
791,1
796,2
799,4
801,2
806,2
811,4
816,1
818,1
821,33
826,1
831,NA
836,8
837,1
841,9
846,2
851,1
856,185
861,11
866,2
871,2
875,1
876,8
881,2
886,1
891,1
894,1
896,1
901,1
906,4
911,1
913,3
916,2
921,1
926,6
931,10
932,15
936,1
941,4
946,10
951,7
956,NA
961,1
966,5
970,2
971,31
976,2
981,14
986,18
989,207
991,2
996,3
1001,1
1006,NA
1008,4
1011,36
1016,1
1021,1
1026,1
1027,1
1031,5
1036,1
1041,2
1046,38
1051,16
1056,8
1061,63
1065,1
1066,6
1071,1
1076,4
1081,5
1084,1
1086,3
1091,1
1096,2
1101,1
1103,1
1106,2
1111,6
1116,20
1121,1
1122,1
1126,NA
1131,3
1136,5
1141,1
1146,1
1151,4
1156,3
1160,1
1161,1
1166,2
1171,1
1176,26
1179,2
1181,22
1186,30
1191,406
1196,1
1198,1
1201,1
1206,12
1211,1
1216,6
1217,2
1221,527
1226,1
1231,2
1236,1
1241,1
1246,20
1251,1
1255,4
1256,2
1261,23
1266,4
1271,3
1274,22
1276,1
1281,24
1286,1
1291,2
1293,3
1296,3
1301,1
1306,2
1311,1
1312,3
1316,4
1321,3
1326,2
1331,2
1336,6
1341,1
1346,5
1350,2
1351,1
1356,10
1361,11
1366,1
1369,1
1371,5
1376,2
1381,5
1386,3
1388,1
1391,4
1396,2
1401,2
1406,2
1407,1
1411,1
1416,4
1421,1
1426,2
1431,3
1436,4
1441,2
1445,5
1446,1
1451,3
1456,55
1461,1
1464,23
1466,5
1471,5
1476,2
1481,55
1483,2
1486,6
1491,1
1496,1
1501,6
1502,1
1506,2
1511,210
1516,7
1521,11
1526,97
1531,14
1536,10
1540,2
1541,1
1546,1
1551,2
1556,3
1559,1
1561,11
1566,2
1571,873
1576,1
1578,38
1581,8
1586,65
1591,5
1596,1
1597,1
1601,2
1606,8
1611,1
1616,4
1621,1
1626,1
1631,5
1635,24
1636,3
1641,5
1646,80
1651,1
1654,4
1656,5
1661,1
1666,25
1671,1
1673,2
1676,4
1681,NA
1686,1
1691,1
1692,12
1696,1
1701,2
1706,8
1711,6
1716,5
1721,10
1726,17
1730,1
1731,313
1736,1
1741,1
1746,2
1749,1
1751,1
1756,5
1761,1
1766,4
1768,1
1771,3
1776,6
1781,2
1786,10
1787,1
1791,6
1796,1
1801,18
1806,8
1811,8
1816,2
1821,1
1825,1
1826,1
1831,7
1836,1
1841,2
1844,3
1846,3
1851,29
1856,4
1861,1
1863,1
1866,2
1871,1
1876,3
1881,3
1882,2
1886,6
1891,1
1896,535
1901,2
1906,47
1911,1
1916,1
1920,3
1921,2
1926,1
1931,10
1936,1
1939,38
1941,349
1946,1
1951,2
1956,2
1958,2
1961,3
1966,1
1971,122
1976,4
1977,3
1981,9
1986,3
1991,26
1996,1
2001,4
2006,8
2011,1
2015,1
2016,1
2021,1
2026,2
2031,2
2034,2
2036,NA
2041,2
2046,12
2051,4
2053,3
2056,10
2061,5
2066,1
2071,6
2072,2
2076,74
2081,9
2086,10
2091,1
2096,2
2101,3
2106,187
2110,2
2111,1
2116,1
2121,2
2126,1
2129,3
2131,27
2136,1
2141,35
2146,1
2148,1
2151,1
2156,4
2161,1
2166,2
2167,1
2171,7
2176,2
2181,18
2186,3
2191,2
2196,160
2201,2
2205,3
2206,13
2211,1
2216,61
2221,1
2224,2
2226,2
2231,3
2236,3
2241,416
2243,2
2246,2
2251,32
2256,3
2261,1
2262,2
2266,2
2271,8
2276,3
2281,2
2286,1
2291,1
2296,3
2300,1
2301,1
2306,10
2311,1
2316,16
2319,1
2321,1
2326,237
2331,2
2336,1
2338,1
2341,26
2346,335
2351,1
2356,20
2357,1
2361,879
2366,1
2371,1
2376,3
2381,3
2386,NA
2391,5
2395,1
2396,7
2401,1
2406,3
2411,4
2414,1
2416,2
2421,2
2426,3
2431,3
2433,2
2436,1
2441,1
2446,23
2451,1
2452,7
2456,12
2461,1
2466,15
2471,2
2476,2
2481,2
2486,4
2490,3
2491,4
2496,2
2501,18
2506,5
2509,2
2511,3
2516,6
2521,380
2526,2
2528,2
2531,2
2536,151
2541,1
2546,1
2547,5
2551,3
2556,4
2561,1
2566,1
2571,1
2576,1
2581,3
2585,10
2586,63
2591,1
2596,1
2601,1
2604,2
2606,10
2611,1
2616,1
2621,15
2623,8
2626,2
2631,2
2636,15
2641,1
2642,88
2646,6
2651,7
2656,3
2661,1
2666,2
2671,1
2676,22
2680,2
2681,8
2686,28
2691,4
2696,2
2699,14
2701,1
2706,47
2711,1
2716,1
2718,7
2721,3
2726,11
2731,5
2736,5
2737,1
2741,1
2746,5
2751,2
2756,4
2761,8
2766,7
2771,2
2775,2
2776,1
2781,25
2786,5
2791,2
2794,11
2796,22
2801,2
2806,2
2811,5
2813,2
2816,7
2821,1
2826,16
2831,3
2832,38
2836,3
2841,1
2846,7
2851,18
2856,2
2861,98
2866,14
2870,2
2871,2
2876,1
2881,3
2886,1
2889,2
2891,165
2896,1
2901,2
2906,107
2908,83
2911,499
2916,1
2921,3
2926,1
2927,2
2931,24
2936,6
2941,1
2946,6
2951,1
2956,13
2961,6
2965,2
2966,4
2971,33
2976,1
2981,2
2984,1
2986,1
2991,1
2996,7
3001,NA
3003,1
3006,2
3011,3
3016,214
3021,2
3022,1
3026,1
3031,2
3036,3
3041,15
3046,22
3051,1
3056,2
3060,1
3061,1
3066,2
3071,1
3076,3
3079,4
3081,2
3086,16
3091,2
3096,1
3098,3
3101,1
3106,3
3111,4
3116,2
3117,1
3121,6
3126,41
3131,4
3136,1
3141,6
3146,3
3151,4
3155,7
3156,392
3161,20
3166,5
3171,5
3174,2
3176,2
3181,4
3186,15
3191,7
3193,8
3196,1
3201,3
3206,35
3211,1
3212,1
3216,2
3221,1
3226,2
3231,7
3236,1
3241,2
3246,1
3250,1
3251,9
3256,3
3261,10
3266,2
3269,2
3271,11
3276,4
3281,12
3286,3
3288,4
3291,7
3296,2
3301,11
3306,5
3307,774
3311,3
3316,1
3321,177
3326,1
3331,2
3336,3
3341,10
3345,1
3346,2
3351,4
3356,38
3361,13
3364,3
3366,1
3371,17
3376,4
3381,2
3383,1
3386,1
3391,12
3396,1
3401,2
3402,1
3406,2
3411,4
3416,1
3421,1
3426,21
3431,NA
3436,13
3440,3
3441,1
3446,6
3451,4
3456,2
3459,1
3461,NA
3466,4
3471,1
3476,1
3478,1
3481,3
3486,1
3491,4
3496,3
3497,1
3501,1
3506,2
3511,1
3516,4
3521,45
3526,1
3531,108
3535,80
3536,1
3541,1
3546,2
3551,7
3554,1
3556,2
3561,1
3566,5
3571,3
3573,34
3576,1
3581,2
3586,3
3591,1
3592,1
3596,38
3601,28
3606,2
3611,5
3616,1
3621,5
3626,3
3630,1
3631,4
3636,3
3641,5
3646,1
3649,4
3651,1
3656,18
3661,3
3666,21
3668,3
3671,NA
3676,2
3681,7
3686,8
3687,327
3691,1
3696,5
3701,1
3706,3
3711,20
3716,1
3721,1
3725,3
3726,28
3731,2
3736,10
3741,2
3744,1
3746,2
3751,1
3756,13
3761,1
3763,1
3766,1
3771,6
3776,3
3781,27
3782,372
3786,4
3791,90
3796,1
3801,2
3806,7
3811,15
3816,2
3820,1
3821,1
3826,1
3831,383
3836,1
3839,5
3841,6
3846,18
3851,1
3856,NA
3858,3
3861,1
3866,4
3871,1
3876,1
3877,4
3881,NA
3886,1
3891,1
3896,125
3901,7
3906,2
3911,6
3915,39
3916,4
3921,3
3926,2
3931,2
3934,2
3936,1
3941,30
3946,3
3951,269
3953,1
3956,NA
3961,4
3966,1
3971,1
3972,78
3976,16
3981,4
3986,3
3991,2
3996,NA
4001,1
4006,7
4010,1
4011,4
4016,4
4021,23
4026,14
4029,1
4031,823
4036,1
4041,1
4046,2
4048,538
4051,3
4056,2
4061,4
4066,6
4067,1
4071,1
4076,1
4081,3
4086,1
4091,52
4096,1
4101,4
4105,4
4106,7
4111,148
4116,6
4121,2
4124,3
4126,8
4131,2
4136,1
4141,6
4143,12
4146,300
4151,1
4156,2
4161,9
4162,7
4166,1
4171,8
4176,9
4181,243
4186,5
4191,9
4196,3
4200,1
4201,3
4206,4
4211,141
4216,39
4219,1
4221,1
4226,2
4231,12
4236,1
4238,201
4241,2
4246,2
4251,1
4256,4
4257,4
4261,NA
4266,9
4271,1
4276,4
4281,2
4286,5
4291,1
4295,1
4296,1
4301,36
4306,69
4311,34
4314,7
4316,7
4321,1
4326,1
4331,2
4333,1
4336,4
4341,4
4346,1
4351,NA
4352,2
4356,35
4361,3
4366,NA
4371,5
4376,22
4381,12
4386,1
4390,4
4391,1
4396,17
4401,1
4406,NA
4409,1
4411,1
4416,1
4421,3
4426,1
4428,19
4431,2
4436,31
4441,4
4446,1
4447,1
4451,NA
4456,169
4461,NA
4466,1
4471,1
4476,106
4481,2
4485,2
4486,1
4491,2
4496,1
4501,2
4504,6
4506,2
4511,4
4516,2
4521,67
4523,1
4526,3
4531,3
4536,5
4541,1
4542,20
4546,2
4551,3
4556,2
4561,6
4566,95
4571,3
4576,7
4580,4
4581,5
4586,10
4591,2
4596,2
4599,5
4601,1
4606,3
4611,4
4616,46
4618,1
4621,8
4626,1
4631,8
4636,3
4637,2
4641,1
4646,1
4651,6
4656,2
4661,1
4666,17
4671,922
4675,46
4676,1
4681,2
4686,3
4691,1
4694,11
4696,1
4701,32
4706,9
4711,33
4713,1
4716,1
4721,2
4726,2
4731,4
4732,1
4736,1
4741,5
4746,45
4751,1
4756,14
4761,1
4766,187
4770,4
4771,3
4776,84
4781,3
4786,4
4789,1
4791,140
4796,1
4801,1
4806,3
4808,196
4811,3
4816,1
4821,2
4826,3
4827,2
4831,2
4836,4
4841,2
4846,3
4851,1
4856,64
4861,11
4865,18
4866,1
4871,1
4876,2
4881,4
4884,1
4886,1
4891,2
4896,3
4901,1
4903,4
4906,2
4911,1
4916,7
4921,1
4922,14
4926,3
4931,57
4936,1
4941,1
4946,222
4951,9
4956,5
4960,7
4961,3
4966,4
4971,1
4976,1
4979,75
4981,110
4986,1
4991,7
4996,1
4998,1
5001,2
5006,3
5011,1
5016,2
5017,1
5021,3
5026,536
5031,3
5036,6
5041,1
5046,NA
5051,1
5055,1
5056,4
5061,1
5066,2
5071,11
5074,12
5076,1
5081,2
5086,1
5091,6
5093,1
5096,1
5101,4
5106,4
5111,4
5112,3
5116,1
5121,1
5126,1
5131,9
5136,9
5141,20
5146,16
5150,1
5151,1
5156,3
5161,4
5166,5
5169,20
5171,2
5176,2
5181,2
5186,1
5188,3
5191,1
5196,108
5201,1
5206,9
5207,1
5211,5
5216,7
5221,2
5226,1
5231,18
5236,3
5241,10
5245,1
5246,30
5251,3
5256,174
5261,6
5264,1
5266,1
5271,1
5276,19
5281,2
5283,1
5286,4
5291,4
5296,6
5301,4
5302,3
5306,4
5311,4
5316,12
5321,2
5326,1
5331,5
5336,1
5340,1
5341,1
5346,1
5351,6
5356,4
5359,1
5361,1
5366,11
5371,1
5376,3
5378,16
5381,88
5386,5
5391,4
5396,10
5397,3
5401,1
5406,7
5411,51
5416,2
5421,3
5426,1
5431,2
5435,2
5436,6
5441,7
5446,3
5451,1
5454,2
5456,3
5461,1
5466,1
5471,45
5473,1
5476,3
5481,7
5486,1
5491,22
5492,1
5496,3
5501,1
5506,15
5511,1
5516,1
5521,140
5526,2
5530,1
5531,3
5536,1
5541,51
5546,251
5549,601
5551,7
5556,14
5561,970
5566,1
5568,8
5571,1
5576,11
5581,3
5586,1
5587,1
5591,1
5596,95
5601,4
5606,2
5611,3
5616,1
5621,1
5625,algebra
5626,3
5631,20
5636,1
5641,7
5644,1
5646,2
5651,1
5656,235
5661,3
5663,3
5666,9
5671,1
5676,4
5681,3
5682,2
5686,1
5691,1
5696,1
5701,2
5706,67
5711,5
5716,5
5720,1
5721,1
5726,8
5731,3
5736,4
5739,2
5741,2
5746,1
5751,1
5756,3
5758,179
5761,3
5766,10
5771,15
5776,1
5777,4
5781,5
5786,1
5791,1
5796,1
5801,3
5806,99
5811,3
5815,8
5816,1
5821,785
5826,27
5831,3
5834,4
5836,NA
5841,2
5846,3
5851,1
5853,1
5856,2
5861,561
5866,27
5871,3
5872,1
5876,27
5881,62
5886,1
5891,1
5896,3
5901,8
5906,13
5910,3
5911,8
5916,2
5921,1
5926,1
5929,5
5931,7
5936,3
5941,1
5946,2
5948,7
5951,1
5956,25
5961,1
5966,1
5967,6
5971,1
5976,3
5981,15
5986,5
5991,29
5996,1
6001,3
6005,1
6006,2
6011,8
6016,11
6021,1
6024,2
6026,7
6031,NA
6036,1
6041,1
6043,3
6046,3
6051,12
6056,262
6061,1
6062,8
6066,14
6071,11
6076,422
6081,2
6086,5
6091,2
6096,1
6100,2
6101,3
6106,3
6111,1
6116,1
6119,2
6121,26
6126,1
6131,8
6136,1
6138,1
6141,5
6146,21
6151,2
6156,3
6157,3
6161,56
6166,1
6171,2
6176,18
6181,2
6186,15
6191,2
6195,2
6196,46
6201,23
6206,2
6211,4
6214,1
6216,5
6221,2
6226,8
6231,3
6233,4
6236,19
6241,1
6246,1
6251,9
6252,3
6256,2
6261,NA
6266,2
6271,1
6276,32
6281,4
6286,1
6290,5
6291,4
6296,2
6301,2
6306,5
6309,4
6311,1
6316,1
6321,2
6326,8
6328,1
6331,113
6336,33
6341,5
6346,1
6347,1
6351,654
6356,3
6361,1
6366,5
6371,1
6376,26
6381,2
6385,1
6386,1
6391,2
6396,3
6401,4
6404,8
6406,2
6411,1
6416,2
6421,17
6423,2
6426,1
6431,9
6436,3
6441,1
6442,3
6446,7
6451,8
6456,3
6461,1
6466,1
6471,2
6476,1
6480,2
6481,NA
6486,180
6491,4
6496,3
6499,3
6501,1
6506,3
6511,3
6516,1
6518,1
6521,2
6526,1
6531,22
6536,51
6537,1
6541,2
6546,1
6551,4
6556,12
6561,3
6566,1
6571,3
6575,5
6576,51
6581,2
6586,NA
6591,1
6594,1
6596,5
6601,1
6606,8
6611,9
6613,1
6616,31
6621,1
6626,1
6631,3
6632,3
6636,38
6641,1
6646,2
6651,38
6656,5
6661,434
6666,10
6670,NA
6671,58
6676,13
6681,4
6686,3
6689,1
6691,1
6696,1
6701,1
6706,28
6708,1
6711,3
6716,35
6721,2
6726,13
6727,2
6731,354
6736,3
6741,6
6746,3
6751,274
6756,5
6761,295
6765,4
6766,2
6771,1
6776,1
6781,4
6784,4
6786,NA
6791,61
6796,1
6801,1
6803,24
6806,4
6811,5
6816,12
6821,38
6822,1
6826,1
6831,2
6836,1
6841,10
6846,2
6851,2
6856,48
6860,3
6861,1
6866,2
6871,3
6876,1
6879,1
6881,8
6886,8
6891,6
6896,1
6898,2
6901,1
6906,7
6911,11
6916,26
6917,1
6921,6
6926,32
6931,8
6936,4
6941,9
6946,5
6951,7
6955,1
6956,2
6961,3
6966,15
6971,1
6974,5
6976,2
6981,9
6986,61
6991,1
6993,3
6996,3
7001,7
7006,7
7011,11
7012,13
7016,1
7021,46
7026,3
7031,5
7036,49
7041,2
7046,1
7050,4
7051,6
7056,9
7061,1
7066,105
7069,130
7071,3
7076,1
7081,8
7086,35
7088,5
7091,NA
7096,52
7101,779
7106,3
7107,19
7111,1
7116,NA
7121,NA
7126,2
7131,NA
7136,21
7141,130
7145,14
7146,12
7151,3
7156,4
7161,1
7164,165
7166,1
7171,86
7176,178
7181,2
7183,1
7186,8
7191,4
7196,1
7201,4
7202,1
7206,3
7211,1
7216,1
7221,1
7226,1
7231,2
7236,34
7240,12
7241,2
7246,1
7251,4
7256,3
7259,1
7261,3
7266,56
7271,2
7276,51
7278,6
7281,3
7286,1
7291,1
7296,3
7297,9
7301,6
7306,7
7311,5
7316,1
7321,20
7326,1
7331,25
7335,1
7336,3
7341,2
7346,2
7351,63
7354,3
7356,2
7361,69
7366,7
7371,2
7373,1
7376,1
7381,3
7386,1
7391,1
7392,4
7396,7
7401,1
7406,147
7411,1
7416,4
7421,8
7426,6
7430,4
7431,8
7436,1
7441,1
7446,1
7449,2
7451,3
7456,4
7461,NA
7466,12
7468,2
7471,1
7476,2
7481,2
7486,5
7487,5
7491,1
7496,10
7501,36
7506,22
7511,11
7516,1
7521,2
7525,8
7526,9
7531,10
7536,79
7541,9
7544,2
7546,1
7551,3
7556,2
7561,8
7563,5
7566,1
7571,18
7576,1
7581,17
7582,92
7586,3
7591,5
7596,2
7601,1
7606,5
7611,3
7616,17
7620,1
7621,1
7626,3
7631,97
7636,20
7639,10
7641,14
7646,25
7651,9
7656,3
7658,1
7661,8
7666,2
7671,1
7676,91
7677,2
7681,3
7686,1
7691,56
7696,3
7701,1
7706,74
7711,8
7715,3
7716,1
7721,1
7726,1
7731,9
7734,4
7736,1
7741,1
7746,1
7751,3
7753,6
7756,2
7761,1
7766,2
7771,515
7772,39
7776,2
7781,2
7786,1
7791,1
7796,6
7801,NA
7806,4
7810,1
7811,1
7816,1
7821,82
7826,3
7829,6
7831,10
7836,14
7841,5
7846,72
7848,9
7851,11
7856,42
7861,13
7866,1
7867,1
7871,2
7876,2
7881,4
7886,3
7891,1
7896,1
7901,37
7905,10
7906,3
7911,921
7916,5
7921,1
7924,1
7926,3
7931,14
7936,30
7941,82
7943,3
7946,1
7951,2
7956,2
7961,1
7962,2
7966,1
7971,15
7976,4
7981,4
7986,8
7991,1
7996,1
8000,2
8001,7
8006,3
8011,3
8016,NA
8019,6
8021,5
8026,9
8031,5
8036,1
8038,5
8041,1
8046,11
8051,1
8056,2
8057,1
8061,429
8066,30
8071,2
8076,1
8081,3
8086,1
8091,22
8095,2
8096,1
8101,1
8106,2
8111,1
8114,7
8116,5
8121,50
8126,1
8131,2
8133,2
8136,6
8141,1
8146,8
8151,2
8152,1
8156,977
8161,1
8166,2
8171,11
8176,1
8181,2
8186,14
8190,1
8191,82
8196,1
8201,14
8206,3
8209,8
8211,354
8216,1
8221,12
8226,2
8228,3
8231,18
8236,15
8241,1
8246,7
8247,1
8251,1
8256,2
8261,1
8266,1
8271,1
8276,3
8281,27
8285,8
8286,13
8291,NA
8296,178
8301,8
8304,1
8306,5
8311,1
8316,1
8321,1
8323,3
8326,2
8331,5
8336,4
8341,146
8342,2
8346,1
8351,89
8356,8
8361,3
8366,1
8371,1
8376,23
8380,2
8381,4
8386,5
8391,4
8396,2
8399,1
8401,2
8406,479
8411,5
8416,6
8418,1
8421,1
8426,1
8431,9
8436,1
8437,3
8441,4
8446,31
8451,6
8456,2
8461,1
8466,2
8471,607
8475,1
8476,1
8481,2
8486,6
8491,1
8494,24
8496,22
8501,21
8506,5
8511,1
8513,1
8516,2
8521,3
8526,3
8531,2
8532,8
8536,266
8541,1
8546,NA
8551,1
8556,5
8561,1
8566,12
8570,5
8571,2
8576,73
8581,67
8586,3
8589,1
8591,4
8596,13
8601,2
8606,4
8608,4
8611,1
8616,2
8621,1
8626,6
8627,2
8631,17
8636,1
8641,2
8646,1
8651,1
8656,12
8661,3
8665,1
8666,432
8671,3
8676,24
8681,2
8684,3
8686,4
8691,1
8696,15
8701,7
8703,1
8706,3
8711,11
8716,32
8721,1
8722,4
8726,6
8731,3
8736,5
8741,2
8746,2
8751,111
8756,5
8760,48
8761,1
8766,9
8771,2
8776,1
8779,1
8781,17
8786,55
8791,2
8796,6
8798,1
8801,17
8806,9
8811,10
8816,NA
8817,1
8821,2
8826,64
8831,7
8836,1
8841,2
8846,1
8851,4
8855,1
8856,2
8861,4
8866,1
8871,6
8874,55
8876,3
8881,105
8886,3
8891,1
8893,3
8896,2
8901,1
8906,5
8911,1
8912,7
8916,4
8921,2
8926,3
8931,4
8936,1
8941,5
8946,1
8950,2
8951,6
8956,5
8961,45
8966,1
8969,1
8971,1
8976,3
8981,3
8986,16
8988,1
8991,2
8996,27
9001,8
9006,12
9007,7
9011,58
9016,14
9021,3
9026,2
9031,2
9036,1
9041,9
9045,2
9046,1
9051,1
9056,2
9061,23
9064,2
9066,1
9071,2
9076,1
9081,4
9083,1
9086,3
9091,6
9096,2
9101,739
9102,1
9106,14
9111,1
9116,5
9121,12
9126,4
9131,NA
9136,1
9140,1
9141,97
9146,26
9151,1
9156,NA
9159,3
9161,1
9166,2
9171,33
9176,1
9178,2
9181,14
9186,66
9191,1
9196,6
9197,22
9201,4
9206,7
9211,14
9216,3341
9221,1
9226,2
9231,2
9235,4
9236,4
9241,1
9246,8
9251,2
9254,1
9256,13
9261,1
9266,1
9271,12
9273,1
9276,3
9281,4
9286,65
9291,5
9292,4
9296,2
9301,6
9306,105
9311,50
9316,76
9321,110
9326,NA
9330,2
9331,2
9336,3
9341,4
9346,3
9349,1
9351,4
9356,125
9361,11
9366,1
9368,7
9371,1
9376,4
9381,4
9386,1
9387,5
9391,1
9396,10
9401,8
9406,2
9411,3
9416,5
9421,1
9425,6
9426,2
9431,3
9436,10
9441,NA
9444,1
9446,2
9451,1
9456,2
9461,8
9463,NA
9466,114
9471,12
9476,NA
9481,2
9482,2
9486,1
9491,2
9496,3
9501,1
9506,14
9511,15
9516,2
9520,11
9521,1
9526,1
9531,17
9536,1
9539,1
9541,4
9546,1
9551,3
9556,2
9558,4
9561,1
9566,2
9571,1
9576,3
9577,2
9581,8
9586,4
9591,14
9596,1
9601,2
9606,40
9611,8
9615,2
9616,1
9621,106
9626,9
9631,13
9634,1
9636,11
9641,436
9646,6
9651,1
9653,5
9656,3
9661,1
9666,5
9671,1
9672,1
9676,13
9681,NA
9686,1
9691,10
9696,1
9701,1
9706,2
9710,5
9711,1
9716,10
9721,13
9726,6
9729,1
9731,2
9736,4
9741,1
9746,1
9748,1
9751,1
9756,69
9761,4
9766,1
9767,3
9771,2
9776,1
9781,77
9786,6
9791,1
9796,22
9801,1
9805,2
9806,5
9811,3
9816,7
9821,1
9824,2
9826,9
9831,2
9836,10
9841,2
9843,7
9846,1
9851,1
9856,2
9861,3
9862,2
9866,4
9871,1
9876,1
9881,9
9886,3
9891,2
9896,6
9900,1
9901,16
9906,2
9911,14
9916,1
9919,20
9921,NA
9926,1
9931,4
9936,8
9938,3
9941,21
9946,6
9951,2
9956,7
9957,4
9961,1
9966,2
9971,15
9976,22
9981,2
9986,24
9991,1
9995,314
9996,3
10001,2
10006,2
10011,14
10014,15
10016,1
10021,3
10026,1
10031,2
10033,4
10036,NA
10041,5
10046,1
10051,1
10052,1
10056,14
10061,5
10066,2
10071,1
10076,2
10081,20
10086,4
10090,3
10091,2
10096,3
10101,1
10106,4
10109,2
10111,15
10116,20
10121,1
10126,3
10128,2
10131,9
10136,3
10141,1
10146,3
10147,3
10151,1
10156,248
10161,23
10166,1
10171,2
10176,4
10181,3
10185,1
10186,3
10191,4
10196,2
10201,19
10204,NA
10206,15
10211,1
10216,4
10221,615
10223,2
10226,212
10231,45
10236,9
10241,5
10242,1
10246,57
10251,2
10256,5
10261,1
10266,269
10271,1
10276,1
10280,1
10281,10
10286,5
10291,50
10296,1
10299,5
10301,1
10306,4
10311,1
10316,2
10318,14
10321,5
10326,1
10331,7
10336,5
10337,3
10341,6
10346,22
10351,2
10356,44
10361,4
10366,2
10371,3
10375,NA
10376,46
10381,3
10386,1
10391,2
10394,1
10396,1
10401,2
10406,5
10411,48
10413,3
10416,59
10421,2
10426,143
10431,302
10432,1
10436,1
10441,1
10446,7
10451,13
10456,4
10461,6
10466,7
10470,1
10471,2
10476,1
10481,132
10486,23
10489,8
10491,2
10496,17
10501,7
10506,2
10508,1
10511,5
10516,1
10521,3
10526,1
10527,1
10531,2
10536,1
10541,1
10546,1
10551,NA
10556,2
10561,18
10565,1
10566,4
10571,3
10576,8
10581,37
10584,46
10586,10
10591,7
10596,37
10601,16
10603,2
10606,2
10611,5
10616,656
10621,3
10622,3
10626,1
10631,180
10636,6
10641,1
10646,85
10651,NA
10656,5
10660,1
10661,21
10666,7
10671,221
10676,1
10679,5
10681,7
10686,1
10691,1
10696,3
10698,3
10701,6
10706,8
10711,1
10716,2
10717,2
10721,NA
10726,3
10731,18
10736,468
10741,10
10746,2
10751,1
10755,3
10756,2
10761,10
10766,2
10771,1
10774,1
10776,16
10781,2
10786,8
10791,1
10793,16
10796,61
10801,2
10806,10
10811,4
10812,1
10816,9
10821,1
10826,12
10831,119
10836,14
10841,1
10846,3
10850,2
10851,33
10856,49
10861,3
10866,1
10869,1
10871,21
10876,6
10881,2
10886,148
10888,51
10891,152
10896,1
10901,1
10906,13
10907,1
10911,6
10916,74
10921,2
10926,2
10931,3
10936,1
10941,2
10945,3
10946,13
10951,4
10956,14
10961,269
10964,5
10966,2
10971,1
10976,1
10981,78
10983,4
10986,23
10991,19
10996,18
11001,1
11002,1
11006,4
11011,3
11016,1
11021,3
11026,7
11031,2
11036,1
11040,2
11041,4
11046,2
11051,162
11056,NA
11059,5
11061,3
11066,1
11071,126
11076,3
11078,2
11081,4
11086,1
11091,10
11096,1
11097,7
11101,1
11106,3
11111,3
11116,2
11121,1
11126,6
11131,10
11135,15
11136,4
11141,6
11146,1
11151,3
11154,2
11156,NA
11161,3
11166,4
11171,1
11173,1
11176,2
11181,10
11186,1
11191,1
11192,203
11196,NA
11201,2
11206,23
11211,1
11216,6
11221,1
11226,14
11230,457
11231,123
11236,3
11241,1
11246,3
11249,2
11251,4
11256,23
11261,1
11266,4
11268,2
11271,2
11276,186
11281,15
11286,4
11287,2
11291,1
11296,3
11301,11
11306,3
11311,10
11316,17
11321,1
11325,1
11326,16
11331,7
11336,3
11341,1
11344,2
11346,167
11351,2
11356,7
11361,1
11363,1
11366,1
11371,51
11376,1
11381,7
11382,30
11386,1
11391,142
11396,16
11401,4
11406,14
11411,1
11416,1
11420,5
11421,3
11426,24
11431,2
11436,19
11439,3
11441,5
11446,1
11451,7
11456,8
11458,NA
11461,3
11466,1
11471,1
11476,6
11477,7
11481,2
11486,94
11491,9
11496,1
11501,3
11506,14
11511,5
11515,5
11516,2
11521,1
11526,2
11531,10
11534,2
11536,4
11541,1
11546,2
11551,3
11553,NA
11556,40
11561,3
11566,1
11571,1
11572,27
11576,3
11581,10
11586,51
11591,2
11596,1
11601,4
11606,3
11610,1
11611,1
11616,2
11621,5
11626,1
11629,1
11631,23
11636,6
11641,1
11646,2
11648,12
11651,309
11656,2
11661,6
11666,49
11667,15
11671,6
11676,3
11681,8
11686,213
11691,1
11696,1
11701,2
11705,1
11706,118
11711,64
11716,1
11721,12
11724,4
11726,47
11731,20
11736,366
11741,1
11743,1
11746,1
11751,1
11756,8
11761,5
11762,60
11766,NA
11771,2
11776,1
11781,2
11786,8
11791,9
11796,1
11800,1
11801,2
11806,2
11811,5
11816,4
11819,4
11821,568
11826,2
11831,NA
11836,1
11838,2
11841,14
11846,7
11851,2
11856,14
11857,11
11861,6
11866,1
11871,30
11876,6
11881,7
11886,1
11891,1
11895,1
11896,267
11901,19
11906,17
11911,3
11914,5
11916,36
11921,1
11926,4
11931,2
11933,1
11936,1
11941,1
11946,31
11951,1
11952,50
11956,2
11961,10
11966,4
11971,1
11976,1
11981,79
11986,5
11990,2
11991,1
11996,3
12001,4
12006,3
12009,14
12011,1
12016,45
12021,3
12026,9
12028,1
12031,2
12036,4
12041,4
12046,6
12047,1
12051,1
12056,209
12061,1
12066,46
12071,2
12076,1
12081,10
12085,47
12086,1
12091,29
12096,115
12101,8
12104,3
12106,2
12111,250
12116,6
12121,588
12123,1
12126,1
12131,4
12136,16
12141,60
12142,3
12146,21
12151,2
12156,3
12161,1
12166,50
12171,1
12176,54
12180,3
12181,3
12186,4
12191,1
12196,5
12199,1
12201,1
12206,84
12211,4
12216,1
12218,3
12221,98
12226,14
12231,384
12236,1
12237,106
12241,114
12246,2
12251,2
12256,17
12261,6
12266,277
12271,3
12275,2
12276,1
12281,94
12286,1
12291,20
12294,3
12296,6
12301,6
12306,3
12311,8
12313,1
12316,12
12321,1
12326,1
12331,3
12332,2
12336,3
12341,1
12346,1
12351,39
12356,3
12361,1
12366,5
12370,1
12371,16
12376,1
12381,153
12386,4
12389,1
12391,5
12396,2
12401,1
12406,13
12408,35
12411,1
12416,14
12421,2
12426,2
12427,24
12431,2
12436,120
12441,5
12446,1
12451,9
12456,3
12461,1
12465,1
12466,1
12471,2
12476,1
12481,2
12484,2
12486,1
12491,39
12496,2
12501,4
12503,125
12506,2
12511,5
12516,4
12521,7
12522,2
12526,2
12531,17
12536,8
12541,332
12546,1
12551,6
12556,3
12560,9
12561,8
12566,2
12571,1
12576,2
12579,4
12581,3
12586,1
12591,16
12596,5
12598,3
12601,1
12606,40
12611,3
12616,1
12617,3
12621,62
12626,1
12631,3
12636,4
12641,2
12646,2
12651,3
12655,5
12656,3
12661,1
12666,6
12671,10
12674,1
12676,NA
12681,3
12686,3
12691,104
12693,109
12696,2
12701,2
12706,2
12711,10
12712,8
12716,1
12721,1
12726,1
12731,2
12736,11
12741,2
12746,6
12750,3
12751,8
12756,13
12761,35
12766,1
12769,11
12771,5
12776,1
12781,59
12786,3
12788,1
12791,1
12796,1
12801,7
12806,2
12807,1
12811,28
12816,4
12821,3
12826,19
12831,3
12836,8
12841,57
12845,1
12846,1
12851,1
12856,33
12861,1
12864,1
12866,7
12871,3
12876,98
12881,2
12883,20
12886,5
12891,6
12896,1
12901,NA
12902,201
12906,127
12911,23
12916,9
12921,5
12926,1
12931,34
12936,1
12940,1
12941,217
12946,23
12951,2
12956,4
12959,5
12961,1
12966,4
12971,5
12976,33
12978,5
12981,737
12986,4
12991,1
12996,63
12997,14
13001,3
13006,3
13011,1
13016,5
13021,2
13026,6
13031,5
13035,2
13036,3
13041,112
13046,2
13051,4
13054,1
13056,9
13061,5
13066,1
13071,1
13073,8
13076,1
13081,2
13086,6
13091,1
13092,22
13096,1
13101,1
13106,4
13111,1
13116,49
13121,2
13126,58
13130,2
13131,5
13136,8
13141,6
13146,3
13149,2
13151,98
13156,2
13161,1
13166,2
13168,1
13171,2
13176,1
13181,3
13186,3
13187,1
13191,2
13196,3
13201,14
13206,5
13211,1
13216,NA
13221,6
13225,1
13226,2
13231,NA
13236,6
13241,25
13244,4
13246,5
13251,22
13256,13
13261,26
13263,2
13266,11
13271,1
13276,1
13281,4
13282,36
13286,5
13291,10
13296,2
13301,1
13306,10
13311,1
13316,1
13320,19
13321,1
13326,1
13331,8
13336,9
13339,3
13341,1
13346,7
13351,3
13356,5
13358,1
13361,3
13366,2
13371,1
13376,11
13377,1
13381,3
13386,78
13391,1
13396,1
13401,76
13406,3
13411,24
13415,5
13416,7
13421,241
13426,6
13431,2
13434,2
13436,3
13441,1
13446,5
13451,13
13453,4
13456,3
13461,5
13466,9
13471,6
13472,3
13476,7
13481,2
13486,186
13491,1
13496,1
13501,1
13506,5
13510,1
13511,1
13516,1
13521,1
13526,7
13529,3
13531,2
13536,16
13541,14
13546,27
13548,4
13551,1
13556,27
13561,3
13566,1
13567,4
13571,NA
13576,2
13581,17
13586,1
13591,36
13596,1
13601,9
13605,2
13606,460
13611,3
13616,1
13621,1
13624,13
13626,1
13631,15
13636,4
13641,4
13643,8
13646,20
13651,3
13656,8
13661,6
13662,1
13666,1
13671,35
13676,2
13681,2
13686,5
13691,6
13696,2
13700,1
13701,52
13706,4
13711,4
13716,2
13719,1
13721,1
13726,194
13731,12
13736,4
13738,2
13741,1
13746,8
13751,2
13756,15
13757,468
13761,1
13766,9
13771,1
13776,1
13781,50
13786,350
13791,1
13795,2
13796,8
13801,7
13806,3
13811,45
13814,2
13816,2
13821,3
13826,1
13831,12
13833,11
13836,31
13841,1
13846,11
13851,7
13852,7
13856,3
13861,5
13866,90
13871,2
13876,84
13881,3
13886,13
13890,1
13891,2
13896,17
13901,1
13906,18
13909,8
13911,5
13916,1
13921,3
13926,17
13928,1
13931,3
13936,6
13941,1
13946,1
13947,8
13951,11
13956,3
13961,4
13966,4
13971,12
13976,103
13981,97
13985,2
13986,1
13991,9
13996,10
14001,1
14004,7
14006,29
14011,NA
14016,4
14021,3
14023,1
14026,19
14031,3
14036,10
14041,7
14042,1
14046,1
14051,1
14056,15
14061,NA
14066,5
14071,1
14076,13
14080,3
14081,39
14086,1
14091,1
14096,8
14099,1
14101,8
14106,5
14111,1
14116,1
14118,1
14121,3
14126,2
14131,7
14136,4
14137,1
14141,4
14146,1
14151,6
14156,184
14161,algebra
14166,9
14171,3
14175,2
14176,1
14181,22
14186,6
14191,11
14194,4
14196,1
14201,1
14206,5
14211,16
14213,2
14216,62
14221,1
14226,118
14231,4
14232,1
14236,6
14241,2
14246,5
14251,1
14256,2
14261,18
14266,24
14270,1
14271,2
14276,NA
14281,2
14286,4
14289,7
14291,2
14296,47
14301,1
14306,3
14308,3
14311,4
14316,1
14321,6
14326,1
14327,7
14331,4
14336,1
14341,2
14346,2
14351,307
14356,22
14361,99
14365,3
14366,1
14371,1
14376,1
14381,15
14384,5
14386,4
14391,6
14396,2
14401,1
14403,5
14406,10
14411,3
14416,189
14421,1
14422,1
14426,17
14431,2
14436,93
14441,1
14446,1
14451,3
14456,34
14460,1
14461,58
14466,1
14471,3
14476,24
14479,3
14481,4
14486,3
14491,1
14496,2
14498,215
14501,9
14506,3
14511,1
14516,2
14517,NA
14521,2
14526,232
14531,5
14536,3
14541,1
14546,3
14551,NA
14555,4
14556,2
14561,1
14566,11
14571,18
14574,1
14576,9
14581,2
14586,3
14591,6
14593,2
14596,1
14601,1
14606,3
14611,39
14612,84
14616,1
14621,2
14626,33
14631,3
14636,35
14641,29
14646,NA
14650,1
14651,2
14656,2
14661,9
14666,2
14669,36
14671,1
14676,59
14681,18
14686,1
14688,3
14691,10
14696,531
14701,27
14706,2
14707,3
14711,3
14716,22
14721,128
14726,4
14731,9
14736,4
14741,1
14745,3
14746,465
14751,349
14756,3
14761,1
14764,1
14766,22
14771,2
14776,56
14781,2
14783,30
14786,49
14791,46
14796,1
14801,23
14802,3
14806,3
14811,8
14816,1
14821,5
14826,1
14831,168
14836,16
14840,2
14841,2
14846,2
14851,1
14856,4
14859,3
14861,6
14866,21
14871,3
14876,3
14878,2
14881,2
14886,3
14891,4
14896,6
14897,1
14901,9
14906,47
14911,29
14916,1
14921,1
14926,4
14931,2
14935,36
14936,1
14941,16
14946,38
14951,1
14954,1
14956,2
14961,1
14966,1
14971,2
14973,1
14976,3
14981,2
14986,1
14991,9
14992,4
14996,5
15001,7
15006,2
15011,6
15016,1
15021,1
15026,1
15030,1
15031,3
15036,123
15041,12
15046,5
15049,2
15051,1
15056,4
15061,1
15066,4
15068,2
15071,3
15076,2
15081,2
15086,4
15087,5
15091,22
15096,1
15101,4
15106,2
15111,26
15116,4
15121,3
15125,1
15126,1
15131,104
15136,1
15141,1
15144,27
15146,1
15151,2
15156,17
15161,8
15163,5
15166,11
15171,135
15176,4
15181,2
15182,2
15186,6
15191,5
15196,16
15201,1
15206,13
15211,239
15216,1
15220,213
15221,6
15226,2
15231,7
15236,1
15239,25
15241,1
15246,3
15251,1
15256,2
15258,1
15261,19
15266,1
15271,2
15276,7
15277,2
15281,4
15286,4
15291,2
15296,3
15301,2
15306,5
15311,3
15315,2
15316,1
15321,6
15326,3
15331,14
15334,1
15336,28
15341,NA
15346,7
15351,6
15353,1
15356,4
15361,551
15366,2
15371,1
15372,3
15376,1
15381,3
15386,1
15391,4
15396,5
15401,1
15406,30
15410,2
15411,5
15416,6
15421,1
15426,2
15429,3
15431,162
15436,5
15441,2
15446,1
15448,2
15451,13
15456,17
15461,NA
15466,11
15467,131
15471,206
15476,17
15481,3
15486,1
15491,7
15496,1
15501,6
15505,1
15506,15
15511,1
15516,1
15521,3
15524,1
15526,1
15531,2
15536,41
15541,14
15543,3
15546,1
15551,1
15556,778
15561,14
15562,2
15566,6
15571,2
15576,1
15581,38
15586,9
15591,7
15596,NA
15600,5
15601,1
15606,60
15611,1
15616,434
15619,78
15621,2
15626,63
15631,162
15636,3
15638,12
15641,52
15646,8
15651,1
15656,2
15657,8
15661,1
15666,1
15671,7
15676,4
15681,2
15686,4
15691,1
15695,1
15696,1
15701,1
15706,2
15711,180
15714,1
15716,1
15721,1
15726,8
15731,9
15733,1
15736,3
15741,1
15746,40
15751,8
15752,1
15756,2
15761,26
15766,6
15771,1
15776,2
15781,4
15786,1
15790,3
15791,1
15796,1
15801,1
15806,2
15809,2
15811,1
15816,4
15821,5
15826,1
15828,1
15831,2
15836,4
15841,4
15846,45
15847,4
15851,6
15856,160
15861,19
15866,1
15871,1
15876,21
15881,3
15885,225
15886,34
15891,5
15896,2
15901,2
15904,21
15906,3
15911,11
15916,830
15921,38
15923,2
15926,2
15931,2
15936,1
15941,4
15942,6
15946,15
15951,1
15956,2
15961,356
15966,14
15971,1
15976,1
15980,6
15981,3
15986,16
15991,2
15996,5
15999,3
16001,2
16006,173
16011,4
16016,2
16018,1
16021,6
16026,2
16031,3
16036,1
16037,4
16041,612
16046,5
16051,4
16056,3
16061,11
16066,1
16071,2
16075,3
16076,3
16081,4
16086,1
16091,92
16094,2
16096,3
16101,2
16106,44
16111,3
16113,6
16116,4
16121,1
16126,2
16131,3
16132,1
16136,1
16141,242
16146,2
16151,12
16156,4
16161,1
16166,2
16170,1
16171,3
16176,NA
16181,23
16186,1
16189,4
16191,1
16196,2
16201,6
16206,10
16208,5
16211,4
16216,1
16221,46
16226,1
16227,29
16231,3
16236,9
16241,1
16246,1
16251,42
16256,10
16261,1
16265,6
16266,62
16271,2
16276,2
16281,14
16284,47
16286,3
16291,4
16296,23
16301,1
16303,1
16306,NA
16311,4
16316,1
16321,3
16322,1
16326,42
16331,2
16336,4
16341,2
16346,513
16351,26
16356,23
16360,10
16361,60
16366,1
16371,3
16376,2
16379,1
16381,142
16386,13
16391,1
16396,6
16398,12
16401,2
16406,278
16411,8
16416,14
16417,9
16421,11
16426,2
16431,7
16436,8
16441,39
16446,177
16451,11
16455,3
16456,2
16461,1
16466,4
16471,1
16474,4
16476,1
16481,5
16486,1
16491,5
16493,52
16496,5
16501,1
16506,4
16511,1
16512,11
16516,4
16521,2
16526,12
16531,2
16536,1
16541,1
16546,2
16550,1
16551,2
16556,32
16561,1
16566,17
16569,1
16571,11
16576,1
16581,2
16586,NA
16588,1
16591,2
16596,8
16601,7
16606,4
16607,8
16611,5
16616,1
16621,52
16626,37
16631,30
16636,1
16641,NA
16645,NA
16646,2
16651,1
16656,2
16661,34
16664,13
16666,11
16671,1
16676,1
16681,10
16683,84
16686,6
16691,5
16696,1
16701,1
16702,1
16706,3
16711,1
16716,5
16721,3
16726,4
16731,7
16736,1
16740,2
16741,1
16746,523
16751,1
16756,3
16759,3
16761,10
16766,15
16771,127
16776,7
16778,79
16781,3
16786,8
16791,20
16796,58
16797,1
16801,2
16806,79
16811,1
16816,1
16821,1
16826,18
16831,2
16835,1
16836,1
16841,4
16846,1
16851,3
16854,2
16856,83
16861,3
16866,2
16871,1
16873,3
16876,2
16881,2
16886,1
16891,5
16892,2
16896,1
16901,46
16906,9
16911,10
16916,2
16921,15
16926,1
16930,19
16931,22
16936,20
16941,7
16946,31
16949,7
16951,1
16956,4
16961,3
16966,1
16968,1
16971,6
16976,1
16981,4
16986,110
16987,1
16991,4
16996,1
17001,4
17006,5
17011,1
17016,1
17021,2
17025,3
17026,4
17031,2
17036,4
17041,6
17044,1
17046,2
17051,2
17056,240
17061,1
17063,14
17066,1
17071,116
17076,3
17081,5
17082,6
17086,1
17091,2
17096,1
17101,2
17106,3
17111,9
17116,NA
17120,1
17121,185
17126,69
17131,3
17136,10
17139,6
17141,10
17146,3
17151,1
17156,5
17158,1
17161,191
17166,1
17171,1
17176,1
17177,2
17181,4
17186,13
17191,1
17196,1
17201,12
17206,132
17211,9
17215,1
17216,4
17221,1
17226,6
17231,7
17234,454
17236,4
17241,1
17246,2
17251,3
17253,10
17256,2
17261,30
17266,2
17271,1
17272,2
17276,9
17281,3
17286,8
17291,70
17296,2
17301,1
17306,5
17310,14
17311,3
17316,1
17321,2
17326,7
17329,1
17331,2
17336,1
17341,1
17346,3
17348,3
17351,1
17356,2
17361,1
17366,1
17367,15
17371,47
17376,7
17381,12
17386,1
17391,100
17396,7
17401,1
17405,6
17406,48
17411,4
17416,1
17421,NA
17424,1
17426,4
17431,4
17436,1
17441,2
17443,6
17446,1
17451,4
17456,3
17461,9
17462,8
17466,1
17471,76
17476,1
17481,35
17486,5
17491,171
17496,38
17500,7
17501,29
17506,47
17511,1
17516,1
17519,8
17521,1
17526,1
17531,4
17536,16
17538,14
17541,5
17546,2
17551,261
17556,14
17557,5
17561,44
17566,2
17571,28
17576,1
17581,2
17586,1
17591,54
17595,8
17596,10
17601,28
17606,8
17611,4
17614,1
17616,17
17621,1
17626,2
17631,19
17633,725
17636,NA
17641,1
17646,1
17651,6
17652,1
17656,4
17661,1
17666,1
17671,6
17676,2
17681,5
17686,6
17690,1
17691,5
17696,10
17701,38
17706,4
17709,1
17711,13
17716,2
17721,5
17726,1
17728,2
17731,13
17736,4
17741,2
17746,1
17747,1
17751,1
17756,188
17761,3
17766,2
17771,1
17776,4
17781,3
17785,31
17786,1
17791,1
17796,5
17801,3
17804,8
17806,2
17811,10
17816,2
17821,2
17823,1
17826,29
17831,114
17836,1
17841,1
17842,1
17846,15
17851,202
17856,2
17861,1
17866,4
17871,3
17876,1
17880,10
17881,88
17886,1
17891,4
17896,43
17899,1
17901,3
17906,4
17911,1
17916,2
17918,1
17921,1
17926,276
17931,5
17936,1
17937,6
17941,6
17946,205
17951,2
17956,7
17961,6
17966,69
17971,12
17975,1
17976,1
17981,3
17986,6
17991,4
17994,1
17996,2
18001,3
18006,19
18011,1
18013,3
18016,1
18021,5
18026,32
18031,2
18032,2
18036,5
18041,4
18046,5
18051,3
18056,4
18061,8
18066,1
18070,4
18071,1
18076,1
18081,4
18086,1
18089,1
18091,20
18096,1
18101,1
18106,259
18108,1
18111,1
18116,96
18121,3
18126,21
18127,2
18131,129
18136,10
18141,1
18146,12
18151,2
18156,2
18161,3
18165,1
18166,646
18171,1
18176,282
18181,5
18184,3
18186,1
18191,7
18196,2
18201,73
18203,2
18206,144
18211,24
18216,4
18221,15
18222,3
18226,1
18231,2
18236,31
18241,1
18246,5
18251,9
18256,8
18260,3
18261,3
18266,534
18271,1
18276,1
18279,1
18281,9
18286,75
18291,9
18296,2
18298,3
18301,4
18306,74
18311,NA
18316,1
18317,4
18321,1
18326,1
18331,39
18336,8
18341,9
18346,5
18351,2
18355,3
18356,65
18361,10
18366,20
18371,5
18374,2
18376,1
18381,5
18386,1
18391,16
18393,2
18396,1
18401,7
18406,32
18411,20
18412,175
18416,19
18421,3
18426,13
18431,49
18436,4
18441,10
18446,1
18450,2
18451,1
18456,3
18461,1
18466,2
18469,5
18471,1
18476,4
18481,2
18486,31
18488,7
18491,1
18496,3
18501,2
18506,4
18507,78
18511,3
18516,1
18521,118
18526,18
18531,18
18536,1
18541,6
18545,1
18546,2
18551,33
18556,12
18561,30
18564,3
18566,1
18571,1
18576,4
18581,9
18583,1
18586,3
18591,1
18596,2
18601,1
18602,11
18606,7
18611,39
18616,4
18621,10
18626,1
18631,2
18636,4
18640,23
18641,9
18646,2
18651,3
18656,2
18659,32
18661,1
18666,20
18671,1
18676,3
18678,4
18681,7
18686,4
18691,1
18696,10
18697,7
18701,3
18706,175
18711,158
18716,1
18721,2
18726,1
18731,100
18735,50
18736,1
18741,4
18746,7
18751,2
18754,2
18756,2
18761,55
18766,1
18771,3
18773,2
18776,6
18781,5
18786,6
18791,2
18792,1
18796,2
18801,1
18806,18
18811,1
18816,4
18821,1
18826,68
18830,3
18831,4
18836,1
18841,1
18846,1
18849,33
18851,2
18856,4
18861,18
18866,14
18868,10
18871,118
18876,1
18881,4
18886,34
18887,1
18891,1
18896,6
18901,29
18906,4
18911,5
18916,79
18921,2
18925,1
18926,1
18931,9
18936,8
18941,2
18944,1
18946,62
18951,7
18956,8
18961,31
18963,1
18966,9
18971,2
18976,6
18981,5
18982,3
18986,18
18991,1
18996,6
19001,3
19006,3
19011,60
19016,1
19020,7
19021,11
19026,4
19031,12
19036,14
19039,2
19041,1
19046,1
19051,1
19056,4
19058,1
19061,3
19066,135
19071,53
19076,1
19077,3
19081,934
19086,15
19091,1
19096,7
19101,3
19106,3
19111,10
19115,1
19116,1
19121,1
19126,1
19131,2
19134,11
19136,NA
19141,5
19146,1
19151,1
19153,4
19156,5
19161,9
19166,4
19171,1
19172,19
19176,6
19181,2
19186,4
19191,NA
19196,3
19201,3
19206,8
19210,7
19211,11
19216,1
19221,2
19226,31
19229,1
19231,9
19236,1
19241,10
19246,NA
19248,2
19251,7
19256,2
19261,3
19266,6
19267,3
19271,1
19276,2
19281,5
19286,1
19291,1
19296,1
19301,3
19305,5
19306,125
19311,13
19316,24
19321,13
19324,3
19326,2
19331,2
19336,1
19341,6
19343,3
19346,2
19351,9
19356,9
19361,55
19362,1
19366,2
19371,22
19376,6
19381,38
19386,3
19391,4
19396,5
19400,2
19401,761
19406,40
19411,16
19416,4
19419,5
19421,8
19426,1
19431,4
19436,1
19438,1
19441,10
19446,1
19451,1
19456,54
19457,12
19461,25
19466,2
19471,17
19476,1
19481,20
19486,NA
19491,51
19495,8
19496,20
19501,7
19506,9
19511,10
19514,1
19516,2
19521,3
19526,28
19531,20
19533,3
19536,1
19541,21
19546,1
19551,4
19552,99
19556,63
19561,3
19566,1
19571,1
19576,299
19581,3
19586,3
19590,1
19591,1
19596,60
19601,3
19606,2
19609,4
19611,1
19616,1
19621,8
19626,1
19628,1
19631,2
19636,1
19641,2
19646,2
19647,19
19651,6
19656,2
19661,1
19666,210
19671,2
19676,1
19681,NA
19685,5
19686,4
19691,49
19696,1
19701,51
19704,11
19706,4
19711,11
19716,2
19721,57
19723,93
19726,1
19731,2
19736,10
19741,4
19742,6
19746,1
19751,13
19756,7
19761,31
19766,7
19771,8
19776,1
19780,24
19781,2
19786,5
19791,6
19796,3
19799,14
19801,1
19806,3
19811,3
19816,54
19818,5
19821,1
19826,3
19831,4
19836,8
19837,5
19841,2
19846,8
19851,76
19856,2
19861,10
19866,4
19871,1
19875,3
19876,4
19881,17
19886,31
19891,2
19894,1
19896,1
19901,4
19906,7
19911,338
19913,1
19916,9
19921,2
19926,1
19931,29
19932,4
19936,18
19941,1
19946,6
19951,1
19956,14
19961,3
19966,1
19970,94
19971,105
19976,8
19981,54
19986,8
19989,6
19991,30
19996,1
20001,133
20006,3
20008,7
20011,21
20016,2
20021,1
20026,2
20027,3
20031,9
20036,1
20041,2
20046,8
20051,2
20056,5
20061,1
20065,9
20066,1
20071,5
20076,32
20081,3
20084,1
20086,9
20091,NA
20096,1
20101,1
20103,1
20106,975
20111,1
20116,1
20121,5
20122,2
20126,3
20131,5
20136,1
20141,1
20146,3
20151,58
20156,2
20160,3
20161,165
20166,1
20171,398
20176,7
20179,1
20181,4
20186,4
20191,2
20196,1
20198,11
20201,8
20206,8
20211,1
20216,230
20217,1
20221,2
20226,16
20231,4
20236,118
20241,2
20246,113
20251,43
20255,2
20256,3
20261,8
20266,4
20271,12
20274,1
20276,1
20281,353
20286,8
20291,2
20293,1
20296,2
20301,3
20306,2
20311,1
20312,4
20316,1
20321,5
20326,3
20331,3
20336,26
20341,12
20346,2
20350,601
20351,1
20356,2
20361,8
20366,11
20369,2
20371,81
20376,1
20381,462
20386,11
20388,18
20391,5
20396,NA
20401,26
20406,3
20407,10
20411,1
20416,1
20421,5
20426,1
20431,3
20436,16
20441,1
20445,6
20446,7
20451,11
20456,10
20461,1
20464,NA
20466,26
20471,3
20476,7
20481,48
20483,14
20486,1
20491,12
20496,43
20501,3
20502,NA
20506,45
20511,4
20516,2
20521,2
20526,1
20531,3
20536,1
20540,3
20541,2
20546,3
20551,1
20556,7
20559,14
20561,6
20566,2
20571,1
20576,6
20578,7
20581,2
20586,1
20591,21
20596,1
20597,5
20601,6
20606,3
20611,30
20616,2
20621,18
20626,12
20631,9
20635,2
20636,8
20641,19
20646,22
20651,3
20654,2
20656,23
20661,8
20666,4
20671,1
20673,3
20676,2
20681,3
20686,15
20691,2
20692,1
20696,378
20701,1
20706,15
20711,1
20716,39
20721,3
20726,1
20730,38
20731,14
20736,3
20741,1
20746,1
20749,5
20751,6
20756,2
20761,1
20766,6
20768,1
20771,31
20776,3
20781,10
20786,23
20787,5
20791,2
20796,1
20801,1
20806,3
20811,1
20816,1
20821,6
20825,59
20826,13
20831,2
20836,1
20841,27
20844,2
20846,1
20851,1
20856,5
20861,13
20863,8
20866,154
20871,1
20876,16
20881,12
20882,1
20886,108
20891,10
20896,2
20901,1
20906,2
20911,33
20916,1
20920,1
20921,2
20926,9
20931,7
20936,NA
20939,4
20941,2
20946,426
20951,2
20956,28
20958,2
20961,6
20966,451
20971,7
20976,1
20977,6
20981,37
20986,3
20991,6
20996,2
21001,1
21006,2
21011,3
21015,1
21016,39
21021,1
21026,536
21031,60
21034,1
21036,8
21041,151
21046,8
21051,4
21053,1
21056,8
21061,99
21066,5
21071,2
21072,4
21076,2
21081,3
21086,1
21091,1
21096,2
21101,16
21106,13
21110,1
21111,31
21116,2
21121,5
21126,2
21129,5
21131,3
21136,5
21141,2
21146,2
21148,1
21151,2
21156,965
21161,3
21166,6
21167,1
21171,2
21176,1
21181,2
21186,3
21191,6
21196,8
21201,1
21205,42
21206,317
21211,16
21216,1
21221,25
21224,6
21226,3
21231,2
21236,61
21241,4
21243,6
21246,1
21251,1
21256,534
21261,1
21262,2
21266,2
21271,1
21276,8
21281,3
21286,1
21291,1
21296,3
21300,1
21301,1
21306,8
21311,3
21316,1
21319,1
21321,13
21326,3
21331,10
21336,3
21338,17
21341,15
21346,2
21351,4
21356,25
21357,9
21361,8
21366,4
21371,1
21376,1
21381,3
21386,5
21391,4
21395,4
21396,15
21401,1
21406,2
21411,3
21414,2
21416,2
21421,2
21426,1
21431,3
21433,1
21436,528
21441,1
21446,8
21451,2
21452,648
21456,10
21461,1
21466,1
21471,16
21476,1
21481,4
21486,9
21490,7
21491,1
21496,7
21501,3
21506,4
21509,1
21511,4
21516,9
21521,3
21526,1
21528,2
21531,4
21536,264
21541,1
21546,1
21547,1
21551,1
21556,2
21561,4
21566,19
21571,48
21576,1
21581,2
21585,12
21586,1
21591,2
21596,1
21601,8
21604,100
21606,2
21611,18
21616,129
21621,252
21623,1
21626,54
21631,15
21636,4
21641,1
21642,7
21646,1
21651,3
21656,82
21661,4
21666,2
21671,22
21676,41
21680,1
21681,3
21686,3
21691,6
21696,513
21699,48
21701,1
21706,150
21711,1
21716,1
21718,15
21721,12
21726,92
21731,3
21736,1
21737,1
21741,84
21746,1
21751,18
21756,3
21761,1
21766,6
21771,5
21775,2
21776,NA
21781,3
21786,13
21791,9
21794,316
21796,20
21801,2
21806,25
21811,1
21813,4
21816,1
21821,5
21826,1
21831,3
21832,8
21836,8
21841,9
21846,1
21851,9
21856,87
21861,4
21866,1
21870,1
21871,33
21876,8
21881,2
21886,5
21889,1
21891,1
21896,3
21901,1
21906,5
21908,4
21911,1
21916,7
21921,542
21926,3
21927,24
21931,2
21936,6
21941,5
21946,2
21951,1
21956,3
21961,4
21965,2
21966,240
21971,13
21976,2
21981,27
21984,2
21986,5
21991,86
21996,7
22001,4
22003,18
22006,3
22011,21
22016,1
22021,1
22022,1
22026,1
22031,3
22036,1
22041,1
22046,2
22051,3
22056,32
22060,3
22061,14
22066,1
22071,1
22076,1
22079,5
22081,2
22086,4
22091,1
22096,1
22098,1
22101,1
22106,8
22111,8
22116,10
22117,5
22121,3
22126,1
22131,517
22136,1
22141,1
22146,2
22151,4
22155,2
22156,2
22161,5
22166,2
22171,6
22174,15
22176,1
22181,19
22186,10
22191,22
22193,6
22196,1
22201,11
22206,3
22211,120
22212,2
22216,4
22221,5
22226,1
22231,799
22236,1
22241,4
22246,2
22250,2
22251,4
22256,3
22261,748
22266,2
22269,3
22271,3
22276,91
22281,8
22286,3
22288,2
22291,4
22296,1
22301,4
22306,2
22307,7
22311,105
22316,7
22321,1
22326,2
22331,2
22336,1
22341,2
22345,1
22346,1
22351,1
22356,2
22361,9
22364,1
22366,1
22371,2
22376,9
22381,10
22383,1
22386,6
22391,1
22396,58
22401,4
22402,1
22406,2
22411,9
22416,4
22421,2
22426,1
22431,8
22436,29
22440,1
22441,5
22446,355
22451,13
22456,9
22459,2
22461,1
22466,21
22471,2
22476,11
22478,14
22481,8
22486,1
22491,206
22496,12
22497,8
22501,2
22506,4
22511,4
22516,101
22521,5
22526,1
22531,3
22535,4
22536,6
22541,NA
22546,13
22551,1
22554,1
22556,85
22561,10
22566,1
22571,3
22573,14
22576,8
22581,2
22586,1
22591,1
22592,2
22596,7
22601,2
22606,15
22611,4
22616,2
22621,1
22626,16
22630,2
22631,2
22636,1
22641,15
22646,1
22649,8
22651,12
22656,3
22661,18
22666,1
22668,17
22671,1
22676,4
22681,2
22686,1
22687,4
22691,26
22696,1
22701,1
22706,10
22711,4
22716,1
22721,101
22725,89
22726,6
22731,25
22736,1
22741,1
22744,3
22746,2
22751,1
22756,12
22761,1
22763,1
22766,35
22771,3
22776,2
22781,5
22782,5
22786,14
22791,1
22796,3
22801,1
22806,3
22811,NA
22816,2
22820,1
22821,15
22826,1
22831,2
22836,16
22839,2
22841,15
22846,NA
22851,2
22856,2
22858,2
22861,5
22866,5
22871,1
22876,3
22877,1
22881,2
22886,294
22891,4
22896,5
22901,24
22906,15
22911,1
22915,1
22916,7
22921,32
22926,1
22931,NA
22934,1
22936,1
22941,39
22946,7
22951,279
22953,2
22956,9
22961,14
22966,2
22971,1
22972,15
22976,6
22981,2
22986,55
22991,6
22996,1
23001,1
23006,3
23010,NA
23011,1
23016,1
23021,1
23026,2
23029,11
23031,118
23036,1
23041,14
23046,3
23048,8
23051,1
23056,2
23061,9
23066,44
23067,1
23071,1
23076,1
23081,63
23086,5
23091,1
23096,12
23101,11
23105,1
23106,5
23111,1
23116,5
23121,11
23124,2
23126,4
23131,24
23136,3
23141,1
23143,1
23146,1
23151,16
23156,2
23161,NA
23162,2
23166,10
23171,1
23176,1
23181,8
23186,3
23191,7
23196,1
23200,4
23201,6
23206,2
23211,16
23216,1
23219,285
23221,11
23226,3
23231,4
23236,54
23238,1
23241,1
23246,1
23251,6
23256,4
23257,3
23261,3
23266,12
23271,NA
23276,16
23281,643
23286,39
23291,87
23295,1
23296,2
23301,NA
23306,5
23311,1
23314,1
23316,5
23321,15
23326,1
23331,4
23333,5
23336,98
23341,2
23346,21
23351,4
23352,1
23356,8
23361,1
23366,1
23371,3
23376,34
23381,4
23386,1
23390,11
23391,1
23396,1
23401,1
23406,2
23409,1
23411,6
23416,2
23421,2
23426,2
23428,1
23431,4
23436,1
23441,1
23446,10
23447,2
23451,1
23456,64
23461,1
23466,6
23471,1
23476,181
23481,4
23485,1
23486,519
23491,2
23496,6
23501,9
23504,1
23506,10
23511,1
23516,5
23521,21
23523,8
23526,1
23531,2
23536,4
23541,1
23542,28
23546,1
23551,14
23556,3
23561,38
23566,20
23571,5
23576,13
23580,8
23581,4
23586,5
23591,2
23596,2
23599,1
23601,19
23606,58
23611,11
23616,27
23618,14
23621,3
23626,13
23631,257
23636,26
23637,1
23641,1
23646,275
23651,3
23656,32
23661,5
23666,1
23671,1
23675,2
23676,1
23681,2
23686,8
23691,24
23694,151
23696,26
23701,2
23706,67
23711,3
23713,1
23716,47
23721,1
23726,3
23731,4
23732,11
23736,4
23741,1
23746,11
23751,1
23756,2
23761,233
23766,NA
23770,2
23771,1
23776,1
23781,7
23786,4
23789,4
23791,6
23796,2
23801,1
23806,18
23808,1
23811,3
23816,1
23821,1
23826,1
23827,4
23831,9
23836,1
23841,11
23846,1
23851,6
23856,2
23861,8
23865,4
23866,116
23871,1
23876,11
23881,253
23884,1
23886,1
23891,9
23896,43
23901,2
23903,4
23906,5
23911,1
23916,11
23921,10
23922,2
23926,2
23931,2
23936,3
23941,11
23946,1
23951,2
23956,3
23960,1
23961,1
23966,1
23971,8
23976,4
23979,1
23981,2
23986,1
23991,1
23996,17
23998,17
24001,3
24006,3
24011,1
24016,2
24017,1
24021,2
24026,1
24031,4
24036,368
24041,6
24046,3
24051,197
24055,6
24056,7
24061,1
24066,1
24071,6
24074,1
24076,NA
24081,489
24086,13
24091,1
24093,7
24096,1
24101,1
24106,3
24111,3
24112,8
24116,10
24121,5
24126,1
24131,3
24136,10
24141,9
24146,2
24150,1
24151,2
24156,28
24161,1
24166,1
24169,1
24171,2
24176,24
24181,87
24186,1
24188,4
24191,1
24196,5
24201,24
24206,4
24207,3
24211,8
24216,NA
24221,2
24226,1
24231,27
24236,1
24241,4
24245,1
24246,1
24251,27
24256,2
24261,6
24264,1
24266,6
24271,3
24276,2
24281,4
24283,1
24286,3
24291,20
24296,1
24301,1
24302,1
24306,12
24311,5
24316,2
24321,2
24326,37
24331,14
24336,25
24340,17
24341,54
24346,16
24351,2
24356,10
24359,1
24361,5
24366,1
24371,3
24376,1
24378,7
24381,117
24386,NA
24391,2
24396,3
24397,1
24401,1
24406,8
24411,1
24416,7
24421,1
24426,3
24431,7
24435,19
24436,10
24441,1
24446,1
24451,6
24454,3
24456,2
24461,3
24466,1
24471,5
24473,1
24476,1
24481,29
24486,1
24491,1
24492,2
24496,2
24501,3
24506,NA
24511,71
24516,166
24521,5
24526,88
24530,1
24531,4
24536,1
24541,1
24546,1
24549,5
24551,18
24556,24
24561,1
24566,2
24568,1
24571,3
24576,16
24581,2
24586,1
24587,36
24591,520
24596,8
24601,9
24606,2
24611,13
24616,24
24621,7
24625,4
24626,2
24631,19
24636,3
24641,2
24644,20
24646,1
24651,2
24656,3
24661,13
24663,7
24666,25
24671,2
24676,43
24681,2
24682,4
24686,1
24691,5
24696,1
24701,2
24706,5
24711,16
24716,1
24720,3
24721,92
24726,19
24731,2
24736,1
24739,5
24741,5
24746,5
24751,1
24756,2
24758,1
24761,41
24766,5
24771,2
24776,8
24777,3
24781,3
24786,18
24791,164
24796,1
24801,2
24806,4
24811,3
24815,10
24816,1
24821,7
24826,1
24831,NA
24834,4
24836,1
24841,2
24846,10
24851,4
24853,9
24856,4
24861,5
24866,6
24871,1
24872,1
24876,1
24881,4
24886,1
24891,1
24896,93
24901,1
24906,125
24910,8
24911,6
24916,NA
24921,1
24926,1
24929,NA
24931,5
24936,3
24941,2
24946,1
24948,6
24951,2
24956,2
24961,281
24966,2
24967,3
24971,3
24976,3
24981,3
24986,5
24991,392
24996,17
25001,1
25005,1
25006,10
25011,363
25016,6
25021,266
25024,4
25026,1
25031,13
25036,14
25041,1
25043,2
25046,12
25051,1
25056,2
25061,1
25062,3
25066,7
25071,1
25076,99
25081,3
25086,1
25091,22
25096,1
25100,2
25101,1
25106,494
25111,3
25116,1
25119,53
25121,1
25126,134
25131,2
25136,6
25138,3
25141,1
25146,1
25151,1
25156,49
25157,38
25161,194
25166,4
25171,68
25176,3
25181,4
25186,116
25191,6
25195,1
25196,3
25201,44
25206,8
25211,391
25214,5
25216,52
25221,1
25226,1
25231,10
25233,1
25236,1
25241,14
25246,53
25251,4
25252,6
25256,3
25261,4
25266,2
25271,1
25276,2
25281,9
25286,41
25290,1
25291,1
25296,3
25301,3
25306,NA
25309,1
25311,10
25316,6
25321,1
25326,2
25328,1
25331,19
25336,3
25341,131
25346,1
25347,9
25351,73
25356,3
25361,15
25366,1
25371,11
25376,1
25381,12
25385,35
25386,9
25391,1
25396,1
25401,8
25404,27
25406,12
25411,1
25416,2
25421,2
25423,14
25426,93
25431,3
25436,4
25441,14
25442,1
25446,2
25451,4
25456,2
25461,4
25466,1
25471,1
25476,4
25480,5
25481,3
25486,4
25491,1
25496,5
25499,1
25501,2
25506,2
25511,86
25516,9
25518,3
25521,1
25526,12
25531,24
25536,4
25537,4
25541,4
25546,461
25551,1
25556,37
25561,1
25566,11
25571,2
25575,1
25576,1
25581,2
25586,1
25591,130
25594,7
25596,87
25601,1
25606,2
25611,1
25613,9
25616,4
25621,1
25626,6
25631,8
25632,1
25636,10
25641,2
25646,1
25651,2
25656,2
25661,61
25666,9
25670,40
25671,1
25676,1
25681,7
25686,5
25689,10
25691,2
25696,12
25701,11
25706,NA
25708,1
25711,775
25716,1
25721,20
25726,1
25727,12
25731,2
25736,3
25741,5
25746,1
25751,3
25756,10
25761,56
25765,68
25766,2
25771,1
25776,1
25781,7
25784,8
25786,26
25791,509
25796,8
25801,2
25803,83
25806,2
25811,1
25816,1
25821,362
25822,1
25826,14
25831,2
25836,1
25841,1
25846,6
25851,1
25856,25
25860,7
25861,29
25866,5
25871,31
25876,9
25879,2
25881,17
25886,1
25891,4
25896,2
25898,8
25901,4
25906,5
25911,1
25916,1
25917,3
25921,35
25926,8
25931,12
25936,1
25941,31
25946,1
25951,1
25955,50
25956,8
25961,3
25966,NA
25971,1
25974,9
25976,1
25981,2
25986,1
25991,1
25993,3
25996,18
26001,57
26006,8
26011,18
26012,41
26016,1
26021,60
26026,66
26031,4
26036,33
26041,11
26046,1
26050,5
26051,1
26056,10
26061,4
26066,6
26069,9
26071,5
26076,3
26081,2
26086,8
26088,7
26091,1
26096,1
26101,1
26106,2
26107,1
26111,3
26116,1
26121,15
26126,9
26131,5
26136,50
26141,4
26145,5
26146,81
26151,11
26156,2
26161,NA
26164,3
26166,2
26171,117
26176,6
26181,4
26183,NA
26186,1
26191,17
26196,3
26201,4
26202,485
26206,4
26211,6
26216,11
26221,1
26226,6
26231,7
26236,4
26240,15
26241,1
26246,305
26251,3
26256,4
26259,5
26261,83
26266,1
26271,1
26276,3
26278,64
26281,2
26286,10
26291,1
26296,6
26297,2
26301,89
26306,8
26311,43
26316,42
26321,2
26326,1
26331,3
26335,2
26336,244
26341,2
26346,3
26351,3
26354,1
26356,89
26361,1
26366,2
26371,817
26373,1
26376,9
26381,3
26386,3
26391,2
26392,1
26396,2
26401,1
26406,9
26411,170
26416,4
26421,141
26426,4
26430,1
26431,2
26436,1
26441,1
26446,5
26449,11
26451,2
26456,5
26461,3
26466,2
26468,1
26471,1
26476,46
26481,8
26486,1
26487,2
26491,6
26496,3
26501,11
26506,3
26511,521
26516,2
26521,1
26525,5
26526,14
26531,2
26536,11
26541,24
26544,4
26546,6
26551,6
26556,9
26561,4
26563,1
26566,1
26571,NA
26576,3
26581,18
26582,4
26586,1
26591,15
26596,32
26601,1
26606,150
26611,1
26616,346
26620,2
26621,1
26626,2
26631,39
26636,23
26639,1
26641,1
26646,1
26651,11
26656,3
26658,6
26661,1
26666,30
26671,16
26676,17
26677,1
26681,2
26686,10
26691,1
26696,2
26701,3
26706,27
26711,5
26715,2
26716,6
26721,16
26726,2
26731,2
26734,1
26736,4
26741,1
26746,26
26751,3
26753,1
26756,24
26761,3
26766,9
26771,2
26772,NA
26776,26
26781,130
26786,18
26791,1
26796,5
26801,NA
26806,3
26810,1
26811,433
26816,1
26821,3
26826,13
26829,63
26831,4
26836,4
26841,2
26846,NA
26848,16
26851,1
26856,15
26861,30
26866,4
26867,4
26871,1
26876,16
26881,3
26886,8
26891,2
26896,13
26901,1
26905,7
26906,2
26911,15
26916,4
26921,1
26924,3
26926,1
26931,618
26936,5
26941,1
26943,1
26946,3
26951,1
26956,2
26961,3
26962,4
26966,1
26971,23
26976,2
26981,3
26986,1
26991,2
26996,11
27000,1
27001,9
27006,42
27011,1
27016,2
27019,2
27021,1
27026,7
27031,2
27036,1
27038,33
27041,266
27046,1
27051,2
27056,5
27057,1
27061,59
27066,1
27071,36
27076,1
27081,3
27086,40
27091,4
27095,10
27096,28
27101,1
27106,NA
27111,8
27114,69
27116,87
27121,2
27126,NA
27131,18
27133,3
27136,614
27141,1
27146,13
27151,1
27152,23
27156,5
27161,1
27166,2
27171,1
27176,3
27181,9
27186,10
27190,5
27191,16
27196,3
27201,1
27206,5
27209,1
27211,4
27216,7
27221,7
27226,3
27228,1
27231,22
27236,6
27241,6
27246,6
27247,3
27251,1
27256,34
27261,149
27266,4
27271,1
27276,7
27281,12
27285,68
27286,24
27291,1
27296,3
27301,3
27304,1
27306,2
27311,9
27316,7
27321,40
27323,1
27326,8
27331,432
27336,4
27341,1
27342,109
27346,1
27351,13
27356,7
27361,3
27366,5
27371,10
27376,16
27380,3
27381,7
27386,10
27391,2
27396,13
27399,2
27401,2
27406,4
27411,1
27416,1
27418,30
27421,1
27426,406
27431,58
27436,4
27437,1
27441,2
27446,1
27451,18
27456,7
27461,1
27466,1
27471,2
27475,1
27476,2
27481,112
27486,6
27491,4
27494,1
27496,2
27501,219
27506,2
27511,153
27513,2
27516,210
27521,1
27526,682
27531,2
27532,1
27536,1
27541,17
27546,1
27551,104
27556,23
27561,5
27566,46
27570,1
27571,3
27576,2
27581,2
27586,4
27589,1
27591,1
27596,3
27601,1
27606,3
27608,1
27611,4
27616,1
27621,6
27626,3
27627,1
27631,10
27636,10
27641,2
27646,NA
27651,11
27656,5
27661,8
27665,2
27666,15
27671,2
27676,404
27681,30
27684,107
27686,1
27691,1
27696,35
27701,17
27703,5
27706,17
27711,15
27716,24
27721,377
27722,1
27726,4
27731,3
27736,1
27741,NA
27746,50
27751,9
27756,50
27760,4
27761,1
27766,95
27771,3
27776,16
27779,2
27781,2
27786,6
27791,5
27796,31
27798,1
27801,2
27806,4
27811,1
27816,4
27817,1
27821,5
27826,2
27831,2
27836,33
27841,6
27846,3
27851,1
27855,1
27856,2
27861,1
27866,6
27871,1
27874,1
27876,1
27881,22
27886,15
27891,4
27893,6
27896,3
27901,6
27906,14
27911,4
27912,5
27916,5
27921,7
27926,11
27931,2
27936,4
27941,1
27946,1
27950,1
27951,6
27956,3
27961,3
27966,1
27969,7
27971,575
27976,9
27981,12
27986,1
27988,1
27991,6
27996,5
28001,361
28006,2
28007,1
28011,1
28016,7
28021,3
28026,2
28031,9
28036,4
28041,35
28045,2
28046,2
28051,1
28056,42
28061,1
28064,3
28066,4
28071,16
28076,8
28081,37
28083,4
28086,3
28091,1
28096,6
28101,3
28102,6
28106,5
28111,4
28116,11
28121,61
28126,103
28131,829
28136,94
28140,2
28141,1
28146,7
28151,18
28156,33
28159,549
28161,1
28166,2
28171,5
28176,9
28178,929
28181,2
28186,3
28191,1
28196,1
28197,1
28201,12
28206,8
28211,3
28216,1
28221,265
28226,628
28231,3
28235,15
28236,1
28241,294
28246,1
28251,42
28254,1
28256,27
28261,4
28266,4
28271,6
28273,2
28276,23
28281,2
28286,5
28291,1
28292,1
28296,18
28301,1
28306,10
28311,3
28316,4
28321,2
28326,1
28330,1
28331,3
28336,3
28341,6
28346,6
28349,12
28351,38
28356,2
28361,6
28366,1
28368,1
28371,1
28376,6
28381,9
28386,5
28387,6
28391,191
28396,1
28401,3
28406,9
28411,4
28416,10
28421,2
28425,2
28426,578
28431,2
28436,9
28441,1
28444,3
28446,2
28451,3
28456,37
28461,48
28463,1
28466,1
28471,1
28476,1
28481,8
28482,1
28486,9
28491,47
28496,38
28501,249
28506,18
28511,1
28516,37
28520,3
28521,20
28526,2
28531,10
28536,26
28539,8
28541,17
28546,1
28551,3
28556,54
28558,NA
28561,1
28566,2
28571,3
28576,6
28577,10
28581,3
28586,1
28591,4
28596,27
28601,1
28606,49
28611,1
28615,10
28616,5
28621,7
28626,114
28631,2
28634,2
28636,6
28641,2
28646,5
28651,529
28653,1
28656,2
28661,108
28666,2
28671,8
28672,3
28676,9
28681,7
28686,4
28691,7
28696,12
28701,1
28706,2
28710,4
28711,8
28716,1
28721,1
28726,1
28729,28
28731,3
28736,1
28741,22
28746,5
28748,1
28751,18
28756,4
28761,8
28766,6
28767,1
28771,1
28776,NA
28781,7
28786,3
28791,1
28796,1
28801,3
28805,2
28806,4
28811,1
28816,2
28821,1
28824,1
28826,2
28831,164
28836,10
28841,1
28843,2
28846,95
28851,341
28856,9
28861,58
28862,1
28866,37
28871,27
28876,1
28881,4
28886,1
28891,1
28896,1
28900,1
28901,1
28906,22
28911,1
28916,5
28919,1
28921,NA
28926,3
28931,2
28936,3
28938,1
28941,586
28946,15
28951,2
28956,2
28957,1
28961,1
28966,15
28971,1
28976,16
28981,5
28986,95
28991,1
28995,26
28996,1
29001,1
29006,2
29011,3
29014,78
29016,835
29021,5
29026,11
29031,4
29033,15
29036,579
29041,121
29046,3
29051,1
29052,11
29056,18
29061,3
29066,1
29071,2
29076,2
29081,5
29086,25
29090,2
29091,2
29096,1
29101,71
29106,4
29109,2
29111,1
29116,34
29121,1
29126,1
29128,10
29131,5
29136,3
29141,12
29146,8
29147,198
29151,57
29156,2
29161,76
29166,1
29171,1
29176,1
29181,12
29185,24
29186,269
29191,5
29196,NA
29201,23
29204,1
29206,28
29211,41
29216,2
29221,90
29223,19
29226,263
29231,12
29236,3
29241,9
29242,4
29246,5
29251,2
29256,4
29261,1
29266,1
29271,3
29276,87
29280,4
29281,344
29286,1
29291,2
29296,2
29299,3
29301,1
29306,2
29311,10
29316,2
29318,115
29321,1
29326,2
29331,189
29336,514
29337,1
29341,5
29346,13
29351,3
29356,3
29361,164
29366,49
29371,2
29375,100
29376,2
29381,18
29386,9
29391,1
29394,1
29396,2
29401,51
29406,13
29411,13
29413,12
29416,12
29421,3
29426,1
29431,5
29432,2
29436,1
29441,157
29446,6
29451,1
29456,2
29461,1
29466,2
29470,4
29471,2
29476,12
29481,7
29486,1
29489,1
29491,1
29496,1
29501,2
29506,2
29508,2
29511,13
29516,1
29521,10
29526,51
29527,2
29531,4
29536,5
29541,1
29546,7
29551,8
29556,3
29561,NA
29565,1
29566,1
29571,8
29576,21
29581,5
29584,algebra
29586,69
29591,5
29596,2
29601,3
29603,2
29606,8
29611,4
29616,1
29621,1
29622,6
29626,12
29631,57
29636,1
29641,2
29646,2
29651,2
29656,48
29660,1
29661,59
29666,2
29671,1
29676,2
29679,6
29681,NA
29686,4
29691,11
29696,23
29698,1
29701,3
29706,43
29711,6
29716,1
29717,9
29721,1
29726,47
29731,3
29736,6
29741,7
29746,8
29751,3
29755,2
29756,5
29761,3
29766,11
29771,1
29774,11
29776,1
29781,2
29786,5
29791,11
29793,1
29796,11
29801,1
29806,14
29811,8
29812,18
29816,736
29821,3
29826,1
29831,13
29836,5
29841,2
29846,6
29850,4
29851,2
29856,32
29861,73
29866,2
29869,3
29871,1
29876,4
29881,9
29886,203
29888,1
29891,31
29896,1
29901,1
29906,3
29907,5
29911,16
29916,2
29921,12
29926,1
29931,2
29936,23
29941,6
29945,2
29946,1
29951,9
29956,2
29961,1
29964,1
29966,14
29971,2
29976,4
29981,4
29983,61
29986,14
29991,17
29996,1
30001,1
30002,10
30006,7
30011,1
30016,375
30021,6
30026,2
30031,15
30036,26
30040,12
30041,1
30046,1
30051,14
30056,13
30059,3
30061,6
30066,39
30071,1
30076,2
30078,2
30081,4
30086,NA
30091,2
30096,2
30097,7
30101,1
30106,18
30111,1
30116,42
30121,2
30126,1
30131,4
30135,3
30136,13
30141,2
30146,1
30151,NA
30154,8
30156,3
30161,391
30166,14
30171,1
30173,2
30176,1
30181,2
30186,1
30191,4
30192,2
30196,1
30201,6
30206,2
30211,1
30216,17
30221,3
30226,1
30230,2
30231,2
30236,4
30241,1
30246,90
30249,1
30251,3
30256,9
30261,5
30266,6
30268,5
30271,3
30276,723
30281,5
30286,1
30287,2
30291,5
30296,1
30301,2
30306,15
30311,8
30316,1
30321,6
30325,4
30326,9
30331,15
30336,1
30341,5
30344,14
30346,1
30351,8
30356,13
30361,1
30363,20
30366,256
30371,7
30376,4
30381,3
30382,1
30386,14
30391,2
30396,1
30401,2
30406,8
30411,15
30416,4
30420,1
30421,NA
30426,3
30431,7
30436,13
30439,4
30441,4
30446,2
30451,1
30456,12
30458,4
30461,5
30466,7
30471,1
30476,92
30477,2
30481,4
30486,43
30491,36
30496,1
30501,1
30506,2
30511,6
30515,1
30516,17
30521,2
30526,2
30531,2
30534,1
30536,1
30541,1
30546,2
30551,2
30553,1
30556,7
30561,6
30566,2
30571,7
30572,17
30576,12
30581,NA
30586,5
30591,2
30596,8
30601,1
30606,34
30610,4
30611,1
30616,1
30621,2
30626,1
30629,39
30631,14
30636,3
30641,6
30646,1
30648,4
30651,8
30656,3
30661,9
30666,40
30667,2
30671,295
30676,3
30681,9
30686,3
30691,5
30696,8
30701,22
30705,653
30706,43
30711,10
30716,71
30721,25
30724,2
30726,2
30731,4
30736,1
30741,25
30743,1
30746,1
30751,3
30756,3
30761,3
30762,6
30766,14
30771,2
30776,1
30781,5
30786,1
30791,2
30796,5
30800,1
30801,13
30806,53
30811,5
30816,60
30819,1
30821,23
30826,662
30831,70
30836,15
30838,21
30841,17
30846,11
30851,9
30856,4
30857,50
30861,1
30866,2
30871,1
30876,18
30881,20
30886,9
30891,6
30895,8
30896,2
30901,122
30906,33
30911,1
30914,3
30916,1
30921,30
30926,13
30931,4
30933,2
30936,41
30941,15
30946,1
30951,32
30952,216
30956,5
30961,8
30966,132
30971,10
30976,1
30981,8
30986,1
30990,2
30991,12
30996,1
31001,2
31006,50
31009,1
31011,1
31016,5
31021,NA
31026,39
31028,2
31031,5
31036,109
31041,21
31046,1
31047,3
31051,1
31056,3
31061,3
31066,1
31071,3
31076,17
31081,139
31085,1
31086,1
31091,11
31096,6
31101,2
31104,14
31106,3
31111,23
31116,17
31121,1
31123,1
31126,3
31131,7
31136,NA
31141,19
31142,1
31146,6
31151,1
31156,2
31161,1
31166,1
31171,2
31176,57
31180,3
31181,3
31186,3
31191,1
31196,1
31199,1
31201,763
31206,2
31211,1
31216,5
31218,1
31221,3
31226,92
31231,2
31236,39
31237,2
31241,2
31246,10
31251,21
31256,10
31261,11
31266,1
31271,1
31275,6
31276,8
31281,37
31286,10
31291,4
31294,57
31296,1
31301,1
31306,5
31311,5
31313,37
31316,1
31321,27
31326,377
31331,2
31332,25
31336,1
31341,1
31346,3
31351,2
31356,2
31361,13
31366,1
31370,113
31371,6
31376,3
31381,15
31386,3
31389,1
31391,6
31396,2
31401,6
31406,2
31408,5
31411,1
31416,2
31421,1
31426,14
31427,74
31431,4
31436,44
31441,1
31446,3
31451,1
31456,15
31461,3
31465,1
31466,9
31471,1
31476,1
31481,3
31484,2
31486,10
31491,2
31496,10
31501,1
31503,4
31506,4
31511,133
31516,9
31521,82
31522,2
31526,7
31531,5
31536,14
31541,1
31546,6
31551,1
31556,2
31560,3
31561,36
31566,26
31571,2
31576,8
31579,35
31581,9
31586,3
31591,9
31596,1
31598,4
31601,2
31606,33
31611,50
31616,2
31617,2
31621,70
31626,1
31631,8
31636,4
31641,4
31646,26
31651,14
31655,2
31656,9
31661,39
31666,10
31671,30
31674,10
31676,3
31681,2
31686,1
31691,35
31693,779
31696,18
31701,1
31706,4
31711,1
31712,17
31716,1
31721,1
31726,16
31731,47
31736,13
31741,10
31746,11
31750,9
31751,1
31756,2
31761,178
31766,1
31769,5
31771,3
31776,18
31781,2
31786,5
31788,9
31791,9
31796,3
31801,1
31806,178
31807,1
31811,4
31816,1
31821,7
31826,2
31831,5
31836,41
31841,2
31845,102
31846,5
31851,2
31856,2
31861,8
31864,1
31866,1
31871,2
31876,4
31881,410
31883,1
31886,10
31891,1
31896,38
31901,13
31902,2
31906,15
31911,18
31916,6
31921,1
31926,7
31931,235
31936,NA
31940,5
31941,1
31946,1
31951,2
31956,5
31959,18
31961,1
31966,1
31971,5
31976,11
31978,1
31981,3
31986,3
31991,5
31996,2
31997,2
32001,18
32006,3
32011,1
32016,1
32021,5
32026,3
32031,8
32035,2
32036,5
32041,1
32046,5
32051,1
32054,1
32056,4
32061,19
32066,4
32071,5
32073,1
32076,4
32081,4
32086,1
32091,2
32092,7
32096,1
32101,19
32106,128
32111,179
32116,7
32121,1
32126,2
32130,2
32131,2
32136,1
32141,1
32146,5
32149,20
32151,2
32156,9
32161,53
32166,1
32168,4
32171,2
32176,11
32181,94
32186,1
32187,1
32191,4
32196,50
32201,14
32206,2
32211,99
32216,1
32221,1
32225,1
32226,8
32231,2
32236,4
32241,1
32244,1
32246,6
32251,3
32256,813
32261,3
32263,2
32266,11
32271,1
32276,4
32281,13
32282,1
32286,4
32291,1
32296,2
32301,11
32306,13
32311,14
32316,1
32320,5
32321,7
32326,3
32331,69
32336,9
32339,2
32341,1
32346,1
32351,1
32356,9
32358,15
32361,4
32366,1
32371,27
32376,1
32377,3
32381,5
32386,8
32391,12
32396,5
32401,28
32406,2
32411,3
32415,1
32416,30
32421,1
32426,4
32431,8
32434,3
32436,38
32441,10
32446,3
32451,1
32453,1
32456,14
32461,9
32466,185
32471,3
32472,17
32476,3
32481,3
32486,28
32491,1
32496,1
32501,9
32506,3
32510,4
32511,9
32516,2
32521,7
32526,23
32529,1
32531,4
32536,3
32541,1
32546,2
32548,6
32551,49
32556,2
32561,1
32566,1
32567,2
32571,12
32576,154
32581,28
32586,3
32591,12
32596,2
32601,1
32605,6
32606,4
32611,6
32616,179
32621,1
32624,1
32626,4
32631,7
32636,1
32641,2
32643,29
32646,127
32651,2
32656,3
32661,1
32662,3
32666,62
32671,31
32676,1
32681,4
32686,6
32691,1
32696,7
32700,4
32701,1
32706,9
32711,1
32716,2
32719,1
32721,5
32726,2
32731,2
32736,3
32738,2
32741,84
32746,8
32751,1
32756,60
32757,2
32761,1
32766,2
32771,1
32776,3
32781,2
32786,1
32791,2
32795,1
32796,1
32801,1
32806,7
32811,840
32814,4
32816,1
32821,1
32826,146
32831,88
32833,2
32836,1
32841,2
32846,287
32851,4
32852,21
32856,74
32861,3
32866,2
32871,2
32876,44
32881,NA
32886,9
32890,2
32891,1
32896,3
32901,21
32906,4
32909,55
32911,180
32916,1
32921,1
32926,751
32928,4
32931,2
32936,1
32941,52
32946,15
32947,10
32951,4
32956,2
32961,1
32966,4
32971,2
32976,2
32981,15
32985,2
32986,4
32991,1
32996,3
33001,2
33004,2
33006,5
33011,4
33016,11
33021,1
33023,1
33026,29
33031,3
33036,3
33041,74
33042,1
33046,1
33051,2
33056,3
33061,1
33066,15
33071,111
33076,686
33080,51
33081,4
33086,1
33091,1
33096,5
33099,NA
33101,19
33106,22
33111,1
33116,4
33118,2
33121,1
33126,3
33131,7
33136,1
33137,1
33141,NA
33146,1
33151,1
33156,20
33161,18
33166,161
33171,3
33175,1
33176,4
33181,10
33186,1
33191,2
33194,36
33196,12
33201,1
33206,3
33211,4
33213,2
33216,2
33221,2
33226,1
33231,3
33232,2
33236,136
33241,6
33246,12
33251,1
33256,2
33261,25
33266,27
33270,54
33271,6
33276,2
33281,9
33286,1
33289,1
33291,66
33296,2
33301,11
33306,4
33308,1
33311,1
33316,21
33321,11
33326,6
33327,7
33331,3
33336,6
33341,61
33346,3
33351,4
33356,2
33361,1
33365,5
33366,2
33371,7
33376,6
33381,212
33384,1
33386,5
33391,NA
33396,1
33401,1
33403,8
33406,NA
33411,1
33416,4
33421,10
33422,1
33426,2
33431,8
33436,8
33441,6
33446,1
33451,73
33456,258
33460,3
33461,4
33466,1
33471,2
33476,1
33479,25
33481,2
33486,1
33491,2
33496,3
33498,22
33501,NA
33506,17
33511,10
33516,1
33517,4
33521,2
33526,3
33531,2
33536,1
33541,2
33546,5
33551,2
33555,3
33556,10
33561,6
33566,45
33571,1
33574,6
33576,8
33581,5
33586,21
33591,67
33593,1
33596,51
33601,113
33606,5
33611,5
33612,2
33616,4
33621,NA
33626,3
33631,24
33636,14
33641,1
33646,1
33650,1
33651,1
33656,5
33661,1
33666,6
33669,5
33671,3
33676,11
33681,2
33686,1
33688,1
33691,64
33696,2
33701,NA
33706,2
33707,3
33711,NA
33716,9
33721,3
33726,78
33731,3
33736,23
33741,2
33745,4
33746,6
33751,1
33756,4
33761,1
33764,18
33766,4
33771,23
33776,2
33781,2
33783,2
33786,11
33791,366
33796,2
33801,3
33802,13
33806,22
33811,4
33816,5
33821,3
33826,3
33831,4
33836,1
33840,5
33841,5
33846,1
33851,11
33856,33
33859,1
33861,189
33866,1
33871,12
33876,3
33878,2
33881,4
33886,56
33891,37
33896,10
33897,3
33901,7
33906,7
33911,294
33916,1
33921,8
33926,147
33931,82
33935,2
33936,8
33941,1
33946,3
33951,NA
33954,25
33956,2
33961,9
33966,59
33971,1
33973,1
33976,1
33981,4
33986,NA
33991,1
33992,5
33996,1
34001,6
34006,410
34011,1
34016,2
34021,1
34026,6
34030,6
34031,3
34036,1
34041,232
34046,8
34049,4
34051,4
34056,5
34061,6
34066,1
34068,2
34071,1
34076,16
34081,2
34086,8
34087,7
34091,10
34096,10
34101,1
34106,3
34111,1
34116,NA
34121,11
34125,1
34126,1
34131,10
34136,3
34141,1
34144,1
34146,12
34151,24
34156,4
34161,81
34163,3
34166,1
34171,8
34176,17
34181,3
34182,1
34186,1
34191,10
34196,7
34201,2
34206,2
34211,228
34216,2
34220,2
34221,16
34226,3
34231,17
34236,NA
34239,23
34241,12
34246,1
34251,3
34256,7
34258,2
34261,3
34266,16
34271,2
34276,2
34277,1
34281,3
34286,28
34291,2
34296,10
34301,1
34306,4
34311,15
34315,4
34316,9
34321,1
34326,1
34331,3
34334,2
34336,1
34341,2
34346,2
34351,1
34353,1
34356,2
34361,6
34366,5
34371,32
34372,1
34376,2
34381,169
34386,333
34391,6
34396,1
34401,3
34406,494
34410,1
34411,23
34416,1
34421,5
34426,6
34429,40
34431,2
34436,NA
34441,1
34446,6
34448,3
34451,1
34456,12
34461,3
34466,2
34467,1
34471,2
34476,1
34481,12
34486,1
34491,1
34496,1
34501,3
34505,4
34506,10
34511,8
34516,10
34521,2
34524,2
34526,1
34531,NA
34536,3
34541,4
34543,1
34546,1
34551,4
34556,254
34561,1
34562,2
34566,21
34571,1
34576,2
34581,2
34586,5
34591,2
34596,1
34600,1
34601,4
34606,2
34611,74
34616,4
34619,1
34621,38
34626,2
34631,13
34636,1
34638,1
34641,44
34646,2
34651,1
34656,4
34657,13
34661,30
34666,4
34671,3
34676,2
34681,5
34686,8
34691,1
34695,3
34696,5
34701,3
34706,5
34711,93
34714,2
34716,6
34721,1
34726,13
34731,20
34733,1
34736,43
34741,46
34746,1
34751,4
34752,13
34756,3
34761,163
34766,1
34771,10
34776,1
34781,2
34786,4
34790,1
34791,1
34796,20
34801,1
34806,28
34809,3
34811,24
34816,24
34821,3
34826,4
34828,26
34831,28
34836,1
34841,1
34846,21
34847,2
34851,148
34856,3
34861,8
34866,425
34871,2
34876,43
34881,3
34885,1
34886,3
34891,4
34896,3
34901,1
34904,1
34906,27
34911,3
34916,11
34921,NA
34923,5
34926,2
34931,2
34936,61
34941,1
34942,1
34946,1
34951,1
34956,3
34961,26
34966,37
34971,1
34976,7
34980,1
34981,4
34986,35
34991,10
34996,6
34999,7
35001,1
35006,4
35011,783
35016,NA
35018,1
35021,20
35026,1
35031,2
35036,26
35037,16
35041,1
35046,1
35051,41
35056,70
35061,8
35066,4
35071,5
35075,2
35076,1
35081,2
35086,35
35091,1
35094,2
35096,48
35101,3
35106,3
35111,1
35113,NA
35116,1
35121,3
35126,1
35131,12
35132,5
35136,16
35141,7
35146,7
35151,1
35156,3
35161,4
35166,1
35170,197
35171,8
35176,134
35181,2
35186,6
35189,1
35191,4
35196,2
35201,1
35206,3
35208,1
35211,1
35216,1
35221,51
35226,1
35227,5
35231,2
35236,6
35241,6
35246,1
35251,434
35256,2
35261,1
35265,8
35266,1
35271,NA
35276,3
35281,4
35284,14
35286,4
35291,1
35296,1
35301,1
35303,10
35306,2
35311,5
35316,20
35321,113
35322,1
35326,6
35331,30
35336,1
35341,7
35346,12
35351,1
35356,5
35360,8
35361,23
35366,19
35371,1
35376,1
35379,1
35381,4
35386,10
35391,2
35396,1
35398,1
35401,1
35406,NA
35411,1
35416,124
35417,2
35421,1
35426,2
35431,2
35436,1
35441,9
35446,NA
35451,2
35455,5
35456,8
35461,5
35466,2
35471,3
35474,13
35476,4
35481,43
35486,41
35491,1
35493,28
35496,1
35501,8
35506,4
35511,88
35512,1
35516,7
35521,17
35526,2
35531,8
35536,1
35541,4
35546,1
35550,3
35551,3
35556,158
35561,5
35566,10
35569,1
35571,5
35576,4
35581,2
35586,1
35588,1
35591,6
35596,2
35601,4
35606,3
35607,1
35611,1
35616,2
35621,1
35626,3
35631,4
35636,8
35641,55
35645,56
35646,3
35651,13
35656,8
35661,281
35664,18
35666,5
35671,5
35676,8
35681,3
35683,2
35686,5
35691,2
35696,8
35701,1
35702,3
35706,14
35711,3
35716,1
35721,1
35726,1
35731,2
35736,1
35740,3
35741,5
35746,3
35751,6
35756,82
35759,5
35761,1
35766,5
35771,2
35776,178
35778,1
35781,NA
35786,5
35791,26
35796,2
35797,19
35801,3
35806,3
35811,19
35816,395
35821,3
35826,7
35831,2
35835,1
35836,51
35841,1
35846,158
35851,1
35854,1
35856,49
35861,1
35866,1
35871,2
35873,1
35876,406
35881,262
35886,3
35891,1
35892,148
35896,70
35901,4
35906,2
35911,5
35916,1
35921,2
35926,1
35930,4
35931,128
35936,3
35941,4
35946,1
35949,2
35951,1
35956,2
35961,4
35966,NA
35968,3
35971,12
35976,9
35981,92
35986,396
35987,4
35991,12
35996,5
36001,2
36006,2
36011,5
36016,119
36021,2
36025,2
36026,6
36031,3
36036,1
36041,820
36044,2
36046,6
36051,2
36056,2
36061,1
36063,11
36066,1
36071,25
36076,7
36081,2
36082,1
36086,1
36091,6
36096,60
36101,3
36106,4
36111,6
36116,15
36120,18
36121,1
36126,1
36131,13
36136,3
36139,3
36141,29
36146,7
36151,9
36156,67
36158,NA
36161,10
36166,1
36171,1
36176,2
36177,1
36181,4
36186,3
36191,1
36196,2
36201,1
36206,3
36211,4
36215,1
36216,1
36221,5
36226,2
36231,98
36234,5
36236,21
36241,16
36246,13
36251,1
36253,35
36256,395
36261,5
36266,2
36271,1
36272,4
36276,4
36281,2
36286,1
36291,15
36296,40
36301,6
36306,2
36310,1
36311,4
36316,1
36321,357
36326,42
36329,4
36331,4
36336,130
36341,2
36346,5
36348,7
36351,8
36356,3
36361,5
36366,2
36367,19
36371,35
36376,1
36381,10
36386,45
36391,9
36396,5
36401,1
36405,4
36406,4
36411,51
36416,1
36421,7
36424,2
36426,1
36431,2
36436,1
36441,37
36443,1
36446,8
36451,3
36456,4
36461,3
36462,16
36466,681
36471,2
36476,1
36481,3
36486,3
36491,1
36496,10
36500,6
36501,3
36506,4
36511,1
36516,5
36519,1
36521,167
36526,1
36531,39
36536,3
36538,2
36541,2
36546,2
36551,NA
36556,5
36557,5
36561,16
36566,1
36571,2
36576,272
36581,4
36586,1
36591,10
36595,1
36596,2
36601,2
36606,3
36611,3
36614,1
36616,472
36621,1
36626,6
36631,3
36633,16
36636,1
36641,29
36646,3
36651,1
36652,1
36656,25
36661,5
36666,2
36671,1
36676,311
36681,2
36686,24
36690,909
36691,2
36696,30
36701,13
36706,7
36709,1
36711,4
36716,1
36721,1
36726,2
36728,7
36731,19
36736,53
36741,1
36746,3
36747,3
36751,4
36756,130
36761,93
36766,24
36771,1
36776,1
36781,2
36785,12
36786,1
36791,2
36796,3
36801,23
36804,1
36806,2
36811,10
36816,6
36821,92
36823,2
36826,14
36831,3
36836,28
36841,5
36842,1
36846,2
36851,22
36856,25
36861,35
36866,1
36871,1
36876,3
36880,21
36881,2
36886,58
36891,7
36896,1
36899,1
36901,354
36906,4
36911,3
36916,387
36918,16
36921,3
36926,1
36931,4
36936,15
36937,1
36941,10
36946,3
36951,21
36956,4
36961,1
36966,2
36971,1
36975,2
36976,101
36981,NA
36986,9
36991,4
36994,1
36996,1
37001,7
37006,2
37011,3
37013,7
37016,2
37021,6
37026,2
37031,NA
37032,75
37036,NA
37041,1
37046,103
37051,1
37056,2
37061,6
37066,4
37070,79
37071,98
37076,1
37081,5
37086,1
37089,4
37091,6
37096,3
37101,1
37106,82
37108,496
37111,1
37116,34
37121,65
37126,1
37127,5
37131,2
37136,11
37141,1
37146,1
37151,22
37156,2
37161,1
37165,6
37166,NA
37171,16
37176,54
37181,3
37184,1
37186,391
37191,4
37196,1
37201,6
37203,1
37206,9
37211,10
37216,36
37221,3
37222,NA
37226,1
37231,13
37236,4
37241,1
37246,1
37251,223
37256,4
37260,1
37261,5
37266,7
37271,2
37276,1
37279,504
37281,19
37286,3
37291,6
37296,21
37298,3
37301,27
37306,5
37311,29
37316,11
37317,3
37321,1
37326,1
37331,12
37336,8
37341,16
37346,15
37351,1
37355,3
37356,8
37361,1
37366,1
37371,2
37374,4
37376,57
37381,3
37386,1
37391,2
37393,1
37396,3
37401,3
37406,244
37411,5
37412,2
37416,1
37421,2
37426,1
37431,45
37436,6
37441,2
37446,12
37450,3
37451,2
37456,5
37461,8
37466,30
37469,3
37471,NA
37476,2
37481,2
37486,1
37488,11
37491,5
37496,2
37501,1
37506,3
37507,1
37511,1
37516,4
37521,1
37526,16
37531,2
37536,9
37541,7
37545,1
37546,13
37551,83
37556,125
37561,18
37564,1
37566,1
37571,1
37576,9
37581,4
37583,13
37586,20
37591,451
37596,1
37601,117
37602,1
37606,172
37611,20
37616,46
37621,437
37626,22
37631,8
37636,1
37640,1
37641,12
37646,2
37651,1
37656,2
37659,8
37661,3
37666,4
37671,2
37676,1
37678,5
37681,12
37686,15
37691,24
37696,2
37697,7
37701,1
37706,13
37711,23
37716,1
37721,7
37726,2
37731,4
37735,6
37736,1
37741,1
37746,1
37751,8
37754,2
37756,3
37761,5
37766,317
37771,5
37773,2
37776,2
37781,89
37786,6
37791,1
37792,2
37796,18
37801,8
37806,587
37811,3
37816,11
37821,1
37826,2
37830,1
37831,65
37836,3
37841,35
37846,2
37849,1
37851,3
37856,4
37861,21
37866,5
37868,3
37871,1
37876,22
37881,3
37886,9
37887,2
37891,2
37896,13
37901,4
37906,2
37911,1
37916,144
37921,3
37925,1
37926,164
37931,15
37936,4
37941,7
37944,1
37946,5
37951,1
37956,4
37961,1
37963,18
37966,1
37971,26
37976,1
37981,22
37982,6
37986,1
37991,NA
37996,6
38001,3
38006,3
38011,3
38016,1
38020,15
38021,1
38026,6
38031,2
38036,25
38039,93
38041,2
38046,8
38051,2
38056,18
38058,32
38061,3
38066,1
38071,2
38076,71
38077,3
38081,3
38086,1
38091,2
38096,106
38101,1
38106,42
38111,3
38115,1
38116,1
38121,1
38126,2
38131,3
38134,1
38136,1
38141,4
38146,2
38151,3
38153,4
38156,NA
38161,150
38166,4
38171,2
38172,310
38176,16
38181,3
38186,5
38191,1
38196,11
38201,1
38206,23
38210,2
38211,1
38216,5
38221,3
38226,1
38229,3
38231,5
38236,1
38241,20
38246,18
38248,3
38251,42
38256,2
38261,8
38266,1
38267,6
38271,1
38276,6
38281,7
38286,3
38291,1
38296,1
38301,NA
38305,1
38306,4
38311,1
38316,NA
38321,6
38324,14
38326,7
38331,5
38336,1
38341,1
38343,7
38346,1
38351,3
38356,482
38361,23
38362,5
38366,2
38371,12
38376,36
38381,4
38386,3
38391,105
38396,1
38400,6
38401,49
38406,29
38411,18
38416,11
38419,2
38421,1
38426,296
38431,4
38436,35
38438,20
38441,225
38446,1
38451,2
38456,2
38457,1
38461,8
38466,1
38471,1
38476,2
38481,3
38486,14
38491,1
38495,6
38496,17
38501,771
38506,22
38511,5
38514,3
38516,1
38521,1
38526,1
38531,15
38533,2
38536,8
38541,2
38546,25
38551,24
38552,5
38556,2
38561,1
38566,10
38571,1
38576,1
38581,3
38586,9
38590,1
38591,7
38596,1
38601,4
38606,19
38609,1
38611,25
38616,11
38621,6
38626,44
38628,5
38631,7
38636,41
38641,4
38646,5
38647,2
38651,2
38656,4
38661,13
38666,2
38671,21
38676,1
38681,670
38685,9
38686,229
38691,87
38696,3
38701,1
38704,249
38706,52
38711,1
38716,2
38721,2
38723,5
38726,3
38731,2
38736,1
38741,2
38742,25
38746,1
38751,1
38756,2
38761,6
38766,4
38771,378
38776,2
38780,23
38781,13
38786,8
38791,5
38796,6
38799,16
38801,141
38806,9
38811,8
38816,2
38818,2
38821,2
38826,3
38831,4
38836,5
38837,3
38841,1
38846,3
38851,1
38856,12
38861,11
38866,1
38871,3
38875,9
38876,2
38881,23
38886,5
38891,2
38894,7
38896,6
38901,1
38906,72
38911,4
38913,1
38916,5
38921,1
38926,2
38931,2
38932,1
38936,5
38941,2
38946,1
38951,63
38956,87
38961,34
38966,5
38970,1
38971,6
38976,1
38981,2
38986,NA
38989,28
38991,5
