1,1
2,1
3,1
4,1
5,2
6,1
7,1
8,2
9,2
10,1
11,1
12,1
13,2
14,1
15,1
16,3
17,6
18,2
19,1
20,1
21,8
22,1
23,3
24,1
25,2
26,1
27,1
28,3
29,2
30,2
31,1
32,1
33,2
34,1
35,1
36,1
37,2
38,4
39,1
40,5
41,4892
42,1
43,47
44,2
45,4
46,1
47,1
48,2
49,10
50,1
51,5
52,1
53,2
54,1
55,1
56,9
57,2
58,2
59,1
60,1
61,44
62,4
63,7
64,1
65,2
66,1
67,1
68,2
69,2
70,1
71,1
72,5
73,4
74,1
75,1
76,1
77,2
78,11
79,9
80,1
81,12
82,2
83,11
84,2
85,2
86,4
87,1
88,3
89,2
90,1
91,1
92,1
93,2
94,1
95,3
96,3
97,4
98,2
99,1
100,4
101,4
102,1
103,367
104,1
105,4
106,5
107,5
108,3
109,2
110,1
111,1
112,1
113,2
114,3
115,1
116,1
117,12
118,2
119,1
120,4
121,12
122,1
123,4891
124,1
125,2
126,1
127,1
128,2
129,46
130,2
131,1
132,1
133,2
134,5
135,3
136,1
137,2
138,3
139,3
140,1
141,4
142,2
143,3
144,1
145,2
146,1
147,9
148,8
149,6
150,3
151,1
152,1
153,4
154,1
155,1
156,4
157,4
158,2
159,1
160,80
161,4
162,1
163,27
164,6
165,2
166,1
167,1
168,8
169,2
170,2
171,1
172,2
173,6
174,1
175,1
176,7
177,2
178,4
179,1
180,1
181,4
182,1
183,43
184,2
185,6
186,3
187,1
188,2
189,6
190,1
191,3
192,1
193,4
194,2
195,1
196,4
197,2
198,2
199,3
200,1
201,56
202,1
203,3
204,1
205,30
206,1
207,1
208,2
209,2
210,1
211,1
212,5
213,4
214,1
215,3
216,4
217,2
218,4
219,3
220,1
221,4
222,2
223,3
224,1
225,2
226,4
227,5
228,2
229,2
230,1
231,1
232,2
233,2
234,10
235,1
236,1
237,8
238,2
239,1
240,2
241,16
242,1
243,11
244,1
245,2
246,1
247,5
248,4
249,10
250,1
251,3
252,1
253,4
254,2
255,1
256,1
257,18
258,3
259,1
260,2
261,12
262,1
263,19
264,2
265,2
266,7
267,1
268,3
269,10
270,1
271,3
272,13
273,2
274,1
275,5
276,1
277,12
278,2
279,1
280,2
281,8
282,2
283,3
284,1
285,2
286,1
287,1
288,2
289,2
290,15
291,3
292,1
293,2
294,1
295,1
296,3
297,18
298,2
299,1
300,3
301,24
302,1
303,3
304,3
305,2
306,1
307,1
308,3
309,366
310,2
311,1
312,1
313,2
314,5
315,3
316,8
317,2
318,4
319,1
320,3
321,4
322,1
323,7
324,2
325,4
326,3
327,1
328,2
329,2
330,1
331,17
332,1
333,2
334,5
335,1
336,1
337,4
338,3
339,1
340,1
341,12
342,2
343,11
344,1
345,2
346,1
347,1
348,3
349,2
350,1
351,11
352,2
353,6
354,1
355,3
356,1
357,2
358,6
359,23
360,3
361,4
362,1
363,11
364,1
365,4
366,3
367,9
368,2
369,4890
370,2
371,1
372,1
373,4
374,1
375,1
376,1
377,2
378,15
379,1
380,4
381,24
382,6
383,3
384,1
385,2
386,4
387,45
388,3
389,14
390,1
391,1
392,2
393,6
394,2
395,1
396,4
397,2
398,2
399,1
400,1
401,8
402,4
403,3
404,1
405,2
406,4
407,5
408,2
409,274
410,1
411,1
412,1
413,10
414,2
415,5
416,1
417,2
418,3
419,3
420,5
421,24
422,4
423,3
424,18
425,2
426,1
427,1
428,2
429,2
430,1
431,1
432,1
433,2
434,1
435,1
436,4
437,6
438,2
439,1
440,1
441,8
442,1
443,3
444,7
445,2
446,3
447,5
448,3
449,6
450,2
451,1
452,72
453,2
454,5
455,1
456,7
457,8
458,12
459,3
460,1
461,4
462,2
463,7
464,2
465,6
466,1
467,1
468,3
469,2
470,2
471,3
472,12
473,2
474,1
475,5
476,1
477,4
478,3
479,1
480,79
481,20
482,1
483,3
484,1
485,44
486,1
487,9
488,3
489,26
490,1
491,7
492,5
493,16
494,1
495,1
496,1
497,2
498,2
499,3
500,5
501,220
502,2
503,3
504,7
505,2
506,11
507,1
508,4
509,6
510,1
511,3
512,44
513,2
514,1
515,1
516,1
517,4
518,2
519,5
520,6
521,4
522,1
523,1775
524,3
525,16
526,1
527,9
528,6
529,2
530,6
531,1
532,1
533,2
534,3
535,5
536,1
537,2
538,4
539,1
540,1
541,4
542,1
543,3
544,6
545,4
546,5
547,1
548,2
549,42
550,2
551,1
552,1
553,4
554,1
555,5
556,1
557,28
558,2
559,1
560,3
561,4
562,2
563,11
564,1
565,2
566,1
567,5
568,2
569,6
570,3
571,1
572,6
573,2
574,1
575,1
576,5
577,4
578,3
579,3
580,1
581,4
582,1
583,11
584,1
585,2
586,1
587,1
588,3
589,6
590,4
591,1
592,1
593,6
594,1
595,13
596,1
597,2
598,11
599,3
600,1
601,20
602,2
603,55
604,2
605,10
606,3
607,1
608,3
609,2
610,1
611,9
612,22
613,6
614,2
615,29
616,3
617,2
618,2
619,1
620,1
621,20820
622,1
623,7
624,1
625,10
626,1
627,1
628,2
629,14
630,3
631,1
632,2
633,6
634,9
635,1
636,4
637,4
638,2
639,3
640,5
641,8
642,2
643,3
644,1
645,2
646,3
647,1
648,3
649,14
650,1
651,1
652,2
653,2
654,3
655,1
656,3
657,2
658,2
659,7
660,6
661,232
662,1
663,3
664,1
665,6
666,1
667,5
668,22
669,2
670,1
671,3
672,1
673,22
674,2
675,1
676,1
677,150
678,3
679,1
680,2
681,4
682,4
683,3
684,1
685,2
686,3
687,1
688,10
689,18
690,2
691,15
692,2
693,2
694,1
695,5
696,1
697,2
698,15
699,1
700,2
701,16
702,9
703,3
704,1
705,8
706,5
707,1
708,2
709,2
710,1
711,7
712,1
713,2
714,1
715,7
716,3
717,6
718,3
719,5
720,1
721,4
722,5
723,15
724,13
725,4
726,1
727,1
728,2
729,10
730,2
731,1
732,9
733,2
734,1
735,1
736,4
737,6
738,3
739,1
740,1
741,4
742,2
743,31
744,3
745,6
746,1
747,9
748,2
749,2
750,1
751,3
752,4
753,2
754,3
755,3
756,1
757,2
758,2
759,3
760,1
761,624
762,1
763,3
764,1
765,4
766,4
767,1
768,8
769,2
770,1
771,17
772,2
773,4
774,2
775,1
776,11
777,4
778,7
779,5
780,1
781,68
782,1
783,11
784,2
785,2
786,4
787,1
788,3
789,18
790,1
791,1
792,1
793,4
794,1
795,1
796,1
797,8
798,6
799,7
800,3
801,4
802,2
803,27
804,2
805,2
806,4
807,9
808,3
809,10
810,3
811,1
812,1
813,2
814,5
815,1
816,12
817,2
818,14
819,1
820,5
821,5512
822,1
823,6087
824,1
825,4
826,3
827,125
828,6
829,6
830,4
831,11
832,2
833,10
834,1
835,3
836,3
837,2
838,7
839,1
840,1
841,4
842,18
843,7
844,7
845,2
846,1
847,5
848,8
849,2
850,1
851,1
852,1
853,34
854,2
855,1
856,4
857,22
858,2
859,1
860,2
861,4
862,2
863,11
864,1
865,8
866,17
867,1
868,4
869,2
870,14
871,1
872,1
873,2
874,2
875,3
876,4
877,2
878,4
879,1
880,3
881,88
882,1
883,91
884,3
885,6
886,1
887,9
888,2
889,2
890,1
891,17
892,1
893,2
894,1
895,7
896,1
897,8
898,3
899,5
900,2
901,12
902,1
903,23
904,1
905,2
906,1
907,1
908,3
909,2
910,1
911,1
912,2
913,34
914,27
915,1
916,1
917,2
918,2
919,5
920,3
921,16
922,1
923,7
924,2
925,4
926,51
927,365
928,2
929,54
930,1
931,3
932,1
933,6
934,1
935,3967
936,13
937,2
938,2
939,1
940,2
941,36
942,4
943,23
944,1
945,2
946,7
947,5
948,7
949,2
950,1
951,1
952,1
953,2
954,3
955,1
956,32
957,6
958,2
959,1
960,2
961,4
962,1
963,3
964,2
965,10
966,3
967,1
968,2
969,6
970,2
971,3
972,1
973,8
974,10
975,3
976,40
977,2
978,2
979,3
980,2
981,16
982,2
983,11
984,1
985,18
986,4
987,1
988,2
989,2
990,1
991,1
992,2
993,16
994,3
995,1
996,3
997,28
998,3
999,1
1000,1
1001,76
1002,4
1003,11
1004,3
1005,2
1006,1
1007,1
1008,4
1009,6
1010,2
1011,3
1012,1
1013,26
1014,2
1015,1
1016,1
1017,4
1018,3
1019,3
1020,1
1021,4
1022,1
1023,11
1024,6
1025,4
1026,1
1027,5
1028,4
1029,10
1030,4
1031,11
1032,5
1033,2
1034,3
1035,1
1036,1
1037,4
1038,2
1039,1
1040,1
1041,104
1042,8
1043,3
1044,2
1045,2
1046,5
1047,1
1048,2
1049,2
1050,3
1051,49
1052,4
1053,10
1054,1
1055,1
1056,1
1057,236
1058,6
1059,5
1060,1
1061,8
1062,1
1063,19
1064,3
1065,2
1066,8
1067,1
1068,2
1069,6
1070,2
1071,1
1072,1
1073,4
1074,5
1075,1
1076,1
1077,22
1078,7
1079,1
1080,2
1081,4
1082,2
1083,3
1084,1
1085,4
1086,1
1087,5
1088,4
1089,10
1090,1
1091,1
1092,2
1093,2
1094,10
1095,3
1096,8
1097,2
1098,2
1099,9
1100,1
1101,8
1102,1
1103,3
1104,1
1105,2
1106,1
1107,4889
1108,2
1109,114
1110,1
1111,1
1112,2
1113,2
1114,1
1115,3
1116,3
1117,8
1118,3
1119,3
1120,1
1121,8
1122,2
1123,3
1124,1
1125,6
1126,3
1127,9
1128,4
1129,2
1130,1
1131,1
1132,6
1133,2
1134,14
1135,59
1136,5
1137,4
1138,2
1139,1
1140,3
1141,12
1142,4
1143,23
1144,1
1145,2
1146,5
1147,1
1148,2
1149,2
1150,3
1151,65
1152,1
1153,2
1154,1
1155,1
1156,1
1157,6
1158,3
1159,3
1160,3
1161,44
1162,2
1163,55
1164,2
1165,42
1166,1
1167,13
1168,2
1169,2
1170,1
1171,3
1172,1
1173,2
1174,2
1175,7
1176,1
1177,2
1178,4
1179,5
1180,1
1181,24
1182,1
1183,3
1184,2
1185,2
1186,1
1187,NA
1188,3
1189,2
1190,1
1191,1
1192,2
1193,6
1194,1
1195,5
1196,7
1197,2
1198,4
1199,3
1200,3
1201,12
1202,1
1203,7
1204,1
1205,16
1206,3
1207,1
1208,4
1209,2
1210,1
1211,3
1212,1
1213,6
1214,1
1215,1
1216,3
1217,2
1218,3
1219,25
1220,3
1221,4
1222,13
1223,7
1224,1
1225,4
1226,20
1227,273
1228,4
1229,2
1230,1
1231,1
1232,1
1233,4
1234,134
1235,3
1236,1
1237,6
1238,3
1239,9
1240,2
1241,4
1242,1
1243,75
1244,1
1245,4
1246,1
1247,1
1248,4
1249,6
1250,2
1251,1
1252,9
1253,2
1254,2
1255,3
1256,1
1257,2
1258,3
1259,1
1260,4
1261,4
1262,8
1263,23
1264,1
1265,2
1266,3
1267,1
1268,11
1269,2
1270,4
1271,1
1272,17
1273,8
1274,1
1275,1
1276,4
1277,4
1278,2
1279,5
1280,4
1281,8
1282,1
1283,3
1284,1
1285,2
1286,8
1287,1
1288,2
1289,2
1290,4
1291,9
1292,1
1293,6
1294,3
1295,3
1296,1
1297,4
1298,7
1299,1
1300,2
1301,4
1302,1
1303,7
1304,6
1305,30
1306,1
1307,13
1308,3
1309,6
1310,1
1311,5
1312,4
1313,6
1314,1
1315,1
1316,3
1317,2
1318,2
1319,1
1320,4
1321,36
1322,1
1323,7
1324,5
1325,8
1326,3
1327,25
1328,2
1329,2
1330,2
1331,1
1332,6
1333,4
1334,1
1335,1
1336,3
1337,8
1338,2
1339,3
1340,1
1341,4
1342,1
1343,3
1344,2
1345,2
1346,3
1347,5
1348,6
1349,54
1350,1
1351,1
1352,1
1353,2
1354,3
1355,7
1356,71
1357,4
1358,10
1359,1
1360,2
1361,180
1362,4
1363,3
1364,1
1365,2
1366,1
1367,249
1368,6
1369,30
1370,1
1371,7
1372,5
1373,6
1374,11
1375,1
1376,1
1377,2
1378,14
1379,1
1380,2
1381,4
1382,17
1383,3
1384,1
1385,4
1386,1
1387,1
1388,4
1389,6
1390,2
1391,1
1392,1
1393,2
1394,2
1395,5
1396,3
1397,2
1398,2
1399,1
1400,1
1401,72
1402,2
1403,19
1404,2
1405,2
1406,1
1407,1
1408,8
1409,10
1410,1
1411,75
1412,6
1413,2
1414,1
1415,5
1416,11
1417,4
1418,2
1419,1
1420,1
1421,12
1422,2
1423,3
1424,1
1425,4
1426,7
1427,1
1428,2
1429,22
1430,3
1431,3
1432,1
1433,2
1434,2
1435,1
1436,5
1437,4
1438,7
1439,3
1440,78
1441,8
1442,1
1443,19
1444,11
1445,6
1446,1
1447,5
1448,2
1449,2
1450,6
1451,11
1452,1
1453,6
1454,1
1455,43
1456,3
1457,4
1458,3
1459,3
1460,6
1461,8
1462,2
1463,3
1464,2
1465,4
1466,4
1467,25
1468,7
1469,74
1470,5
1471,1
1472,2
1473,6
1474,1
1475,1
1476,4
1477,6
1478,7
1479,15
1480,1
1481,4
1482,1
1483,3
1484,9
1485,6
1486,3
1487,57
1488,3
1489,2
1490,2
1491,1
1492,12
1493,2
1494,1
1495,1
1496,5
1497,2
1498,6
1499,5
1500,4
1501,12
1502,1
1503,219
1504,1
1505,4
1506,1
1507,53
1508,4
1509,2
1510,2
1511,1
1512,6
1513,6
1514,2
1515,1
1516,1
1517,2
1518,10
1519,3
1520,1
1521,8
1522,1
1523,39
1524,3
1525,2
1526,3
1527,5
1528,3
1529,6
1530,1
1531,1
1532,1
1533,2
1534,1
1535,15
1536,43
1537,2
1538,6
1539,1
1540,1
1541,12
1542,2
1543,15
1544,27
1545,6
1546,1
1547,33
1548,2
1549,2
1550,1
1551,3
1552,1
1553,4
1554,1
1555,1
1556,3
1557,4
1558,4
1559,1
1560,5
1561,12
1562,8
1563,3
1564,6
1565,2
1566,3
1567,1
1568,3
1569,1774
1570,3
1571,1
1572,2
1573,2
1574,1
1575,15
1576,1
1577,6
1578,4
1579,3
1580,2
1581,8
1582,18
1583,403
1584,5
1585,52
1586,1
1587,1
1588,2
1589,2
1590,5
1591,15
1592,6
1593,10
1594,1
1595,1
1596,1
1597,2
1598,4
1599,1
1600,1
1601,8
1602,2
1603,15
1604,1
1605,4
1606,4
1607,1
1608,6
1609,274
1610,1
1611,1
1612,5
1613,4
1614,3
1615,1
1616,3
1617,8
1618,2
1619,5
1620,1
1621,4
1622,6
1623,3
1624,5
1625,8
1626,4
1627,1
1628,2
1629,2
1630,5
1631,1
1632,5
1633,2
1634,1
1635,3
1636,1
1637,14
1638,4
1639,1
1640,3
1641,136
1642,2
1643,15
1644,1
1645,6
1646,4
1647,41
1648,3
1649,6
1650,1
1651,1
1652,1
1653,4
1654,2
1655,3
1656,1
1657,2
1658,2
1659,3
1660,12
1661,4
1662,1
1663,55
1664,1
1665,4
1666,1
1667,13
1668,2
1669,46
1670,1
1671,27
1672,4
1673,2
1674,1
1675,3
1676,4
1677,2
1678,3
1679,5
1680,2
1681,8
1682,2
1683,3
1684,6
1685,2
1686,1
1687,1
1688,2
1689,10
1690,3
1691,7
1692,1
1693,4
1694,9
1695,1
1696,11
1697,4
1698,6
1699,1
1700,1
1701,4
1702,1
1703,59
1704,1
1705,2
1706,1
1707,5
1708,2
1709,2
1710,2
1711,3
1712,8
1713,96
1714,2
1715,11
1716,5
1717,2
1718,7
1719,1
1720,3
1721,20
1722,1
1723,163
1724,3
1725,10
1726,1
1727,1
1728,4
1729,14
1730,6
1731,3
1732,1
1733,6
1734,2
1735,5
1736,1
1737,2
1738,2
1739,1
1740,2
1741,8
1742,1
1743,3
1744,1
1745,2
1746,3
1747,1
1748,2
1749,10
1750,3
1751,7
1752,6
1753,4
1754,2
1755,1
1756,4
1757,2
1758,2
1759,3
1760,1
1761,12
1762,2
1763,3
1764,2
1765,4
1766,5
1767,5
1768,2
1769,6
1770,3
1771,1
1772,8
1773,4
1774,1
1775,1
1776,12
1777,130
1778,19
1779,5
1780,17
1781,16
1782,1
1783,3
1784,2
1785,12
1786,4
1787,5
1788,4
1789,14
1790,2
1791,1
1792,9
1793,2
1794,10
1795,1
1796,4
1797,2
1798,2
1799,1
1800,5
1801,NA
1802,1
1803,19
1804,1
1805,2
1806,1
1807,1
1808,2
1809,54
1810,1
1811,9
1812,1
1813,32
1814,1
1815,9
1816,1
1817,4
1818,2
1819,1
1820,2
1821,4
1822,4
1823,3
1824,2
1825,6
1826,1
1827,1
1828,2
1829,2
1830,3
1831,7
1832,8
1833,8
1834,1
1835,1
1836,21
1837,12
1838,3
1839,5
1840,1
1841,4
1842,1
1843,63
1844,3
1845,28
1846,3
1847,221
1848,2
1849,6
1850,2
1851,1
1852,1
1853,6
1854,1
1855,5
1856,1
1857,4
1858,7
1859,1
1860,1
1861,44
1862,2
1863,NA
1864,3
1865,4
1866,3
1867,1
1868,14
1869,6
1870,2
1871,29
1872,66
1873,2
1874,1
1875,9
1876,24
1877,2
1878,2
1879,1
1880,1
1881,56
1882,1
1883,411
1884,1
1885,4
1886,1
1887,13
1888,2
1889,2
1890,2
1891,1
1892,2
1893,4
1894,1
1895,1
1896,1
1897,2
1898,4
1899,5
1900,1
1901,4
1902,8
1903,39
1904,2
1905,2
1906,4
1907,1
1908,3
1909,218
1910,2
1911,3
1912,1
1913,2
1914,1
1915,9
1916,1
1917,2
1918,3
1919,1
1920,4
1921,4
1922,2
1923,7
1924,2
1925,2
1926,1
1927,5
1928,3
1929,2
1930,1
1931,1
1932,2
1933,2
1934,9
1935,1
1936,4
1937,12
1938,2
1939,1
1940,1
1941,276
1942,1
1943,363
1944,2
1945,2
1946,1
1947,13
1948,6
1949,34
1950,1
1951,1
1952,1
1953,14
1954,23
1955,3
1956,1
1957,2
1958,2
1959,1
1960,1
1961,8
1962,2
1963,3
1964,13
1965,8
1966,5
1967,5
1968,2
1969,2
1970,4
1971,1
1972,2
1973,4
1974,1
1975,1
1976,3
1977,6
1978,3
1979,1
1980,5
1981,4
1982,2
1983,231
1984,1
1985,2
1986,3
1987,5
1988,7
1989,2
1990,2
1991,3
1992,2
1993,2
1994,5
1995,5
1996,5
1997,16
1998,4
1999,1
2000,3
2001,4
2002,1
2003,23
2004,21
2005,4
2006,3
2007,1
2008,3
2009,2
2010,13
2011,9
2012,1
2013,2
2014,1
2015,1
2016,7
2017,4
2018,6
2019,21
2020,2
2021,8
2022,1
2023,27
2024,1
2025,4
2026,1
2027,1
2028,2
2029,38
2030,1
2031,149
2032,2
2033,22
2034,2
2035,65
2036,3
2037,4
2038,4
2039,3
2040,1
2041,108
2042,2
2043,3
2044,1
2045,2
2046,3
2047,9
2048,2
2049,2
2050,1
2051,3
2052,8
2053,2
2054,1
2055,1
2056,7
2057,2
2058,2
2059,1
2060,2
2061,4
2062,4
2063,3
2064,9
2065,2
2066,1
2067,17
2068,3
2069,2
2070,1
2071,11
2072,1
2073,14
2074,5
2075,17
2076,1
2077,6
2078,7
2079,1
2080,4
2081,12
2082,1
2083,15
2084,2
2085,4
2086,5
2087,13
2088,2
2089,6
2090,1
2091,1
2092,1
2093,2
2094,14
2095,3
2096,4
2097,2
2098,18
2099,15
2100,1
2101,4
2102,2
2103,15
2104,3
2105,2
2106,8
2107,153
2108,2
2109,2
2110,6
2111,1
2112,1
2113,4
2114,1
2115,7
2116,9
2117,10
2118,4
2119,3
2120,1
2121,16
2122,1
2123,3
2124,1
2125,10
2126,1
2127,1
2128,3
2129,10
2130,15
2131,5
2132,1
2133,6
2134,2
2135,1
2136,20
2137,18
2138,3
2139,1
2140,1
2141,4
2142,1
2143,127
2144,41
2145,6
2146,3
2147,1
2148,2
2149,18
2150,1
2151,5
2152,9
2153,2
2154,2
2155,289
2156,1
2157,4
2158,2
2159,3
2160,1
2161,8
2162,9
2163,3
2164,2
2165,2
2166,4
2167,1
2168,3
2169,14
2170,2
2171,1
2172,12
2173,4
2174,3
2175,3
2176,1
2177,4
2178,2
2179,5
2180,5
2181,12
2182,1
2183,7
2184,1
2185,2
2186,3
2187,9
2188,3
2189,2
2190,1
2191,17
2192,1
2193,4
2194,3
2195,3
2196,8
2197,2
2198,4
2199,1
2200,2
2201,120
2202,1
2203,3
2204,3
2205,2
2206,1
2207,45
2208,3
2209,2
2210,2
2211,5
2212,1
2213,4
2214,2
2215,1
2216,3
2217,6
2218,2
2219,1
2220,1
2221,12
2222,5
2223,3
2224,1
2225,8
2226,1
2227,29
2228,6
2229,30
2230,1
2231,1
2232,2
2233,4
2234,1
2235,5
2236,1
2237,2
2238,2
2239,1
2240,2
2241,8
2242,4
2243,7
2244,1
2245,2
2246,4
2247,1
2248,2
2249,6
2250,13
2251,3
2252,2
2253,2
2254,1
2255,7
2256,3
2257,10
2258,2
2259,1
2260,1
2261,4
2262,2
2263,11
2264,1
2265,2
2266,9
2267,13
2268,4
2269,2
2270,2
2271,1
2272,9
2273,20
2274,1
2275,1
2276,1
2277,2
2278,3
2279,81
2280,1
2281,4
2282,4
2283,623
2284,30
2285,6
2286,3
2287,29
2288,2
2289,2
2290,1
2291,21
2292,5
2293,4
2294,1
2295,3
2296,12
2297,2
2298,3
2299,1
2300,4
2301,12
2302,1
2303,3
2304,7
2305,20
2306,7
2307,1
2308,2
2309,2
2310,4
2311,1
2312,2
2313,16
2314,6
2315,3
2316,1
2317,2
2318,8
2319,3
2320,1
2321,140
2322,1
2323,7
2324,6
2325,2
2326,4
2327,1
2328,10
2329,6
2330,1
2331,3
2332,1
2333,2
2334,6
2335,13
2336,3
2337,4
2338,3
2339,7
2340,2
2341,4
2342,1
2343,67
2344,9
2345,10
2346,1
2347,5
2348,3
2349,10
2350,7
2351,1
2352,1
2353,2
2354,2
2355,1
2356,1
2357,2
2358,3
2359,1
2360,4
2361,4
2362,5
2363,127
2364,2
2365,4
2366,5
2367,17
2368,2
2369,18
2370,9
2371,1
2372,4
2373,6
2374,5
2375,3
2376,1
2377,4
2378,7
2379,3
2380,4
2381,4
2382,5
2383,35
2384,15
2385,2
2386,1
2387,1
2388,2
2389,90
2390,25
2391,7
2392,1
2393,14
2394,5
2395,1
2396,3
2397,6
2398,3
2399,13
2400,2
2401,4
2402,1
2403,3
2404,1
2405,8
2406,1
2407,9
2408,2
2409,26
2410,3
2411,1
2412,1
2413,2
2414,1
2415,1
2416,4
2417,8
2418,3
2419,9
2420,5
2421,8
2422,2
2423,7
2424,2
2425,4
2426,15
2427,9
2428,3
2429,6
2430,2
2431,9
2432,1
2433,2
2434,3
2435,5
2436,1
2437,6
2438,2
2439,1
2440,1
2441,12
2442,4
2443,19
2444,1
2445,2
2446,4
2447,1
2448,11
2449,14
2450,1
2451,1
2452,4
2453,4
2454,13
2455,5
2456,1
2457,2
2458,2
2459,149
2460,4
2461,120
2462,2
2463,5511
2464,1
2465,2
2466,11
2467,1
2468,4
2469,6086
2470,1
2471,3
2472,1
2473,20
2474,9
2475,3
2476,3
2477,10
2478,2
2479,1
2480,4
2481,124
2482,64
2483,3
2484,5
2485,6
2486,1
2487,5
2488,11
2489,38
2490,3
2491,3
2492,1
2493,10
2494,2
2495,5
2496,1
2497,48
2498,2
2499,9
2500,2
2501,8
2502,1
2503,3
2504,7
2505,2
2506,4
2507,1
2508,2
2509,18
2510,4
2511,1
2512,1
2513,8
2514,6
2515,17
2516,1
2517,4
2518,3
2519,1
2520,1
2521,4
2522,2
2523,3
2524,1
2525,8
2526,17
2527,5
2528,6
2529,6
2530,1
2531,1
2532,6
2533,2
2534,1
2535,1
2536,3
2537,18
2538,50
2539,5
2540,1
2541,4
2542,5
2543,987
2544,7
2545,6
2546,1
2547,1
2548,7
2549,2
2550,4
2551,3
2552,9
2553,2
2554,5
2555,1
2556,1
2557,8
2558,3
2559,33
2560,1
2561,8
2562,1
2563,7
2564,9
2565,6
2566,1
2567,1
2568,3
2569,6
2570,2
2571,21
2572,1
2573,2
2574,1
2575,1
2576,4
2577,2
2578,2
2579,9
2580,1
2581,128
2582,17
2583,3
2584,1
2585,2
2586,1
2587,1
2588,2
2589,10
2590,2
2591,5
2592,4
2593,12
2594,3
2595,7
2596,1
2597,6
2598,16
2599,5
2600,3
2601,4
2602,9
2603,3
2604,3
2605,4
2606,9
2607,1
2608,2
2609,86
2610,13
2611,1
2612,2
2613,6
2614,5
2615,1
2616,5
2617,2
2618,2
2619,1
2620,2
2621,244
2622,1
2623,7
2624,1
2625,2
2626,1
2627,141
2628,3
2629,2
2630,2
2631,1
2632,2
2633,4
2634,3
2635,3
2636,19
2637,2
2638,2
2639,23
2640,2
2641,4
2642,1
2643,87
2644,1
2645,2
2646,3
2647,5
2648,2
2649,90
2650,1
2651,5
2652,2
2653,2
2654,1
2655,5
2656,3
2657,4
2658,14
2659,1
2660,3
2661,8
2662,6
2663,3
2664,1
2665,14
2666,3
2667,1
2668,8
2669,2
2670,1
2671,1
2672,1
2673,16
2674,5
2675,1
2676,3
2677,16
2678,2
2679,1
2680,2
2681,12
2682,5
2683,71
2684,1
2685,6
2686,1
2687,73
2688,3
2689,2
2690,8
2691,7
2692,2
2693,2
2694,2
2695,3
2696,1
2697,4
2698,6
2699,1
2700,1
2701,4
2702,5
2703,11
2704,2
2705,6
2706,3
2707,5
2708,2
2709,22
2710,2
2711,3
2712,13
2713,8
2714,6
2715,1
2716,7
2717,2
2718,3
2719,1
2720,1
2721,12
2722,1
2723,3
2724,2
2725,2
2726,1
2727,1
2728,11
2729,2
2730,1
2731,7
2732,12
2733,12
2734,3
2735,3
2736,1
2737,4
2738,11
2739,33
2740,1
2741,740
2742,26
2743,19
2744,1
2745,48
2746,3
2747,7097
2748,2
2749,158
2750,21
2751,1
2752,4
2753,4
2754,1
2755,1
2756,1
2757,4
2758,6
2759,1
2760,2
2761,4
2762,1
2763,15
2764,1
2765,8
2766,4
2767,29
2768,4
2769,6
2770,1
2771,1
2772,1
2773,2
2774,2
2775,3
2776,1
2777,2
2778,50
2779,3
2780,5
2781,364
2782,4
2783,3
2784,1
2785,46
2786,3
2787,53
2788,3
2789,54
2790,2
2791,5
2792,1
2793,2
2794,2
2795,27
2796,1
2797,4
2798,2
2799,5
2800,5
2801,12
2802,2
2803,7
2804,2
2805,3966
2806,1
2807,1
2808,12
2809,2
2810,1
2811,1
2812,2
2813,2
2814,1
2815,7
2816,4
2817,4
2818,10
2819,1
2820,1
2821,8
2822,1
2823,35
2824,3
2825,2
2826,3
2827,1
2828,2
2829,22
2830,2
2831,3
2832,4
2833,8
2834,3
2835,1
2836,4
2837,8
2838,6
2839,1
2840,1
2841,4
2842,1
2843,23
2844,6
2845,4
2846,1
2847,1
2848,2
2849,2
2850,7
2851,5
2852,5
2853,4
2854,1
2855,1
2856,8
2857,142
2858,3
2859,1
2860,1
2861,8
2862,2
2863,3
2864,6
2865,2
2866,1
2867,205
2868,31
2869,2
2870,3
2871,5
2872,2
2873,24
2874,1
2875,5
2876,1
2877,8
2878,2
2879,3
2880,1
2881,4
2882,1
2883,3
2884,7
2885,2
2886,5
2887,5
2888,3
2889,2
2890,3
2891,1
2892,1
2893,4
2894,3
2895,9
2896,1
2897,2
2898,2
2899,1
2900,3
2901,16
2902,1
2903,3
2904,1
2905,20
2906,1
2907,5
2908,3
2909,3058
2910,1
2911,5
2912,1
2913,2
2914,2
2915,1
2916,8
2917,2
2918,2
2919,7
2920,1
2921,8
2922,9
2923,3
2924,2
2925,2
2926,1
2927,1
2928,39
2929,6
2930,2
2931,1
2932,5
2933,4
2934,1
2935,3
2936,3
2937,2
2938,6
2939,1
2940,1
2941,28
2942,2
2943,15
2944,2
2945,20
2946,1
2947,1
2948,4
2949,10
2950,1186
2951,3
2952,6
2953,8
2954,1
2955,17
2956,3
2957,4
2958,3
2959,11
2960,2
2961,4
2962,1
2963,11
2964,1
2965,8
2966,15
2967,1
2968,2
2969,22
2970,2
2971,1
2972,4
2973,6
2974,1
2975,1
2976,1
2977,2
2978,3
2979,15
2980,1
2981,32
2982,2
2983,7
2984,5
2985,22
2986,4
2987,1
2988,2
2989,2
2990,1
2991,27
2992,6
2993,2
2994,2
2995,1
2996,4
2997,2
2998,10
2999,3
3000,1
3001,32
3002,1
3003,75
3004,1
3005,2
3006,3
3007,NA
3008,2
3009,10
3010,2
3011,1
3012,2
3013,4
3014,1
3015,1
3016,1
3017,2
3018,7
3019,9
3020,6
3021,8
3022,1
3023,19
3024,3
3025,2
3026,3
3027,5
3028,2
3029,266
3030,1
3031,1
3032,4
3033,2
3034,1
3035,3
3036,1
3037,14
3038,12
3039,25
3040,2
3041,100
3042,1
3043,3
3044,1
3045,4
3046,8
3047,NA
3048,4
3049,2
3050,1
3051,3
3052,1
3053,16
3054,2
3055,1
3056,13
3057,2
3058,3
3059,5
3060,1
3061,15772
3062,1
3063,3
3064,3
3065,4
3066,1
3067,17
3068,3
3069,10
3070,2
3071,5
3072,5
3073,2
3074,7
3075,3
3076,7
3077,8
3078,15
3079,19
3080,1
3081,4
3082,2
3083,3
3084,3
3085,2
3086,4
3087,9
3088,2
3089,2
3090,3
3091,1
3092,1
3093,10
3094,1
3095,1
3096,4
3097,4
3098,2
3099,1
3100,2
3101,4
3102,2
3103,27
3104,6
3105,4
3106,1
3107,9
3108,11
3109,10
3110,8
3111,3
3112,1
3113,2
3114,1
3115,1
3116,1
3117,6
3118,4
3119,1
3120,2
3121,80
3122,2
3123,103
3124,3
3125,12
3126,7
3127,1
3128,3
3129,2
3130,1
3131,5
3132,1
3133,12
3134,1
3135,1
3136,3
3137,26
3138,4
3139,5
3140,1
3141,104
3142,2
3143,7
3144,1
3145,2
3146,1
3147,1
3148,12
3149,574
3150,2
3151,5
3152,4
3153,48
3154,1
3155,1
3156,3
3157,2
3158,8
3159,9
3160,4
3161,4
3162,8
3163,3
3164,2
3165,2
3166,5
3167,1
3168,2
3169,6
3170,1
3171,235
3172,2
3173,12
3174,5
3175,3
3176,5
3177,4
3178,2
3179,5
3180,2
3181,4
3182,1
3183,7
3184,2
3185,4
3186,4
3187,105
3188,3
3189,18
3190,2
3191,1
3192,2
3193,2
3194,3
3195,1
3196,3
3197,2
3198,7
3199,1
3200,1
3201,4
3202,6
3203,439
3204,1
3205,2
3206,1
3207,5
3208,15
3209,22
3210,1
3211,1
3212,2
3213,4
3214,1
3215,3
3216,1
3217,18
3218,6
3219,3
3220,1
3221,372
3222,4
3223,11
3224,2
3225,12
3226,1
3227,9
3228,24
3229,250
3230,3
3231,21
3232,1
3233,2
3234,6
3235,25
3236,5
3237,12
3238,3
3239,5
3240,1
3241,12
3242,2
3243,3
3244,1
3245,8
3246,1
3247,1
3248,3
3249,2
3250,2
3251,1
3252,2
3253,2
3254,2
3255,3
3256,1
3257,2
3258,4
3259,1
3260,1
3261,4
3262,1
3263,7
3264,3
3265,4
3266,7
3267,9
3268,3
3269,6
3270,1
3271,3
3272,1
3273,24
3274,17
3275,23
3276,1
3277,2
3278,6
3279,1
3280,14
3281,96
3282,9
3283,143
3284,10
3285,2
3286,1
3287,1
3288,7
3289,22
3290,1
3291,1
3292,2
3293,12
3294,1
3295,1
3296,3
3297,8
3298,2
3299,3
3300,1
3301,4
3302,1
3303,7
3304,3
3305,4
3306,5
3307,NA
3308,3
3309,2
3310,1
3311,1
3312,13
3313,4
3314,7
3315,1
3316,1
3317,4
3318,2
3319,11
3320,2
3321,4888
3322,1
3323,35
3324,1
3325,10
3326,32
3327,113
3328,6
3329,382
3330,6
3331,7
3332,2
3333,10
3334,3
3335,1
3336,1
3337,2
3338,3
3339,1
3340,8
3341,8
3342,9
3343,3
3344,2
3345,2
3346,1
3347,1
3348,2
3349,6
3350,4
3351,7
3352,2
3353,16
3354,2
3355,3
3356,1
3357,2
3358,2
3359,1
3360,2
3361,60
3362,2
3363,7
3364,1
3365,12
3366,1
3367,1
3368,2
3369,2
3370,1
3371,9
3372,8
3373,4
3374,2
3375,5
3376,3
3377,4
3378,2
3379,7
3380,1
3381,8
3382,4
3383,11
3384,3
3385,2
3386,1
3387,1
3388,2
3389,10
3390,4
3391,1
3392,1
3393,2
3394,3
3395,3
3396,5
3397,2
3398,7
3399,1
3400,3
3401,16
3402,13
3403,31
3404,2
3405,58
3406,7
3407,5
3408,4
3409,14
3410,8
3411,3
3412,4
3413,2
3414,1
3415,3
3416,3
3417,2
3418,2
3419,5
3420,2
3421,32
3422,1
3423,11
3424,1
3425,2
3426,3
3427,13
3428,2
3429,22
3430,2
3431,1
3432,4
3433,6
3434,1
3435,1
3436,5
3437,2
3438,4
3439,5
3440,1
3441,4
3442,6
3443,23
3444,1
3445,16
3446,4
3447,1
3448,2
3449,14
3450,2
3451,3
3452,1
3453,64
3454,5
3455,3
3456,1
3457,4
3458,2
3459,1
3460,9
3461,4
3462,2
3463,3
3464,2
3465,4
3466,1
3467,5
3468,3
3469,6
3470,2
3471,5
3472,2
3473,2
3474,2
3475,203
3476,1
3477,2
3478,4
3479,13
3480,2
3481,12
3482,9
3483,43
3484,1
3485,2
3486,1
3487,1
3488,2
3489,54
3490,4
3491,1
3492,1
3493,6
3494,7
3495,41
3496,7
3497,2
3498,3
3499,3
3500,1
3501,12
3502,6
3503,7
3504,1
3505,2
3506,8
3507,1
3508,2
3509,2
3510,1
3511,19
3512,32
3513,2
3514,2
3515,1
3516,3
3517,168
3518,2
3519,1
3520,4
3521,4
3522,1
3523,35
3524,5
3525,6
3526,3
3527,5
3528,3
3529,2
3530,2
3531,1
3532,1
3533,294
3534,3
3535,1
3536,5
3537,4
3538,3
3539,1
3540,3
3541,8
3542,1
3543,23
3544,6
3545,4
3546,1
3547,9
3548,20
3549,2
3550,1
3551,3
3552,1
3553,6
3554,1
3555,1
3556,3
3557,2
3558,4
3559,13
3560,4
3561,NA
3562,1
3563,7
3564,2
3565,4
3566,11
3567,1
3568,3
3569,2
3570,1
3571,5
3572,52
3573,10
3574,1
3575,5
3576,1
3577,2
3578,2
3579,5
3580,3
3581,4
3582,12
3583,3
3584,1
3585,4
3586,3
3587,1
3588,6
3589,6
3590,1
3591,1
3592,29
3593,4
3594,3
3595,1
3596,1
3597,2
3598,4
3599,1
3600,2
3601,24
3602,6
3603,11
3604,5
3605,2
3606,7
3607,69
3608,4
3609,6
3610,1
3611,1
3612,1
3613,32
3614,3
3615,15
3616,8
3617,30
3618,2
3619,3
3620,1
3621,96
3622,1
3623,43
3624,3
3625,8
3626,5
3627,1
3628,2
3629,154
3630,1
3631,3
3632,5
3633,2
3634,1
3635,23
3636,1
3637,4
3638,3
3639,5
3640,7
3641,8
3642,2
3643,31
3644,2
3645,6
3646,1
3647,1
3648,2
3649,2
3650,9
3651,1
3652,1
3653,68
3654,2
3655,1
3656,3
3657,24
3658,4
3659,5
3660,2
3661,72
3662,1
3663,3
3664,1
3665,2
3666,12
3667,1
3668,2
3669,6
3670,9
3671,1
3672,2
3673,2
3674,5
3675,3
3676,4
3677,2
3678,19
3679,1
3680,18
3681,272
3682,1
3683,119
3684,3
3685,6
3686,1
3687,1
3688,3
3689,6
3690,1
3691,119
3692,4
3693,2
3694,1
3695,11
3696,3
3697,4
3698,4
3699,3
3700,2
3701,12
3702,133
3703,3
3704,1
3705,2
3706,1
3707,13
3708,7
3709,2
3710,1
3711,5
3712,2
3713,4
3714,2
3715,1
3716,1
3717,8
3718,4
3719,3
3720,1
3721,8
3722,9
3723,3
3724,1
3725,2
3726,8
3727,1
3728,6
3729,74
3730,5
3731,5
3732,1
3733,10
3734,5
3735,3
3736,5
3737,56
3738,3
3739,83
3740,3
3741,60
3742,2
3743,11
3744,3
3745,4
3746,1
3747,5
3748,3
3749,2
3750,1
3751,19
3752,1
3753,2
3754,3
3755,5
3756,8
3757,6
3758,3
3759,1
3760,4
3761,692
3762,1
3763,19
3764,9
3765,2
3766,1
3767,1
3768,3
3769,214
3770,1
3771,1
3772,1
3773,2
3774,2
3775,5
3776,1
3777,326
3778,7
3779,1
3780,3
3781,8
3782,2
3783,3
3784,1
3785,2
3786,7
3787,9
3788,4
3789,22
3790,4
3791,7
3792,2
3793,460
3794,1
3795,1
3796,11
3797,16
3798,2
3799,3
3800,9
3801,4
3802,12
3803,3
3804,10
3805,2
3806,3
3807,1
3808,2
3809,6
3810,3
3811,1
3812,1
3813,2
3814,1
3815,3
3816,16
3817,4
3818,3
3819,7
3820,2
3821,16
3822,1
3823,71
3824,15
3825,12
3826,20
3827,1
3828,3
3829,2
3830,1
3831,3
3832,1
3833,20
3834,1
3835,7
3836,3
3837,4
3838,2
3839,3
3840,3
3841,20
3842,1
3843,7
3844,6
3845,4
3846,3
3847,37
3848,6
3849,2
3850,1
3851,5
3852,9
3853,6
3854,2
3855,1
3856,3
3857,14
3858,7
3859,5
3860,7
3861,4
3862,1
3863,15
3864,1
3865,2
3866,3
3867,1
3868,8
3869,18
3870,3
3871,1
3872,1
3873,8
3874,5
3875,1
3876,7
3877,4
3878,3
3879,5
3880,3
3881,4
3882,2
3883,7
3884,3
3885,2
3886,7
3887,125
3888,7
3889,6
3890,3
3891,3
3892,1
3893,2
3894,6
3895,1
3896,1
3897,516
3898,2
3899,1
3900,1
3901,4
3902,5
3903,3
3904,11
3905,2
3906,1
3907,1
3908,3
3909,6
3910,1
3911,1
3912,5
3913,2
3914,1
3915,29
3916,3
3917,2
3918,12
3919,1
3920,2
3921,12
3922,8
3923,183
3924,2
3925,14
3926,1
3927,5
3928,2
3929,2
3930,5
3931,1
3932,5
3933,4
3934,2
3935,1
3936,3
3937,6
3938,4
3939,5
3940,1
3941,904
3942,1
3943,3
3944,1
3945,4
3946,1
3947,5
3948,2
3949,18
3950,6
3951,1
3952,2
3953,2
3954,1
3955,5
3956,72
3957,2
3958,3
3959,1
3960,3
3961,976
3962,1
3963,35
3964,2
3965,4
3966,4
3967,17
3968,3
3969,6
3970,2
3971,3
3972,4
3973,4
3974,1
3975,7
3976,4
3977,10
3978,2
3979,3
3980,1
3981,24
3982,2
3983,7
3984,1
3985,6
3986,1
3987,1
3988,15
3989,10
3990,1
3991,1
3992,6
3993,4
3994,3
3995,11
3996,5
3997,2
3998,2
3999,3
4000,5
4001,16
4002,1
4003,991
4004,2
4005,6
4006,5
4007,1
4008,2
4009,2
4010,3
4011,7
4012,1
4013,2
4014,1
4015,33
4016,1
4017,2
4018,4
4019,1
4020,3
4021,36
4022,4
4023,3
4024,1
4025,26
4026,16
4027,33
4028,12
4029,2
4030,5
4031,1
4032,1
4033,2
4034,2
4035,1
4036,1
4037,6
4038,2
4039,11
4040,7
4041,4
4042,34
4043,3
4044,5
4045,28
4046,5
4047,53
4048,2
4049,6
4050,2
4051,7
4052,1
4053,4
4054,1
4055,83
4056,13
4057,2
4058,2
4059,1
4060,2
4061,4
4062,2
4063,3
4064,15
4065,6
4066,4
4067,1
4068,70
4069,2
4070,1
4071,3
4072,12
4073,2
4074,9
4075,1
4076,5
4077,42
4078,6
4079,9
4080,1
4081,172
4082,2
4083,179
4084,1
4085,4
4086,3
4087,1
4088,2
4089,2
4090,3
4091,3
4092,1
4093,12
4094,2
4095,1
4096,1
4097,22
4098,3
4099,3
4100,1
4101,248
4102,2
4103,7
4104,5
4105,6
4106,3
4107,29
4108,2
4109,6
4110,7
4111,33
4112,5
4113,6
4114,1
4115,1
4116,4
4117,4
4118,3
4119,5
4120,4
4121,12
4122,10
4123,3
4124,1
4125,12
4126,1
4127,45
4128,8
4129,122
4130,1
4131,1
4132,2
4133,130
4134,13
4135,1
4136,1
4137,2
4138,2
4139,15
4140,1
4141,4
4142,5
4143,3
4144,1
4145,4
4146,16
4147,1
4148,3
4149,2
4150,1
4151,3
4152,1
4153,4
4154,7
4155,3
4156,3
4157,2224
4158,2
4159,5
4160,2
4161,24
4162,1
4163,23
4164,3
4165,2
4166,7
4167,5
4168,4
4169,22
4170,1
4171,1
4172,1
4173,4
4174,2
4175,1
4176,8
4177,2
4178,3
4179,1
4180,1
4181,476
4182,1
4183,7
4184,1
4185,4
4186,3
4187,49
4188,2
4189,22
4190,3
4191,1
4192,1
4193,2
4194,1
4195,3
4196,1
4197,6
4198,2
4199,1
4200,1
4201,4
4202,5
4203,71
4204,1
4205,6
4206,1
4207,1
4208,4
4209,18
4210,11
4211,1
4212,1
4213,2
4214,3
4215,1
4216,12
4217,10
4218,2
4219,1
4220,4
4221,12
4222,4
4223,83
4224,7
4225,2
4226,65
4227,9
4228,2
4229,2
4230,5
4231,3
4232,1
4233,74
4234,1
4235,1
4236,5
4237,10
4238,10
4239,1
4240,1
4241,4
4242,8
4243,11
4244,2
4245,4
4246,1
4247,17
4248,10
4249,2
4250,4
4251,3
4252,1
4253,2
4254,1
4255,39
4256,3
4257,2
4258,3
4259,1
4260,1
4261,12
4262,10
4263,11
4264,2
4265,8
4266,1
4267,93
4268,3
4269,2
4270,2
4271,53
4272,2
4273,6
4274,1
4275,3
4276,1
4277,4
4278,6
4279,35
4280,1
4281,12
4282,25
4283,11
4284,1
4285,4
4286,4
4287,21
4288,2
4289,2
4290,2
4291,5
4292,2
4293,2
4294,6
4295,7
4296,1
4297,14
4298,3
4299,1
4300,3
4301,28
4302,1
4303,27
4304,2
4305,2
4306,1
4307,21
4308,4
4309,2
4310,2
4311,3
4312,10
4313,16
4314,6
4315,1
4316,3
4317,2
4318,4
4319,23
4320,77
4321,16
4322,1
4323,7
4324,1
4325,2
4326,1
4327,1
4328,2
4329,18
4330,2
4331,11
4332,10
4333,14
4334,1
4335,5
4336,1
4337,4
4338,2
4339,63
4340,5
4341,4
4342,2
4343,3
4344,1
4345,2
4346,15
4347,1
4348,2
4349,2
4350,5
4351,9
4352,12
4353,10
4354,1
4355,17
4356,4
4357,4
4358,14
4359,5
4360,2
4361,12
4362,13
4363,3
4364,1
4365,42
4366,1
4367,1
4368,2
4369,2
4370,3
4371,3
4372,9
4373,54
4374,2
4375,1
4376,7
4377,2
4378,4
4379,1
4380,5
4381,4
4382,1
4383,7
4384,3
4385,102
4386,1
4387,1
4388,7
4389,2
4390,1
4391,21
4392,1
4393,4
4394,1
4395,3
4396,4
4397,16
4398,3
4399,1
4400,3
4401,24
4402,2
4403,3
4404,6
4405,4
4406,1
4407,73
4408,7
4409,2
4410,4
4411,5
4412,2
4413,16
4414,2
4415,5
4416,1
4417,4
4418,4
4419,5
4420,5
4421,4
4422,1
4423,35
4424,6
4425,2
4426,3
4427,9
4428,3
4429,18
4430,1
4431,5
4432,1
4433,2
4434,6
4435,1
4436,1
4437,14
4438,3
4439,1
4440,3
4441,52
4442,1
4443,3
4444,7
4445,4
4446,1
4447,29
4448,3
4449,2
4450,5
4451,3
4452,8
4453,4
4454,2
4455,5
4456,7
4457,12
4458,2
4459,1
4460,1
4461,56
4462,5
4463,3
4464,2
4465,14
4466,1
4467,1
4468,2
4469,222
4470,1
4471,5
4472,1
4473,2
4474,6
4475,3
4476,11
4477,2
4478,3
4479,1
4480,1
4481,12
4482,4
4483,3
4484,2
4485,2
4486,3
4487,9
4488,4
4489,2
4490,4
4491,1
4492,1
4493,2
4494,5
4495,4297
4496,20
4497,4
4498,2
4499,3
4500,3
4501,12
4502,2
4503,11
4504,1
4505,4
4506,7
4507,1
4508,10
4509,218
4510,2
4511,3
4512,1
4513,6
4514,2
4515,3
4516,4
4517,2
4518,15
4519,1
4520,3
4521,52
4522,1
4523,19
4524,3
4525,4
4526,3
4527,1
4528,15
4529,18
4530,1
4531,3
4532,1
4533,2
4534,6
4535,1
4536,5
4537,8
4538,3
4539,5
4540,6
4541,228
4542,1
4543,3
4544,1
4545,4
4546,3
4547,13
4548,2
4549,58
4550,4
4551,1
4552,5
4553,6
4554,9
4555,1
4556,1
4557,2
4558,2
4559,3
4560,1
4561,4
4562,1
4563,7
4564,1
4565,2
4566,11
4567,5
4568,2
4569,38
4570,1
4571,1
4572,2
4573,16
4574,1
4575,1
4576,1
4577,4
4578,2
4579,1
4580,2
4581,4
4582,4
4583,3
4584,2
4585,4
4586,1
4587,5
4588,16
4589,22
4590,3
4591,3
4592,5
4593,8
4594,9
4595,7
4596,1
4597,6
4598,3
4599,1
4600,10
4601,28
4602,1
4603,3
4604,3
4605,14
4606,3
4607,1
4608,42
4609,6
4610,1
4611,1
4612,9
4613,2
4614,5
4615,3
4616,3
4617,8
4618,8
4619,2541
4620,6
4621,20
4622,10
4623,11
4624,1
4625,144
4626,1
4627,5
4628,6
4629,14
4630,11
4631,1
4632,26
4633,2
4634,1
4635,5
4636,28
4637,6
4638,19
4639,1
4640,1
4641,32
4642,4
4643,27
4644,1
4645,2
4646,5
4647,1
4648,3
4649,2
4650,2
4651,1
4652,9
4653,2
4654,1
4655,1
4656,4
4657,4
4658,18
4659,3
4660,2
4661,32
4662,2
4663,23
4664,3
4665,4
4666,1
4667,1
4668,2
4669,2
4670,1
4671,3
4672,6
4673,4
4674,3
4675,1
4676,1
4677,24
4678,3
4679,1
4680,4
4681,36
4682,2
4683,11
4684,2
4685,4
4686,7
4687,25
4688,2
4689,2
4690,1
4691,5
4692,5
4693,12
4694,1
4695,1
4696,4
4697,6
4698,2
4699,11
4700,13
4701,4
4702,1
4703,19
4704,2
4705,10
4706,8
4707,1773
4708,2
4709,2
4710,2
4711,3
4712,2
4713,8
4714,1
4715,33
4716,1
4717,2
4718,2
4719,1
4720,9
4721,76
4722,2
4723,3
4724,1
4725,14
4726,4
4727,57
4728,3
4729,6
4730,2
4731,5
4732,1
4733,6
4734,3
4735,1
4736,3
4737,2
4738,2
4739,1
4740,1
4741,536
4742,10
4743,7
4744,2
4745,4
4746,17
4747,1
4748,4
4749,402
4750,1
4751,1
4752,4
4753,4
4754,2
4755,51
4756,3
4757,2
4758,3
4759,17
4760,1
4761,20
4762,2
4763,3
4764,1
4765,20
4766,3
4767,1
4768,6
4769,270
4770,4
4771,67
4772,5
4773,14
4774,1
4775,5
4776,5
4777,4
4778,2
4779,9
4780,1
4781,52
4782,1
4783,23
4784,3
4785,4
4786,3
4787,65
4788,2
4789,10
4790,5
4791,1
4792,9
4793,2
4794,3
4795,1
4796,1
4797,2
4798,6
4799,9
4800,1
4801,20
4802,1
4803,7
4804,2
4805,16
4806,1
4807,1
4808,7
4809,14
4810,1
4811,41
4812,1
4813,20
4814,18
4815,3
4816,1
4817,4
4818,3
4819,1
4820,1
4821,144
4822,2
4823,3
4824,5
4825,2
4826,1
4827,273
4828,51
4829,10
4830,3
4831,1
4832,4
4833,4
4834,1
4835,1
4836,4
4837,2
4838,2
4839,3
4840,3
4841,8
4842,2
4843,3
4844,1
4845,2
4846,3
4847,5
4848,2
4849,2
4850,1
4851,7
4852,1
4853,2
4854,1
4855,1
4856,3
4857,4
4858,7
4859,7
4860,3
4861,4
4862,2
4863,3
4864,1
4865,2
4866,5
4867,5
4868,3
4869,2
4870,5
4871,1
4872,4
4873,2
4874,2
4875,7
4876,1
4877,8
4878,3
4879,3
4880,14
4881,8
4882,4
4883,3
4884,1
4885,28
4886,4
4887,1
4888,14
4889,18
4890,4
4891,3
4892,2
4893,6
4894,1
4895,3
4896,4
4897,2
4898,3
4899,1
4900,2
4901,4
4902,2
4903,3
4904,1
4905,2
4906,23
4907,169
4908,4
4909,2
4910,1
4911,13
4912,1
4913,2
4914,3
4915,7
4916,8
4917,6
4918,2
4919,5
4920,2
4921,64
4922,1
4923,135
4924,3
4925,8
4926,1
4927,21
4928,8
4929,14
4930,2
4931,3
4932,1
4933,8
4934,35
4935,5
4936,11
4937,46
4938,3
4939,7
4940,1
4941,40
4942,1
4943,11
4944,2
4945,4
4946,3
4947,5
4948,2
4949,2
4950,1
4951,9
4952,4
4953,4
4954,2
4955,1
4956,1
4957,2
4958,2
4959,3
4960,2
4961,36
4962,1
4963,15
4964,6
4965,2
4966,9
4967,1
4968,19
4969,26
4970,3
4971,1
4972,8
4973,10
4974,1
4975,9
4976,1
4977,2
4978,4
4979,3
4980,11
4981,4
4982,1
4983,3
4984,6
4985,2
4986,4
4987,1
4988,2
4989,54
4990,3
4991,1
4992,5
4993,2
4994,1
4995,3
4996,15
4997,8
4998,2
4999,1
5000,4
5001,12
5002,13
5003,7
5004,1
5005,10
5006,4
5007,45
5008,6
5009,2
5010,1
5011,1
5012,5
5013,26
5014,2
5015,1
5016,3
5017,20
5018,15
5019,1
5020,1
5021,4
5022,5
5023,1123
5024,1
5025,2
5026,7
5027,1
5028,3
5029,66
5030,1
5031,1
5032,2
5033,34
5034,2
5035,5
5036,4
5037,4
5038,2
5039,1
5040,1
5041,4
5042,4
5043,7
5044,3
5045,44
5046,1
5047,21
5048,2
5049,2
5050,3
5051,1
5052,5
5053,2
5054,10
5055,1
5056,28
5057,6
5058,2
5059,1
5060,2
5061,24
5062,1
5063,3
5064,1
5065,4
5066,1
5067,9
5068,2
5069,2
5070,2
5071,1
5072,1
5073,6
5074,2
5075,9
5076,4
5077,4
5078,10
5079,3
5080,1
5081,632
5082,8
5083,35
5084,2
5085,6
5086,1
5087,9
5088,10
5089,2
5090,1
5091,3
5092,1
5093,22
5094,5
5095,1
5096,1
5097,2
5098,4
5099,1
5100,18
5101,12
5102,1
5103,3
5104,1
5105,2
5106,1
5107,49
5108,23
5109,58
5110,1
5111,29
5112,5
5113,300
5114,2
5115,1
5116,1
5117,2
5118,4
5119,15
5120,1
5121,4
5122,2
5123,7
5124,1
5125,2
5126,3
5127,1
5128,2
5129,2
5130,1
5131,5
5132,10
5133,2
5134,5
5135,1
5136,7
5137,2
5138,3
5139,95
5140,2
5141,72
5142,1
5143,3
5144,3
5145,10
5146,1
5147,5153
5148,4
5149,174
5150,1
5151,1
5152,5
5153,2
5154,6
5155,3
5156,13
5157,12
5158,3
5159,9
5160,2
5161,4
5162,5
5163,19
5164,1
5165,68
5166,3
5167,5
5168,3
5169,162
5170,1
5171,1
5172,2
5173,2
5174,2
5175,9
5176,3
5177,2
5178,6
5179,5
5180,1
5181,12
5182,2
5183,7
5184,3
5185,2
5186,1
5187,13
5188,8
5189,6
5190,5
5191,3
5192,8
5193,2
5194,1
5195,1
5196,5
5197,6
5198,24
5199,5
5200,1
5201,8
5202,1
5203,3
5204,5
5205,4
5206,1
5207,17
5208,3
5209,6
5210,40
5211,1
5212,14
5213,2
5214,1
5215,1
5216,1
5217,6
5218,6
5219,1
5220,1
5221,8
5222,1
5223,7
5224,2
5225,10
5226,1
5227,1
5228,3
5229,2
5230,26
5231,3
5232,9
5233,2
5234,3
5235,1
5236,4
5237,2
5238,2
5239,5
5240,2
5241,8
5242,1
5243,15
5244,1
5245,2
5246,1
5247,9
5248,3
5249,22
5250,2
5251,1
5252,2
5253,6
5254,2
5255,1
5256,5
5257,4
5258,4
5259,3
5260,4
5261,8
5262,1
5263,15
5264,11
5265,22
5266,3
5267,1
5268,3
5269,6
5270,2
5271,1
5272,1
5273,4
5274,1
5275,21
5276,3
5277,2
5278,6
5279,1
5280,2
5281,4
5282,9
5283,11
5284,9
5285,4
5286,1
5287,609
5288,12
5289,2
5290,8
5291,1
5292,1
5293,2
5294,3
5295,3
5296,1
5297,6
5298,4
5299,1
5300,1
5301,4
5302,1
5303,7
5304,1
5305,2
5306,1
5307,5
5308,26
5309,10
5310,2
5311,3
5312,1
5313,2
5314,30
5315,11
5316,7
5317,8
5318,56
5319,3
5320,2
5321,NA
5322,4
5323,3
5324,1
5325,8
5326,20
5327,13
5328,11
5329,2
5330,1
5331,129
5332,13
5333,8
5334,18
5335,35
5336,3
5337,4
5338,6
5339,1
5340,16
5341,260
5342,2
5343,15
5344,1
5345,14
5346,5
5347,5
5348,14
5349,2
5350,3
5351,7
5352,1
5353,12
5354,1
5355,11
5356,1
5357,2
5358,3
5359,1
5360,6
5361,4
5362,1
5363,1183
5364,3
5365,6
5366,3
5367,13
5368,2
5369,26
5370,1
5371,5
5372,9
5373,2
5374,9
5375,19
5376,8
5377,2
5378,3
5379,1
5380,1
5381,20
5382,9
5383,3
5384,5
5385,16
5386,3
5387,1
5388,3
5389,2
5390,3
5391,1
5392,12
5393,4
5394,1
5395,1
5396,1
5397,4
5398,10
5399,9
5400,4
5401,44
5402,2
5403,NA
5404,7
5405,6
5406,3
5407,1
5408,2
5409,18
5410,1
5411,1
5412,6
5413,2
5414,5
5415,1
5416,1
5417,4
5418,6
5419,7
5420,2
5421,48
5422,1
5423,11
5424,1
5425,2
5426,8
5427,53
5428,6
5429,10
5430,2
5431,1
5432,2
5433,8
5434,2
5435,17
5436,7
5437,6
5438,8
5439,31
5440,4
5441,4
5442,17
5443,15
5444,1
5445,8
5446,1
5447,1
5448,2
5449,46
5450,3
5451,3
5452,2
5453,6
5454,1
5455,3
5456,1
5457,6
5458,2
5459,5
5460,1
5461,4
5462,5
5463,3
5464,2
5465,2
5466,3
5467,17
5468,6
5469,2
5470,1
5471,3
5472,1
5473,4
5474,3
5475,5
5476,3
5477,12
5478,14
5479,1
5480,4
5481,44
5482,1
5483,3
5484,1
5485,2
5486,3
5487,1
5488,2
5489,186
5490,2
5491,1
5492,1
5493,6
5494,3
5495,1
5496,7
5497,8
5498,4
5499,7
5500,3
5501,4
5502,9
5503,23
5504,2
5505,4
5506,1
5507,9
5508,20
5509,10
5510,6
5511,11
5512,4
5513,2
5514,2
5515,1
5516,3
5517,4
5518,2
5519,3
5520,1
5521,32
5522,1
5523,3
5524,1
5525,8
5526,11
5527,1
5528,3
5529,62
5530,5
5531,1
5532,2
5533,28
5534,1
5535,27
5536,7
5537,2
5538,2
5539,9
5540,4
5541,220
5542,6
5543,3
5544,1
5545,2
5546,4
5547,5
5548,7
5549,2
5550,1
5551,15
5552,1
5553,2
5554,6
5555,15
5556,9
5557,46
5558,2
5559,5
5560,4
5561,4
5562,12
5563,7
5564,1
5565,4
5566,1
5567,5
5568,24
5569,22
5570,2
5571,3
5572,9
5573,14
5574,6
5575,1
5576,1
5577,2
5578,3
5579,1
5580,1
5581,20
5582,1
5583,43
5584,3
5585,20
5586,1
5587,1081
5588,4
5589,NA
5590,2
5591,1
5592,2
5593,2
5594,29
5595,3
5596,12
5597,6
5598,2
5599,21
5600,3
5601,20
5602,5
5603,3
5604,13
5605,6
5606,7
5607,5
5608,20
5609,58
5610,1
5611,9
5612,5
5613,28
5614,1
5615,1
5616,65
5617,4
5618,3
5619,1
5620,2
5621,4
5622,2
5623,15
5624,3
5625,8
5626,1
5627,5
5628,23
5629,22
5630,2
5631,1
5632,4
5633,2
5634,1
5635,7
5636,4
5637,2
5638,4
5639,7
5640,1
5641,4
5642,1
5643,55
5644,3
5645,10
5646,3
5647,21
5648,2
5649,410
5650,4
5651,3
5652,4
5653,2
5654,1
5655,3
5656,12
5657,2
5658,2
5659,11
5660,1
5661,12
5662,1
5663,31
5664,1
5665,4
5666,4
5667,1
5668,7
5669,10
5670,1
5671,19
5672,8
5673,10
5674,6
5675,1
5676,1
5677,6
5678,42
5679,3
5680,1
5681,4
5682,1
5683,7
5684,1
5685,2
5686,3
5687,9
5688,2
5689,2
5690,4
5691,1
5692,1
5693,4
5694,3
5695,1
5696,9
5697,4
5698,2
5699,11
5700,5
5701,4
5702,1
5703,3
5704,15
5705,2
5706,7
5707,5
5708,28
5709,38
5710,5
5711,29
5712,1
5713,20
5714,2
5715,1
5716,3
5717,6
5718,3
5719,7
5720,2
5721,4
5722,1
5723,3
5724,2
5725,2
5726,4
5727,217
5728,11
5729,6
5730,1
5731,1
5732,5
5733,2
5734,1
5735,21
5736,1
5737,38
5738,3
5739,1
5740,3
5741,1168
5742,2
5743,NA
5744,26
5745,8
5746,1
5747,5
5748,6
5749,38
5750,3
5751,1
5752,1
5753,2
5754,2
5755,25
5756,3
5757,4
5758,16
5759,3
5760,3
5761,8
5762,2
5763,3
5764,1
5765,2
5766,1
5767,13
5768,2
5769,6
5770,4
5771,5
5772,1
5773,14
5774,7
5775,1
5776,5
5777,2
5778,3
5779,1
5780,1
5781,4
5782,13
5783,11
5784,2
5785,4
5786,1
5787,1
5788,7
5789,170
5790,6
5791,3
5792,1
5793,18
5794,1
5795,1
5796,1
5797,8
5798,2
5799,1
5800,1
5801,8
5802,8
5803,3
5804,2
5805,6
5806,1
5807,9
5808,3
5809,2
5810,1
5811,11
5812,5
5813,10
5814,1
5815,5
5816,1
5817,2
5818,2
5819,9
5820,3
5821,4
5822,1
5823,275
5824,9
5825,6
5826,3
5827,1
5828,2
5829,362
5830,1
5831,1
5832,1
5833,2
5834,3
5835,1
5836,1
5837,2
5838,2
5839,11
5840,2
5841,12
5842,2
5843,15
5844,5
5845,4
5846,1
5847,33
5848,3
5849,2
5850,1
5851,3
5852,8
5853,2
5854,5
5855,1
5856,1
5857,2
5858,4
5859,13
5860,1
5861,208
5862,22
5863,3
5864,3
5865,2
5866,1
5867,5
5868,2
5869,654
5870,14
5871,1
5872,28
5873,4
5874,1
5875,11
5876,4
5877,4
5878,2
5879,1
5880,3
5881,4
5882,6
5883,7
5884,2
5885,6
5886,1
5887,1
5888,4
5889,2
5890,4
5891,1
5892,12
5893,NA
5894,1
5895,7
5896,3
5897,4
5898,4
5899,1
5900,2
5901,4
5902,1
5903,3
5904,1
5905,2
5906,3
5907,1
5908,2
5909,2
5910,3
5911,1
5912,1
5913,8
5914,7
5915,7
5916,1
5917,2
5918,3
5919,3
5920,1
5921,20
5922,2
5923,11
5924,6
5925,4
5926,7
5927,157
5928,2
5929,2
5930,1
5931,5
5932,24
5933,2
5934,2
5935,11
5936,12
5937,2
5938,4
5939,3
5940,4
5941,8
5942,1
5943,3
5944,13
5945,6
5946,1
5947,57
5948,6
5949,230
5950,1
5951,163
5952,2
5953,16
5954,1
5955,1
5956,3
5957,4
5958,2
5959,3
5960,1
5961,4
5962,5
5963,7
5964,6
5965,6
5966,4
5967,1
5968,3
5969,2
5970,1
5971,21
5972,4
5973,2
5974,1
5975,1
5976,1
5977,4
5978,3
5979,1
5980,3
5981,12
5982,4
5983,27
5984,2
5985,4
5986,1
5987,9
5988,4
5989,2
5990,1
5991,15
5992,1
5993,8
5994,3
5995,3
5996,1
5997,2
5998,3
5999,1
6000,2
6001,16
6002,4
6003,3
6004,1
6005,4
6006,8
6007,1
6008,6
6009,22
6010,2
6011,9
6012,20
6013,2
6014,1
6015,3
6016,1
6017,2
6018,2
6019,1
6020,1
6021,4
6022,4
6023,11
6024,2
6025,6
6026,3
6027,1
6028,6
6029,306
6030,12
6031,25
6032,1
6033,8
6034,6
6035,23
6036,3
6037,16
6038,3
6039,1
6040,1
6041,3544
6042,1
6043,303
6044,1
6045,6
6046,3
6047,53
6048,6
6049,42
6050,3
6051,3
6052,2
6053,2
6054,5
6055,313
6056,1
6057,20
6058,3
6059,27
6060,1
6061,4
6062,2
6063,7
6064,2
6065,10
6066,1
6067,41
6068,43
6069,26
6070,1
6071,17
6072,1
6073,2
6074,1
6075,3
6076,1
6077,4
6078,4
6079,3
6080,2
6081,12
6082,8
6083,35
6084,1
6085,12
6086,4
6087,37
6088,3
6089,50
6090,3
6091,1
6092,2
6093,148
6094,6
6095,39
6096,1
6097,2
6098,4
6099,21
6100,1
6101,8
6102,1
6103,7
6104,1
6105,64
6106,4
6107,1
6108,2
6109,302
6110,11
6111,3
6112,2
6113,2
6114,3
6115,1
6116,3
6117,2
6118,4
6119,13
6120,9
6121,4
6122,1
6123,107
6124,2
6125,4
6126,1
6127,5
6128,3
6129,2
6130,2
6131,5
6132,1
6133,24
6134,2
6135,1
6136,3
6137,2
6138,2
6139,1
6140,17
6141,8
6142,1
6143,31
6144,1
6145,2
6146,1
6147,1
6148,2
6149,6
6150,1
6151,1
6152,1
6153,2
6154,7
6155,3
6156,7
6157,6
6158,11
6159,1
6160,1
6161,4
6162,16
6163,23
6164,1
6165,2
6166,9
6167,9
6168,6
6169,30
6170,6
6171,1
6172,1
6173,2
6174,1
6175,49
6176,4
6177,4
6178,2
6179,3
6180,1
6181,16
6182,2
6183,3
6184,1
6185,10
6186,3
6187,1
6188,3
6189,2
6190,2
6191,3
6192,8
6193,8
6194,1
6195,1
6196,16
6197,4
6198,4
6199,9
6200,17
6201,16
6202,2
6203,11
6204,2
6205,24
6206,4
6207,1
6208,10
6209,2
6210,5
6211,15
6212,1
6213,10
6214,2
6215,1
6216,5
6217,4
6218,3
6219,13
6220,1
6221,36
6222,4
6223,3
6224,6
6225,16
6226,1
6227,1
6228,2
6229,2
6230,1
6231,5
6232,6
6233,18
6234,6
6235,5
6236,4
6237,16
6238,4
6239,17
6240,3
6241,4
6242,2
6243,11
6244,2
6245,6
6246,3
6247,1
6248,3
6249,14
6250,4
6251,1
6252,1
6253,4
6254,6
6255,3
6256,3
6257,14
6258,4
6259,31
6260,9
6261,12
6262,1
6263,3
6264,1
6265,4
6266,8
6267,5
6268,12
6269,2
6270,2
6271,3
6272,4
6273,2
6274,2
6275,1
6276,13
6277,14
6278,2
6279,1
6280,8
6281,24
6282,13
6283,15
6284,6
6285,2
6286,1
6287,1
6288,3
6289,66
6290,2
6291,1
6292,2
6293,2
6294,17
6295,11
6296,12
6297,14
6298,3
6299,3
6300,2
6301,4
6302,4
6303,3
6304,1
6305,36
6306,1
6307,1
6308,2
6309,14
6310,3
6311,1
6312,2
6313,2
6314,2
6315,1
6316,5
6317,4
6318,7
6319,1
6320,3
6321,152
6322,12
6323,3
6324,1
6325,2
6326,1
6327,1
6328,3
6329,22
6330,5
6331,1
6332,2
6333,2
6334,13
6335,3
6336,1
6337,2
6338,6
6339,3
6340,5
6341,28
6342,9
6343,19
6344,2
6345,6
6346,12
6347,1
6348,8
6349,2
6350,1
6351,9
6352,4
6353,4
6354,3
6355,1
6356,1
6357,2
6358,2
6359,1
6360,1
6361,8
6362,1
6363,15
6364,5
6365,2
6366,5
6367,1
6368,3
6369,2
6370,2
6371,7
6372,2
6373,4
6374,2
6375,9
6376,3
6377,2
6378,4
6379,3
6380,1
6381,92
6382,5
6383,3
6384,2
6385,10
6386,3
6387,9
6388,2
6389,2
6390,14
6391,1
6392,2
6393,4
6394,1
6395,187
6396,7
6397,16
6398,4
6399,5
6400,2
6401,108
6402,1
6403,3
6404,1
6405,6
6406,1
6407,9
6408,19
6409,14
6410,1
6411,17
6412,1
6413,2
6414,2
6415,1
6416,1
6417,6
6418,14
6419,1
6420,2
6421,32
6422,1
6423,3
6424,1
6425,4
6426,5
6427,NA
6428,2
6429,126
6430,10
6431,5
6432,40
6433,2
6434,13
6435,5
6436,1
6437,26
6438,2
6439,3
6440,4
6441,4
6442,12
6443,3
6444,1
6445,36
6446,4
6447,17
6448,4
6449,2
6450,11
6451,1
6452,5
6453,4
6454,3
6455,5
6456,8
6457,4
6458,3
6459,1
6460,1
6461,28
6462,1
6463,3
6464,5
6465,288
6466,3
6467,293
6468,3
6469,10
6470,2
6471,3
6472,1
6473,2
6474,1
6475,45
6476,1
6477,2
6478,3
6479,1
6480,1
6481,16
6482,1
6483,7
6484,3
6485,4
6486,8
6487,13
6488,2
6489,2
6490,1
6491,3
6492,1
6493,8
6494,1
6495,1
6496,1
6497,4
6498,3
6499,1
6500,1
6501,212
6502,1
6503,7
6504,2
6505,6
6506,3
6507,13
6508,2
6509,10
6510,1
6511,1
6512,10
6513,6
6514,1
6515,5
6516,11
6517,2
6518,10
6519,3
6520,3
6521,4
6522,2
6523,7
6524,10
6525,2
6526,5
6527,1
6528,6
6529,38
6530,2
6531,3
6532,1
6533,2
6534,1
6535,1
6536,1
6537,4
6538,4
6539,11
6540,4
6541,60
6542,10
6543,11
6544,2
6545,2
6546,4
6547,5
6548,3
6549,6
6550,6
6551,5
6552,4
6553,6
6554,5
6555,1
6556,3
6557,18
6558,2
6559,1
6560,1
6561,8
6562,1
6563,367
6564,2
6565,4
6566,1
6567,1
6568,2
6569,NA
6570,7
6571,1
6572,1
6573,16
6574,2
6575,NA
6576,3
6577,4
6578,7
6579,3
6580,2
6581,8
6582,2
6583,31
6584,1
6585,2
6586,1
6587,13
6588,7
6589,10
6590,5
6591,1
6592,1
6593,2
6594,3
6595,5
6596,3
6597,10
6598,4
6599,3
6600,1
6601,4
6602,2
6603,119
6604,1
6605,2
6606,1
6607,5
6608,2
6609,2
6610,6
6611,5
6612,2
6613,2
6614,1
6615,1
6616,17
6617,8
6618,4
6619,1
6620,1
6621,44
6622,1
6623,31
6624,2
6625,18
6626,3
6627,1
6628,4
6629,22
6630,1
6631,3
6632,24
6633,4
6634,2
6635,5
6636,3
6637,2
6638,2
6639,3
6640,3
6641,372
6642,1
6643,3
6644,2
6645,16
6646,24
6647,81
6648,2
6649,2
6650,4
6651,5
6652,5
6653,6
6654,1
6655,11
6656,7
6657,12
6658,12
6659,3
6660,3
6661,8
6662,13
6663,11
6664,1
6665,6
6666,4
6667,9
6668,2
6669,2
6670,1
6671,1
6672,4
6673,2
6674,1
6675,7
6676,1
6677,2
6678,2
6679,25
6680,3
6681,28
6682,1
6683,43
6684,5
6685,6
6686,5
6687,29
6688,7
6689,18
6690,1
6691,1
6692,4
6693,2
6694,50
6695,5
6696,1
6697,2
6698,3
6699,3
6700,1
6701,40
6702,1
6703,7
6704,1
6705,4
6706,3
6707,1
6708,2
6709,78
6710,6
6711,1
6712,14
6713,6
6714,1
6715,17
6716,1
6717,4
6718,3
6719,1
6720,1
6721,4
6722,5
6723,7
6724,1
6725,8
6726,3
6727,1
6728,8
6729,6
6730,3
6731,7
6732,2
6733,16
6734,2
6735,1
6736,3
6737,16
6738,3
6739,3
6740,2
6741,24
6742,2
6743,23
6744,1
6745,6
6746,7
6747,5
6748,2
6749,38
6750,12
6751,3
6752,8
6753,2
6754,10
6755,1
6756,1
6757,28
6758,3
6759,1
6760,23
6761,4
6762,1
6763,7
6764,26
6765,6
6766,8
6767,1
6768,2
6769,6
6770,4
6771,9
6772,4
6773,10
6774,1
6775,1
6776,3
6777,2
6778,4
6779,1
6780,1
6781,12
6782,1
6783,3
6784,1
6785,14
6786,1
6787,1
6788,7
6789,10
6790,9
6791,5
6792,2
6793,10
6794,3
6795,1
6796,1
6797,12
6798,8
6799,15
6800,4
6801,12
6802,1
6803,3
6804,3
6805,12
6806,3
6807,1
6808,28
6809,18
6810,1
6811,5
6812,4
6813,10
6814,1
6815,1
6816,8
6817,2
6818,2
6819,19
6820,2
6821,4
6822,4
6823,3
6824,2
6825,2
6826,1
6827,9
6828,12
6829,30
6830,2
6831,1
6832,5
6833,14
6834,2
6835,1
6836,1
6837,80
6838,2
6839,1
6840,1
6841,64
6842,6
6843,3
6844,1
6845,2
6846,3
6847,1
6848,40
6849,622
6850,1
6851,3
6852,29
6853,2
6854,1
6855,5
6856,4
6857,10
6858,2
6859,1
6860,3
6861,28
6862,4
6863,7
6864,1
6865,2
6866,1
6867,1
6868,2
6869,2
6870,1
6871,9
6872,5
6873,20
6874,3
6875,1
6876,4
6877,12
6878,3
6879,3
6880,1
6881,204
6882,4
6883,3
6884,3
6885,2
6886,3
6887,1
6888,11
6889,14
6890,2
6891,1
6892,4
6893,2
6894,2
6895,1
6896,11
6897,4
6898,3
6899,7
6900,3
6901,8
6902,1
6903,11
6904,2
6905,16
6906,1
6907,33
6908,4
6909,2
6910,1
6911,9
6912,6
6913,4
6914,1
6915,19
6916,1
6917,4
6918,6
6919,3
6920,3
6921,12
6922,2
6923,11
6924,1
6925,4
6926,3
6927,1
6928,26
6929,2
6930,3
6931,17
6932,5
6933,42
6934,3
6935,11
6936,1
6937,4
6938,7
6939,15
6940,6
6941,8
6942,5
6943,19
6944,2
6945,2
6946,11
6947,5
6948,2
6949,2
6950,3
6951,1
6952,1
6953,12
6954,7
6955,1
6956,5
6957,2
6958,4
6959,17
6960,3
6961,4
6962,1
6963,139
6964,3
6965,10
6966,1
6967,3797
6968,3
6969,6
6970,2
6971,1
6972,5
6973,2
6974,3
6975,1
6976,1
6977,2
6978,3
6979,5
6980,4
6981,120
6982,1
6983,7
6984,9
6985,14
6986,1
6987,5
6988,3
6989,6
6990,6
6991,1
6992,2
6993,2
6994,1
6995,3
6996,4
6997,6
6998,2
6999,1
7000,1
7001,4
7002,5
7003,3
7004,1
7005,12
7006,1
7007,5
7008,2
7009,2
7010,1
7011,3
7012,6
7013,8
7014,2
7015,5
7016,3
7017,6
7018,6
7019,1
7020,1
7021,300
7022,1
7023,3
7024,15
7025,24
7026,15
7027,13
7028,3
7029,66
7030,4
7031,7
7032,8
7033,2
7034,5
7035,9
7036,5
7037,2
7038,3
7039,1
7040,1
7041,4
7042,4
7043,7
7044,2
7045,10
7046,1
7047,9
7048,3
7049,2
7050,6
7051,3
7052,1
7053,46
7054,1
7055,7
7056,1
7057,40
7058,4
7059,1
7060,2
7061,108
7062,1
7063,27
7064,1
7065,2
7066,3
7067,1
7068,3
7069,10
7070,1
7071,1
7072,2
7073,4
7074,2
7075,1
7076,5
7077,2
7078,2
7079,83
7080,3
7081,40
7082,1
7083,3
7084,7
7085,2
7086,4
7087,1
7088,2
7089,126
7090,9
7091,7
7092,1
7093,6
7094,1
7095,3
7096,5
7097,10
7098,4
7099,7
7100,2
7101,16
7102,30
7103,3
7104,1
7105,2
7106,1
7107,17
7108,6
7109,2
7110,8
7111,1
7112,8
7113,2
7114,10
7115,3
7116,3
7117,2
7118,2
7119,5
7120,2
7121,12
7122,4
7123,19
7124,9
7125,2
7126,1
7127,1
7128,2
7129,6
7130,1
7131,3
7132,1
7133,2
7134,6
7135,3
7136,5
7137,2
7138,6
7139,1
7140,3
7141,12
7142,2
7143,3
7144,1
7145,8
7146,4
7147,57
7148,2
7149,34
7150,3
7151,7
7152,14
7153,2
7154,5
7155,1
7156,4
7157,4
7158,10
7159,1
7160,1
7161,4
7162,1
7163,95
7164,1
7165,4
7166,1
7167,89
7168,2
7169,2
7170,24
7171,9
7172,1
7173,6
7174,1
7175,5
7176,1
7177,2
7178,24
7179,13
7180,2
7181,16
7182,4
7183,23
7184,6
7185,4
7186,1
7187,1
7188,2
7189,10
7190,4
7191,5
7192,1
7193,2
7194,2
7195,5
7196,1
7197,12
7198,2
7199,1
7200,1
7201,8
7202,58
7203,3
7204,1
7205,2
7206,12
7207,57
7208,20
7209,2
7210,2
7211,5
7212,22
7213,6
7214,2
7215,7
7216,1
7217,8
7218,4
7219,5
7220,1
7221,8
7222,6
7223,3
7224,1
7225,40
7226,3
7227,25
7228,2
7229,2
7230,2
7231,1
7232,2
7233,8
7234,3
7235,1
7236,13
7237,4
7238,3
7239,1
7240,32
7241,4
7242,1
7243,71
7244,9
7245,2
7246,1
7247,9
7248,3
7249,2
7250,1
7251,7
7252,1
7253,8
7254,2
7255,1
7256,3
7257,8
7258,2
7259,1
7260,4
7261,12
7262,1
7263,7
7264,21
7265,2
7266,1
7267,29
7268,2
7269,6
7270,3
7271,63
7272,1
7273,16
7274,6
7275,3
7276,3
7277,16
7278,14
7279,13
7280,1
7281,8
7282,2
7283,3
7284,2
7285,2
7286,1
7287,5
7288,6
7289,2
7290,1
7291,1
7292,2
7293,8
7294,2
7295,25
7296,3
7297,3234
7298,39
7299,1
7300,2
7301,32
7302,2
7303,27
7304,7
7305,4
7306,5
7307,9
7308,8
7309,18
7310,3
7311,5
7312,1
7313,2
7314,1
7315,1
7316,4
7317,6
7318,4
7319,1
7320,1
7321,136
7322,2
7323,11
7324,9
7325,4
7326,3
7327,5
7328,7
7329,18
7330,1
7331,5
7332,1
7333,2
7334,1
7335,1
7336,3
7337,6
7338,3
7339,79
7340,6
7341,20
7342,1
7343,3
7344,10
7345,2
7346,1
7347,13
7348,3
7349,2
7350,1
7351,1
7352,2
7353,4
7354,1
7355,7
7356,3
7357,2
7358,6
7359,3
7360,6
7361,32
7362,12
7363,3
7364,1
7365,4
7366,15
7367,13
7368,3
7369,2
7370,1
7371,1
7372,4
7373,2
7374,1
7375,3
7376,1
7377,148
7378,2
7379,1
7380,3
7381,64
7382,1
7383,119
7384,1
7385,8
7386,1
7387,9
7388,18
7389,5510
7390,1
7391,1
7392,2
7393,4
7394,22
7395,1
7396,1
7397,2
7398,10
7399,13
7400,2
7401,20
7402,12
7403,7
7404,3
7405,4
7406,7
7407,6085
7408,3
7409,10
7410,7
7411,1
7412,5
7413,2
7414,6
7415,3
7416,4
7417,2
7418,2
7419,19
7420,3
7421,24
7422,8
7423,31
7424,1
7425,2
7426,1
7427,17
7428,2
7429,14
7430,1
7431,9
7432,2
7433,22
7434,1
7435,11
7436,4
7437,12
7438,2
7439,1
7440,3
7441,4
7442,6
7443,123
7444,3
7445,2
7446,63
7447,1
7448,2
7449,2
7450,3
7451,1
7452,4
7453,90
7454,5
7455,5
7456,1
7457,4
7458,6
7459,13
7460,1
7461,4
7462,9
7463,11
7464,10
7465,24
7466,8
7467,37
7468,2
7469,566
7470,2
7471,5
7472,4
7473,2
7474,7
7475,1
7476,12
7477,2
7478,3
7479,9
7480,1
7481,12
7482,1
7483,3
7484,1
7485,4
7486,13
7487,37
7488,15
7489,478
7490,2
7491,47
7492,2
7493,6
7494,1
7495,1
7496,3
7497,8
7498,4
7499,5
7500,1
7501,16
7502,29
7503,7
7504,2
7505,2
7506,21
7507,1
7508,3
7509,2
7510,1
7511,3
7512,6
7513,2
7514,1
7515,1
7516,1
7517,2
7518,3
7519,1
7520,5
7521,16
7522,1
7523,3
7524,1
7525,2
7526,4
7527,17
7528,6
7529,10
7530,3
7531,5
7532,2
7533,32
7534,2
7535,3
7536,4
7537,6
7538,2
7539,7
7540,1
7541,4
7542,5
7543,351
7544,35
7545,16
7546,1
7547,1
7548,2
7549,6
7550,1
7551,3
7552,10
7553,8
7554,2
7555,63
7556,1
7557,24
7558,2
7559,11
7560,2
7561,8
7562,2
7563,3
7564,9
7565,506
7566,1
7567,1
7568,2
7569,2
7570,5
7571,51
7572,1
7573,4
7574,13
7575,7
7576,12
7577,82
7578,16
7579,1
7580,1
7581,4
7582,2
7583,99
7584,5
7585,8
7586,7
7587,5
7588,10
7589,322
7590,2
7591,11
7592,1
7593,24
7594,1
7595,1
7596,5
7597,8
7598,6
7599,1
7600,3
7601,44
7602,1
7603,47
7604,2
7605,4
7606,7
7607,1
7608,2
7609,18
7610,2
7611,17
7612,18
7613,2
7614,49
7615,1
7616,3
7617,4
7618,4
7619,9
7620,1
7621,8
7622,561
7623,3
7624,22
7625,2
7626,4
7627,21
7628,3
7629,986
7630,4
7631,1
7632,6
7633,4
7634,7
7635,5
7636,5
7637,2
7638,2
7639,5
7640,1
7641,4
7642,72
7643,7
7644,6
7645,2
7646,5
7647,1
7648,8
7649,2
7650,3
7651,3
7652,4
7653,2
7654,1
7655,1
7656,8
7657,2
7658,19
7659,1
7660,3
7661,12
7662,4
7663,3
7664,1
7665,4
7666,4
7667,969
7668,3
7669,2
7670,1
7671,7
7672,1
7673,10
7674,2
7675,3
7676,1
7677,32
7678,3
7679,1
7680,1
7681,36
7682,4
7683,7
7684,1
7685,2
7686,1
7687,533
7688,2
7689,6
7690,1
7691,7
7692,8
7693,4
7694,2
7695,5
7696,5
7697,16
7698,3
7699,1
7700,9
7701,16
7702,12
7703,3
7704,2
7705,2
7706,9
7707,5
7708,11
7709,6
7710,1
7711,7
7712,21
7713,20
7714,1
7715,5
7716,3
7717,30
7718,2
7719,1
7720,2
7721,4
7722,1
7723,11
7724,1
7725,2
7726,9
7727,5
7728,3
7729,2
7730,6
7731,1
7732,1
7733,12
7734,1
7735,91
7736,1
7737,8
7738,3
7739,39
7740,2
7741,200
7742,1
7743,127
7744,2
7745,6
7746,16
7747,1
7748,11
7749,2
7750,1
7751,3
7752,5
7753,4
7754,3
7755,1
7756,1
7757,4
7758,4
7759,5
7760,4
7761,108
7762,2
7763,3
7764,1
7765,26
7766,16
7767,9
7768,6
7769,2
7770,1
7771,1
7772,5
7773,4
7774,6
7775,11
7776,3
7777,6
7778,2
7779,11
7780,4
7781,20
7782,2
7783,3
7784,3
7785,6
7786,16
7787,1
7788,3
7789,2
7790,1
7791,5
7792,4
7793,2
7794,15
7795,13
7796,7
7797,4
7798,2
7799,1
7800,2
7801,12
7802,8
7803,3
7804,2
7805,18
7806,8
7807,5
7808,10
7809,2
7810,1
7811,1
7812,2
7813,2
7814,2
7815,3
7816,15
7817,8
7818,8
7819,3
7820,2
7821,60
7822,4
7823,399
7824,1
7825,10
7826,5
7827,85
7828,10
7829,18
7830,12
7831,9
7832,1
7833,6
7834,2
7835,105
7836,1
7837,2
7838,11
7839,5
7840,3
7841,8
7842,4
7843,15
7844,3
7845,6
7846,1
7847,9
7848,4
7849,58
7850,13
7851,1
7852,1
7853,2
7854,1
7855,1
7856,11
7857,4
7858,3
7859,1
7860,1
7861,8
7862,10
7863,243
7864,1
7865,2
7866,1
7867,1
7868,3
7869,6
7870,4
7871,1
7872,2
7873,296
7874,1
7875,1
7876,1
7877,2
7878,11
7879,3
7880,2
7881,140
7882,6
7883,23
7884,2
7885,4
7886,3
7887,1
7888,27
7889,6
7890,1
7891,11
7892,1
7893,18
7894,3
7895,11
7896,1
7897,2
7898,3
7899,3
7900,12
7901,48
7902,2
7903,11
7904,18
7905,2
7906,1
7907,9
7908,18
7909,2
7910,2
7911,1
7912,2
7913,4
7914,1
7915,3
7916,4
7917,22
7918,2
7919,3
7920,1
7921,12
7922,1
7923,3
7924,1
7925,16
7926,3
7927,NA
7928,2
7929,86
7930,7
7931,1
7932,2
7933,20
7934,3
7935,1
7936,5
7937,4
7938,2
7939,1
7940,3
7941,4
7942,1
7943,19
7944,1
7945,2
7946,5
7947,89
7948,11
7949,2
7950,2
7951,1
7952,1
7953,4
7954,3
7955,1
7956,1
7957,96
7958,3
7959,1
7960,23
7961,8
7962,1
7963,39
7964,1
7965,4
7966,1
7967,29
7968,2
7969,70
7970,1
7971,3
7972,1
7973,2
7974,13
7975,5
7976,1
7977,2
7978,6
7979,1
7980,2
7981,8
7982,4
7983,7
7984,6
7985,2
7986,5
7987,1
7988,26
7989,2
7990,1
7991,1
7992,1
7993,2
7994,2
7995,13
7996,3
7997,4
7998,2
7999,9
8000,1
8001,12
8002,1
8003,3
8004,7
8005,6
8006,1
8007,1
8008,2
8009,62
8010,2
8011,7
8012,2
8013,6
8014,1
8015,3
8016,1
8017,4
8018,48
8019,15
8020,1
8021,16
8022,4
8023,7
8024,3
8025,6
8026,3
8027,1
8028,2
8029,2
8030,1
8031,15
8032,1
8033,10
8034,1
8035,5
8036,1
8037,10
8038,3
8039,7
8040,1
8041,8
8042,2
8043,11
8044,1
8045,16
8046,4
8047,1
8048,23
8049,70
8050,1
8051,467
8052,2
8053,4
8054,19
8055,5
8056,1
8057,4
8058,4
8059,23
8060,1
8061,72
8062,2
8063,7
8064,2
8065,2
8066,12
8067,1
8068,2
8069,18
8070,7
8071,1
8072,2
8073,6
8074,1
8075,1
8076,1
8077,14
8078,3
8079,1
8080,6
8081,12
8082,1
8083,3
8084,11
8085,2
8086,4
8087,5
8088,7
8089,70
8090,6
8091,3
8092,4
8093,82
8094,5
8095,1
8096,7
8097,12
8098,2
8099,1
8100,2
8101,12
8102,4
8103,3
8104,2
8105,2
8106,4
8107,1
8108,2
8109,10
8110,3
8111,5
8112,1
8113,6
8114,42
8115,5
8116,3
8117,2
8118,2
8119,9
8120,10
8121,4
8122,6
8123,3
8124,1
8125,2
8126,1
8127,21
8128,6
8129,42
8130,1
8131,1
8132,2
8133,2
8134,3
8135,1
8136,12
8137,16
8138,2
8139,7
8140,1
8141,4
8142,5
8143,27
8144,3
8145,2
8146,1
8147,25
8148,6
8149,2
8150,2
8151,1
8152,2
8153,116
8154,2
8155,15
8156,1
8157,4
8158,4
8159,1
8160,1
8161,NA
8162,2
8163,11
8164,2
8165,4
8166,1
8167,1
8168,3
8169,2
8170,6
8171,5
8172,1
8173,2
8174,3
8175,1
8176,5
8177,8
8178,3
8179,1
8180,3
8181,32
8182,1
8183,7
8184,10
8185,2
8186,189
8187,1
8188,2
8189,26
8190,1
8191,7
8192,5
8193,6
8194,3
8195,9
8196,11
8197,2
8198,2
8199,11
8200,3
8201,168
8202,2
8203,2495
8204,3
8205,2
8206,4
8207,5
8208,4
8209,78
8210,1
8211,3
8212,5
8213,30
8214,10
8215,1
8216,8
8217,32
8218,4
8219,1
8220,3
8221,4
8222,2
8223,739
8224,2
8225,2
8226,25
8227,NA
8228,7
8229,18
8230,1
8231,1
8232,1
8233,2
8234,5
8235,47
8236,1
8237,20
8238,2
8239,3
8240,2
8241,NA
8242,5
8243,15
8244,1
8245,4
8246,3
8247,157
8248,4
8249,6
8250,20
8251,1
8252,10
8253,2
8254,1
8255,3
8256,3
8257,12
8258,2
8259,3
8260,1
8261,28
8262,6
8263,7
8264,1
8265,6
8266,1
8267,1
8268,2
8269,6
8270,3
8271,3
8272,2
8273,4
8274,5
8275,1
8276,5
8277,28
8278,3
8279,3
8280,1
8281,4
8282,1
8283,3
8284,5
8285,6
8286,1
8287,13
8288,7
8289,14
8290,2
8291,1
8292,1
8293,8
8294,3
8295,7
8296,1
8297,2
8298,3
8299,9
8300,3
8301,28
8302,1
8303,7
8304,3
8305,4
8306,1
8307,5
8308,3
8309,34
8310,4
8311,3
8312,4
8313,2
8314,1
8315,1
8316,5
8317,16
8318,11
8319,1
8320,4
8321,8
8322,1
8323,3
8324,6
8325,2
8326,1
8327,1
8328,6
8329,34
8330,3
8331,1
8332,53
8333,4
8334,49
8335,1
8336,5
8337,2
8338,8
8339,3
8340,4
8341,8
8342,2
8343,363
8344,1
8345,4
8346,3
8347,5
8348,2
8349,2
8350,5
8351,1
8352,1
8353,2
8354,6
8355,45
8356,3
8357,2
8358,2
8359,1
8360,3
8361,52
8362,1
8363,3
8364,2
8365,2
8366,4
8367,53
8368,15
8369,34
8370,1
8371,5
8372,1
8373,4
8374,2
8375,3
8376,12
8377,54
8378,2
8379,1
8380,5
8381,12
8382,1
8383,3
8384,1
8385,26
8386,5
8387,13
8388,10
8389,3510
8390,1
8391,3
8392,4
8393,20
8394,1
8395,39
8396,1
8397,4
8398,2
8399,11
8400,4
8401,32
8402,2
8403,11
8404,18
8405,8
8406,1
8407,1
8408,4
8409,6
8410,5
8411,7
8412,1
8413,8
8414,1
8415,3965
8416,3
8417,4
8418,6
8419,3
8420,1
8421,16
8422,4
8423,131
8424,11
8425,12
8426,8
8427,1
8428,2
8429,10
8430,3
8431,1
8432,14
8433,162
8434,1
8435,1
8436,1
8437,2
8438,3
8439,1
8440,1
8441,20
8442,2
8443,371
8444,2
8445,6
8446,1
8447,1
8448,3
8449,26
8450,4
8451,3
8452,1
8453,2
8454,9
8455,3
8456,57
8457,6
8458,2
8459,1
8460,3
8461,12
8462,2
8463,7
8464,5
8465,4
8466,4
8467,NA
8468,2
8469,34
8470,1
8471,55
8472,2
8473,30
8474,1
8475,1
8476,3
8477,34
8478,2
8479,3
8480,3
8481,4
8482,1
8483,191
8484,1
8485,2
8486,3
8487,21
8488,8
8489,2
8490,1
8491,9
8492,5
8493,2
8494,6
8495,1
8496,3
8497,2
8498,4
8499,7
8500,5
8501,4
8502,2
8503,11
8504,2
8505,2
8506,156
8507,5
8508,3
8509,26
8510,3
8511,7
8512,1
8513,6
8514,5
8515,9
8516,4
8517,2
8518,4
8519,9
8520,1
8521,24
8522,13
8523,3
8524,2
8525,4
8526,1
8527,1
8528,2
8529,22
8530,2
8531,9
8532,5
8533,10
8534,1
8535,3
8536,1
8537,4
8538,15
8539,1
8540,1
8541,36
8542,4
8543,3
8544,1
8545,2
8546,1
8547,1
8548,4
8549,6
8550,6
8551,15
8552,1
8553,4
8554,3
8555,7
8556,4
8557,4
8558,2
8559,3
8560,2
8561,4
8562,4
8563,3
8564,1
8565,2
8566,8
8567,5
8568,7
8569,2
8570,14
8571,141
8572,1
8573,24
8574,2
8575,3
8576,12
8577,18
8578,3
8579,31
8580,1
8581,8
8582,1
8583,7
8584,9
8585,10
8586,1
8587,89
8588,3
8589,2
8590,1
8591,3
8592,5
8593,2
8594,2
8595,1
8596,5
8597,6
8598,2
8599,1
8600,1
8601,204
8602,2
8603,3
8604,30
8605,2
8606,1
8607,1
8608,3
8609,NA
8610,2
8611,1
8612,2
8613,4
8614,2
8615,1
8616,1
8617,4
8618,2
8619,23
8620,3
8621,40
8622,1
8623,3
8624,1
8625,4
8626,9
8627,1
8628,7
8629,42
8630,5
8631,7
8632,2
8633,4
8634,1
8635,1
8636,3
8637,2
8638,2
8639,1
8640,2
8641,16
8642,10
8643,3
8644,1
8645,2
8646,1
8647,5
8648,12
8649,2
8650,1
8651,3
8652,6
8653,4
8654,17
8655,1
8656,1
8657,20
8658,4
8659,15
8660,1
8661,4
8662,5
8663,39
8664,2
8665,2
8666,1
8667,1
8668,58
8669,18
8670,2
8671,1
8672,1
8673,4
8674,6
8675,5
8676,1
8677,2
8678,23
8679,3
8680,1
8681,60
8682,2
8683,691
8684,1
8685,8
8686,5
8687,5
8688,2
8689,6
8690,6
8691,1
8692,2
8693,2
8694,1
8695,1
8696,5
8697,4
8698,2
8699,1
8700,2
8701,44
8702,1
8703,15
8704,1
8705,6
8706,1
8707,129
8708,3
8709,2
8710,3
8711,57
8712,10
8713,2
8714,2
8715,19
8716,8
8717,2
8718,4
8719,13
8720,1
8721,4
8722,16
8723,7
8724,2
8725,10
8726,8
8727,3057
8728,2
8729,18
8730,2
8731,11
8732,4
8733,4
8734,1
8735,1
8736,1
8737,2
8738,2
8739,1
8740,8
8741,2424
8742,1
8743,27
8744,2
8745,6
8746,3
8747,1
8748,7
8749,2
8750,1
8751,1
8752,4
8753,30
8754,1
8755,7
8756,4
8757,6
8758,2
8759,3
8760,4
8761,16
8762,5
8763,7
8764,1
8765,2
8766,8
8767,1
8768,3
8769,2
8770,4
8771,3
8772,1
8773,4
8774,13
8775,1
8776,8
8777,14
8778,4
8779,23
8780,4
8781,12
8782,1
8783,3
8784,38
8785,28
8786,7
8787,5
8788,3
8789,2
8790,1
8791,1
8792,5
8793,2
8794,2
8795,23
8796,4
8797,80
8798,3
8799,3
8800,2
8801,4
8802,1
8803,187
8804,5
8805,2
8806,3
8807,29
8808,2
8809,6
8810,1
8811,1
8812,1
8813,2
8814,5
8815,5
8816,1
8817,50
8818,15
8819,1
8820,3
8821,84
8822,2
8823,27
8824,9
8825,18
8826,1
8827,1
8828,4
8829,14
8830,6
8831,9
8832,1
8833,2
8834,3
8835,19
8836,3
8837,12
8838,3
8839,1
8840,2
8841,308
8842,2
8843,411
8844,3
8845,4
8846,1
8847,9
8848,2
8849,2
8850,1185
8851,3
8852,1
8853,2
8854,2
8855,13
8856,5
8857,2
8858,3
8859,7
8860,12
8861,8
8862,8
8863,NA
8864,2
8865,16
8866,3
8867,9
8868,2
8869,6
8870,26
8871,3
8872,4
8873,2
8874,2
8875,1
8876,7
8877,10
8878,2
8879,15
8880,1
8881,8
8882,1
8883,3
8884,7
8885,2
8886,5
8887,1
8888,3
8889,10
8890,4
8891,1
8892,4
8893,4
8894,1
8895,7
8896,5
8897,2
8898,14
8899,5
8900,1
8901,20
8902,6
8903,391
8904,1
8905,4
8906,4
8907,21
8908,2
8909,6
8910,1
8911,1
8912,1
8913,4
8914,6
8915,165
8916,3
8917,2
8918,2
8919,5
8920,3
8921,480
8922,9
8923,7
8924,2
8925,2
8926,16
8927,21
8928,4
8929,10
8930,5
8931,1
8932,4
8933,4
8934,2
8935,3
8936,7
8937,14
8938,3
8939,3
8940,1
8941,76
8942,4
8943,31
8944,1
8945,2
8946,1
8947,1
8948,3
8949,6
8950,3
8951,11
8952,4
8953,2
8954,1
8955,21
8956,4
8957,4
8958,3
8959,3
8960,1
8961,44
8962,5
8963,3
8964,1
8965,2
8966,3
8967,1
8968,2
8969,2
8970,7
8971,1
8972,2
8973,26
8974,5
8975,1
8976,5
8977,4
8978,2
8979,1
8980,22
8981,4
8982,1
8983,3
8984,1
8985,2
8986,1
8987,NA
8988,3
8989,6
8990,2
8991,1
8992,2
8993,6
8994,9
8995,5
8996,5
8997,2
8998,4
8999,1
9000,2
9001,4
9002,2
9003,31
9004,3
9005,10
9006,16
9007,17
9008,4
9009,74
9010,1
9011,45
9012,16
9013,2
9014,1
9015,1
9016,3
9017,2
9018,2
9019,7
9020,1
9021,NA
9022,1
9023,31
9024,1
9025,4
9026,3
9027,9
9028,6
9029,134
9030,1
9031,5
9032,4
9033,4
9034,1
9035,1
9036,1
9037,6
9038,2
9039,3
9040,6
9041,4
9042,1
9043,3
9044,5
9045,6
9046,3
9047,13
9048,3
9049,1230
9050,3
9051,1
9052,17
9053,2
9054,6
9055,21
9056,5
9057,8
9058,3
9059,19
9060,5
9061,4836
9062,2
9063,7
9064,13
9065,24
9066,4
9067,5
9068,3
9069,18
9070,1
9071,9
9072,2
9073,2
9074,2
9075,1
9076,4
9077,2
9078,2
9079,1
9080,1
9081,4
9082,5
9083,31
9084,1
9085,2
9086,1
9087,265
9088,6
9089,6
9090,1
9091,5
9092,1
9093,8
9094,1
9095,9
9096,3
9097,6
9098,2
9099,1
9100,2
9101,28
9102,2
9103,3
9104,2
9105,2
9106,3
9107,9
9108,2
9109,514
9110,19
9111,13
9112,1
9113,4
9114,11
9115,29
9116,3
9117,24
9118,3
9119,1
9120,1
9121,32
9122,1
9123,99
9124,3
9125,8
9126,3
9127,1
9128,2
9129,2
9130,2
9131,1
9132,1
9133,6
9134,2
9135,3
9136,1
9137,2
9138,7
9139,1
9140,2
9141,NA
9142,1
9143,11
9144,3
9145,4
9146,32
9147,1
9148,4
9149,6
9150,2
9151,23
9152,1
9153,2
9154,2
9155,3
9156,8
9157,8
9158,14
9159,15
9160,1
9161,68
9162,1
9163,3
9164,5
9165,2
9166,5
9167,1
9168,12
9169,26
9170,2
9171,1
9172,2
9173,6
9174,2
9175,1
9176,1
9177,4
9178,7
9179,9
9180,1
9181,4
9182,30
9183,NA
9184,2
9185,2
9186,5
9187,1
9188,3
9189,2
9190,4
9191,15
9192,2
9193,30
9194,1
9195,3
9196,3
9197,2
9198,10
9199,1
9200,3
9201,16
9202,6
9203,119
9204,2
9205,4
9206,24
9207,9
9208,24
9209,270
9210,1
9211,3
9212,9
9213,4
9214,3
9215,5
9216,4
9217,6
9218,2
9219,1
9220,2
9221,8
9222,6
9223,7
9224,1
9225,2
9226,3
9227,1
9228,6
9229,10
9230,1
9231,7
9232,1
9233,2
9234,14
9235,3
9236,7
9237,18
9238,3
9239,1
9240,4
9241,24
9242,4
9243,3
9244,1
9245,2
9246,1
9247,5
9248,2
9249,2
9250,1
9251,1
9252,2
9253,10
9254,1
9255,1
9256,101
9257,4
9258,3
9259,5
9260,2
9261,8
9262,4
9263,NA
9264,1
9265,4
9266,1
9267,1
9268,19
9269,18
9270,2
9271,1
9272,1
9273,2
9274,1
9275,1
9276,4
9277,8
9278,6
9279,9
9280,9
9281,68
9282,1
9283,467
9284,2
9285,6
9286,9
9287,1
9288,3
9289,2
9290,5
9291,3
9292,6
9293,8
9294,1
9295,5
9296,3
9297,4
9298,4
9299,195
9300,1
9301,8
9302,2
9303,3
9304,2
9305,4
9306,1
9307,13
9308,2
9309,26
9310,2
9311,1
9312,5
9313,12
9314,1
9315,3
9316,3
9317,2
9318,46
9319,5
9320,1
9321,8
9322,1
9323,19
9324,10
9325,8
9326,9
9327,9
9328,3
9329,2
9330,7
9331,1
9332,1
9333,2
9334,6
9335,3
9336,5
9337,2
9338,24
9339,1
9340,2
9341,16
9342,1
9343,3
9344,3
9345,14
9346,7
9347,21
9348,7
9349,2
9350,1
9351,5
9352,1
9353,2
9354,3
9355,1
9356,1
9357,120
9358,2
9359,7
9360,1
9361,8
9362,1
9363,79
9364,3
9365,4
9366,1
9367,1
9368,2
9369,102
9370,1
9371,1
9372,2
9373,2
9374,1
9375,11
9376,3
9377,2
9378,6
9379,5
9380,2
9381,4
9382,12
9383,15
9384,2
9385,20
9386,3
9387,1
9388,22
9389,6
9390,3
9391,1
9392,5
9393,4
9394,1
9395,11
9396,9
9397,6
9398,8
9399,11
9400,1
9401,12
9402,5
9403,15
9404,3
9405,2
9406,1
9407,321
9408,2
9409,6
9410,2
9411,25
9412,4
9413,2
9414,3
9415,3
9416,5
9417,4
9418,11
9419,3
9420,6
9421,8
9422,4
9423,103
9424,5
9425,4
9426,1
9427,5
9428,3
9429,6
9430,2
9431,9
9432,1
9433,4
9434,5
9435,1
9436,1
9437,2
9438,3
9439,1
9440,2
9441,36
9442,2
9443,3
9444,11
9445,24
9446,3
9447,573
9448,3
9449,NA
9450,1
9451,1
9452,4
9453,4
9454,2
9455,3
9456,3
9457,2
9458,7
9459,47
9460,4
9461,4
9462,1
9463,7
9464,1
9465,10
9466,5
9467,13
9468,2
9469,2
9470,1
9471,1
9472,14
9473,4
9474,7
9475,3
9476,1
9477,8
9478,2
9479,145
9480,3
9481,144
9482,1
9483,3
9484,10
9485,2
9486,7
9487,9
9488,15
9489,2
9490,2
9491,5
9492,1
9493,2
9494,2
9495,1
9496,3
9497,2
9498,4
9499,1
9500,13
9501,8
9502,4
9503,3
9504,1
9505,2
9506,4
9507,5
9508,10
9509,10
9510,3
9511,3
9512,1
9513,234
9514,2
9515,5
9516,1
9517,14
9518,6
9519,11
9520,8
9521,240
9522,4
9523,47
9524,1
9525,2
9526,1
9527,5
9528,4
9529,10
9530,1
9531,3
9532,1
9533,2
9534,1
9535,1
9536,3
9537,4
9538,2
9539,15
9540,1
9541,4
9542,1
9543,3
9544,3
9545,2
9546,5
9547,1
9548,2
9549,6
9550,5
9551,1
9552,1
9553,2
9554,1
9555,3
9556,1
9557,10
9558,3
9559,21
9560,5
9561,104
9562,1
9563,11
9564,2
9565,28
9566,3
9567,17
9568,2
9569,22
9570,1
9571,3
9572,12
9573,4
9574,1
9575,3
9576,1
9577,8
9578,3
9579,1
9580,16
9581,140
9582,2
9583,7
9584,1
9585,2
9586,1
9587,81
9588,2
9589,2
9590,1
9591,1
9592,6
9593,358
9594,6
9595,3
9596,1
9597,10
9598,20
9599,3
9600,3
9601,192
9602,1
9603,3
9604,1
9605,2
9606,5
9607,1
9608,15
9609,438
9610,2
9611,3
9612,1
9613,6
9614,1
9615,1
9616,7
9617,10
9618,7
9619,53
9620,4
9621,4
9622,1
9623,19
9624,14
9625,2
9626,1
9627,21
9628,4
9629,2
9630,3
9631,1
9632,2
9633,10
9634,6
9635,3
9636,1
9637,8
9638,2
9639,3
9640,1
9641,56
9642,1
9643,7
9644,1
9645,2
9646,4
9647,5
9648,8
9649,34
9650,2
9651,17
9652,2
9653,10
9654,5
9655,3
9656,3
9657,2
9658,2
9659,1
9660,4
9661,28
9662,2
9663,371
9664,9
9665,8
9666,3
9667,21
9668,2
9669,10
9670,5
9671,19
9672,1
9673,4
9674,1
9675,11
9676,20
9677,6
9678,2
9679,1
9680,2
9681,8
9682,4
9683,23
9684,23
9685,20
9686,1
9687,249
9688,3
9689,14
9690,2
9691,1
9692,1
9693,20
9694,3
9695,1
9696,4
9697,68
9698,3
9699,1
9700,1
9701,484
9702,5
9703,11
9704,2
9705,24
9706,7
9707,1
9708,4
9709,2
9710,1
9711,11
9712,1
9713,4
9714,2
9715,5
9716,7
9717,4
9718,3
9719,5
9720,2
9721,5040
9722,1
9723,11
9724,1
9725,4
9726,1
9727,1
9728,2
9729,2
9730,1
9731,19
9732,2
9733,4
9734,3
9735,7
9736,1
9737,6
9738,2
9739,3
9740,1
9741,56
9742,2
9743,7
9744,2
9745,2
9746,8
9747,1
9748,4
9749,26
9750,1
9751,1
9752,6
9753,2
9754,5
9755,1
9756,1
9757,4
9758,22
9759,1
9760,3
9761,4
9762,1
9763,175
9764,2
9765,2
9766,4
9767,17
9768,3
9769,2
9770,1
9771,1
9772,9
9773,6
9774,3
9775,13
9776,3
9777,2
9778,2
9779,1
9780,5
9781,160
9782,1
9783,3
9784,3
9785,4
9786,4
9787,5
9788,2
9789,6
9790,3
9791,5
9792,2
9793,36
9794,1
9795,3
9796,1
9797,2
9798,6
9799,1
9800,1
9801,8
9802,8
9803,31
9804,2
9805,2
9806,3
9807,5
9808,4
9809,22
9810,3
9811,1
9812,1
9813,2
9814,1
9815,1
9816,4
9817,4
9818,15
9819,23
9820,3
9821,4
9822,16
9823,3
9824,1
9825,22
9826,7
9827,1
9828,7
9829,6
9830,2
9831,1
9832,20
9833,2
9834,5
9835,1
9836,40
9837,2
9838,16
9839,1
9840,13
9841,8
9842,1
9843,95
9844,6
9845,6
9846,8
9847,1
9848,4
9849,142
9850,2
9851,3
9852,9
9853,92
9854,3
9855,1
9856,1
9857,2
9858,32
9859,3
9860,1
9861,12
9862,1
9863,15
9864,6
9865,6
9866,1
9867,21
9868,2
9869,10
9870,1
9871,341
9872,4
9873,6
9874,2
9875,1
9876,1
9877,16
9878,2
9879,11
9880,1
9881,192
9882,6
9883,31
9884,6
9885,2
9886,35
9887,1
9888,2
9889,2
9890,1
9891,7
9892,8
9893,2
9894,1
9895,1
9896,3
9897,2
9898,2
9899,7
9900,2
9901,48
9902,2
9903,3
9904,2
9905,8
9906,4
9907,29
9908,3
9909,6
9910,6
9911,1
9912,2
9913,4
9914,2
9915,3
9916,9
9917,6
9918,4
9919,1
9920,1
9921,NA
9922,6
9923,63
9924,2
9925,8
9926,3
9927,1
9928,6
9929,574
9930,2
9931,1
9932,4
9933,2
9934,1
9935,9
9936,12
9937,12
9938,2
9939,3
9940,10
9941,12
9942,6
9943,7
9944,1
9945,2
9946,19
9947,5
9948,2
9949,2
9950,1
9951,3
9952,6
9953,2
9954,1
9955,7
9956,3
9957,10
9958,12
9959,1
9960,1
9961,8
9962,2
9963,4887
9964,3
9965,2
9966,7
9967,1
9968,4
9969,34
9970,4
9971,1
9972,1
9973,2
9974,2
9975,9
9976,12
9977,6
9978,31
9979,1
9980,2
9981,112
9982,1
9983,19
9984,5
9985,46
9986,1
9987,381
9988,11
9989,6
9990,5
9991,5
9992,5
9993,6
9994,1
9995,5
9996,1
9997,2
9998,2
9999,9
10000,2
10001,236
10002,2
10003,47
10004,1
10005,8
10006,3
10007,21
10008,2
10009,478
10010,3
10011,1
10012,4
10013,4
10014,2
10015,5
10016,4
10017,2
10018,2
10019,3
10020,7
10021,12
10022,2
10023,7
10024,2
10025,4
10026,8
10027,5
10028,7
10029,2
10030,1
10031,7
10032,1
10033,6
10034,1
10035,1
10036,1
10037,4
10038,3
10039,5
10040,20
10041,4
10042,2
10043,3
10044,1
10045,32
10046,1
10047,5
10048,7
10049,6
10050,3
10051,1
10052,2
10053,6
10054,9
10055,1
10056,1
10057,6
10058,2
10059,15
10060,1
10061,4
10062,1
10063,3
10064,3
10065,2
10066,11
10067,1
10068,8
10069,6
10070,1
10071,1
10072,10
10073,2
10074,1
10075,3
10076,3
10077,12
10078,2
10079,3
10080,1
10081,12
10082,5
10083,59
10084,1
10085,6
10086,1
10087,1
10088,2
10089,6
10090,1
10091,1
10092,5
10093,16
10094,2
10095,11
10096,4
10097,216
10098,12
10099,1
10100,2
10101,44
10102,1
10103,39
10104,1
10105,12
10106,1
10107,1
10108,3
10109,2
10110,3
10111,19
10112,2
10113,8
10114,5
10115,1
10116,7
10117,12
10118,3
10119,3
10120,2
10121,4
10122,1
10123,11
10124,3
10125,4
10126,13
10127,17
10128,2
10129,6
10130,1
10131,3
10132,6
10133,2
10134,1
10135,15
10136,5
10137,6
10138,2
10139,5
10140,7
10141,648
10142,1
10143,7
10144,2
10145,6
10146,3
10147,13
10148,3
10149,10
10150,7
10151,1
10152,2
10153,4
10154,2
10155,1
10156,1
10157,2
10158,2
10159,3
10160,5
10161,8
10162,2
10163,3
10164,1
10165,4
10166,4
10167,9
10168,2
10169,18
10170,3
10171,7
10172,1
10173,2
10174,6
10175,1
10176,1
10177,20
10178,4
10179,1
10180,2
10181,24
10182,2
10183,35
10184,1
10185,2
10186,1
10187,5
10188,4
10189,6
10190,2
10191,1
10192,1
10193,2
10194,6
10195,3
10196,8
10197,2
10198,4
10199,1
10200,2
10201,4
10202,4
10203,15
10204,2
10205,22
10206,12
10207,6089
10208,2
10209,30
10210,1
10211,3
10212,1
10213,2
10214,1
10215,57
10216,1
10217,8
10218,6
10219,1
10220,1
10221,4
10222,26
10223,15
10224,3
10225,36
10226,5
10227,13
10228,12
10229,6
10230,7
10231,193
10232,1
10233,2
10234,1
10235,35
10236,3
10237,102
10238,2
10239,1
10240,26
10241,12
10242,1
10243,9731
10244,3
10245,2
10246,13
10247,45
10248,2
10249,30
10250,2
10251,1
10252,1
10253,36
10254,1
10255,1
10256,7
10257,4
10258,4
10259,3
10260,1
10261,92
10262,14
10263,31
10264,2
10265,6
10266,3
10267,1
10268,2
10269,10
10270,2
10271,35
10272,1
10273,2
10274,2
10275,1
10276,1
10277,4
10278,2
10279,7
10280,1
10281,12
10282,5
10283,3
10284,1
10285,4
10286,1
10287,21
10288,2
10289,2
10290,1
10291,5
10292,5
10293,10
10294,2
10295,1
10296,3
10297,2
10298,2
10299,5
10300,6
10301,4
10302,5
10303,3
10304,2
10305,6
10306,4
10307,1
10308,4
10309,74
10310,1
10311,1
10312,1
10313,8
10314,3
10315,1
10316,1
10317,4
10318,2
10319,7
10320,6
10321,28
10322,2
10323,3
10324,13
10325,8
10326,5
10327,5
10328,4
10329,22
10330,3
10331,1
10332,6
10333,2
10334,106
10335,15
10336,3
10337,38
10338,3
10339,11
10340,6
10341,4
10342,5
10343,19
10344,1
10345,16
10346,1
10347,13
10348,2
10349,42
10350,1
10351,1
10352,2
10353,2
10354,1
10355,5
10356,1
10357,4
10358,7
10359,63
10360,1
10361,24
10362,4
10363,3
10364,19
10365,2
10366,3
10367,1
10368,4
10369,62
10370,3
10371,3
10372,18
10373,2
10374,1
10375,7
10376,4
10377,4
10378,3
10379,1
10380,8
10381,16
10382,1
10383,3
10384,1
10385,4
10386,1
10387,1
10388,2
10389,2
10390,5
10391,9
10392,1
10393,2
10394,1
10395,3
10396,1
10397,4
10398,7
10399,169
10400,2
10401,4
10402,13
10403,7
10404,2
10405,16
10406,1
10407,5
10408,10
10409,6
10410,1
10411,3
10412,1
10413,4
10414,7
10415,3
10416,1
10417,2
10418,2
10419,1
10420,10
10421,12
10422,1
10423,19
10424,5
10425,202
10426,4
10427,1
10428,3
10429,262
10430,2
10431,1
10432,2
10433,4
10434,3
10435,7
10436,16
10437,12
10438,7
10439,297
10440,1
10441,4
10442,1
10443,11
10444,1
10445,8
10446,8
10447,1
10448,2
10449,42
10450,5
10451,5
10452,1
10453,4
10454,5
10455,1
10456,3
10457,2
10458,10
10459,31
10460,6
10461,72
10462,1
10463,7
10464,1
10465,2
10466,5
10467,53
10468,12
10469,2
10470,3
10471,3
10472,14
10473,2
10474,11
10475,3
10476,4
10477,2
10478,3
10479,5
10480,2
10481,4
10482,6
10483,7
10484,5
10485,40
10486,12
10487,1
10488,6
10489,6
10490,4
10491,1
10492,1
10493,4
10494,2
10495,15
10496,1
10497,2
10498,2
10499,1
10500,3
10501,4
10502,5
10503,11
10504,1
10505,54
10506,5
10507,1
10508,2
10509,6
10510,1
10511,1
10512,8
10513,2
10514,1
10515,1
10516,4
10517,4
10518,7
10519,3
10520,3
10521,8
10522,1
10523,3
10524,1
10525,2
10526,21
10527,1
10528,4
10529,2
10530,2
10531,1
10532,2
10533,18
10534,59
10535,1
10536,31
10537,2
10538,3
10539,1
10540,9
10541,44
10542,1
10543,127
10544,3
10545,4
10546,3
10547,9
10548,2
10549,10
10550,2
10551,167
10552,1
10553,10
10554,1
10555,11
10556,5
10557,2
10558,4
10559,3
10560,3
10561,20
10562,1
10563,3
10564,30
10565,2
10566,1
10567,129
10568,8
10569,34
10570,2
10571,11
10572,4
10573,150
10574,1
10575,5
10576,1
10577,4
10578,2
10579,15
10580,1
10581,4
10582,2
10583,3
10584,2
10585,4
10586,3
10587,1
10588,4
10589,14
10590,1
10591,1
10592,4
10593,4
10594,11
10595,7
10596,8
10597,8
10598,2
10599,293
10600,2
10601,192
10602,2
10603,3
10604,5
10605,4
10606,11
10607,1133
10608,4
10609,2
10610,13
10611,3
10612,5
10613,4
10614,2
10615,1
10616,1
10617,2
10618,3
10619,3
10620,2
10621,8
10622,4
10623,7
10624,1
10625,8
10626,9
10627,13
10628,11
10629,22
10630,1
10631,3
10632,5
10633,22
10634,2
10635,3
10636,3
10637,4
10638,14
10639,1
10640,3
10641,8
10642,6
10643,11
10644,19
10645,2
10646,5
10647,1
10648,23
10649,30
10650,4
10651,9
10652,1
10653,2
10654,1
10655,5
10656,11
10657,316
10658,2
10659,5
10660,1
10661,32
10662,2
10663,111
10664,6
10665,4
10666,5
10667,1
10668,2
10669,6
10670,6
10671,1
10672,16
10673,2
10674,3
10675,5
10676,1
10677,12
10678,3
10679,3
10680,3
10681,32
10682,14
10683,NA
10684,2
10685,4
10686,1
10687,229
10688,3
10689,6
10690,2
10691,9
10692,1
10693,2
10694,1
10695,3
10696,1
10697,4
10698,10
10699,7
10700,10
10701,36
10702,21
10703,71
10704,2
10705,12
10706,1
10707,1
10708,7
10709,34
10710,3
10711,1
10712,6
10713,4
10714,1
10715,1
10716,51
10717,4
10718,6
10719,9
10720,9
10721,4
10722,13
10723,11
10724,1
10725,4
10726,3
10727,1
10728,2
10729,2
10730,1
10731,1
10732,2
10733,2
10734,1
10735,1
10736,12
10737,4
10738,2
10739,19
10740,2
10741,6028
10742,6
10743,3
10744,1
10745,2
10746,11
10747,9
10748,4
10749,2
10750,1
10751,1
10752,1
10753,30
10754,2
10755,3
10756,8
10757,2
10758,2
10759,1
10760,5
10761,12
10762,10
10763,1327
10764,5
10765,4
10766,1
10767,5
10768,3
10769,6
10770,2
10771,9
10772,4
10773,2
10774,1
10775,3
10776,28
10777,2
10778,2
10779,3
10780,1
10781,8
10782,2
10783,15
10784,1
10785,2
10786,1
10787,45
10788,7
10789,10
10790,1
10791,1
10792,1
10793,14
10794,3
10795,1
10796,4
10797,4
10798,3
10799,5
10800,1
10801,8
10802,8
10803,23
10804,1
10805,2
10806,5
10807,9
10808,3
10809,10
10810,8
10811,1
10812,4
10813,252
10814,1
10815,1
10816,4
10817,2
10818,6
10819,1
10820,2
10821,68
10822,1
10823,7
10824,3
10825,10
10826,1
10827,5
10828,2
10829,2
10830,1
10831,5
10832,1
10833,14
10834,1
10835,1
10836,3
10837,2
10838,3
10839,31
10840,2
10841,140
10842,2
10843,3
10844,1
10845,14
10846,9
10847,13
10848,7
10849,2
10850,2
10851,29
10852,6
10853,42
10854,1
10855,3
10856,1
10857,2
10858,10
10859,11
10860,3
10861,20
10862,1
10863,95
10864,2
10865,16
10866,8
10867,1
10868,2
10869,42
10870,1
10871,7
10872,2
10873,6
10874,3
10875,7
10876,5
10877,2
10878,4
10879,1
10880,8
10881,4
10882,1
10883,3
10884,1
10885,30
10886,7
10887,153
10888,7
10889,46
10890,2
10891,3
10892,4
10893,2
10894,2
10895,3
10896,4
10897,2
10898,3
10899,1
10900,2
10901,40
10902,1
10903,27
10904,1
10905,22
10906,1
10907,1
10908,4
10909,6
10910,7
10911,3
10912,5
10913,2
10914,2
10915,3
10916,1
10917,4
10918,3
10919,5
10920,6
10921,80
10922,2
10923,7
10924,2
10925,24
10926,1
10927,5
10928,4
10929,30
10930,3
10931,297
10932,1
10933,2
10934,1
10935,5
10936,11
10937,6
10938,2
10939,7
10940,9
10941,20
10942,2
10943,1575
10944,1
10945,2
10946,1
10947,1
10948,2
10949,10
10950,8
10951,1
10952,4
10953,18
10954,3
10955,1
10956,1
10957,2
10958,4
10959,67
10960,2
10961,64
10962,1
10963,215
10964,5
10965,6
10966,3
10967,1
10968,2
10969,322
10970,1
10971,23
10972,1
10973,6
10974,3
10975,7
10976,3
10977,4
10978,8
10979,5
10980,1
10981,8
10982,10
10983,71
10984,11
10985,2
10986,15
10987,1
10988,2
10989,2
10990,1
10991,1
10992,2
10993,28
10994,1
10995,1
10996,7
10997,8
10998,11
10999,9
11000,4
11001,4
11002,44
11003,27
11004,1
11005,2
11006,4
11007,5
11008,7
11009,26
11010,8
11011,7
11012,1
11013,2
11014,5
11015,45
11016,1
11017,4
11018,3
11019,1
11020,2
11021,24
11022,4
11023,43
11024,1
11025,2
11026,4
11027,5
11028,3
11029,18
11030,1
11031,1
11032,2
11033,6
11034,18
11035,1
11036,4
11037,2
11038,8
11039,3
11040,17
11041,68
11042,4
11043,271
11044,2
11045,4
11046,5
