1,NA
2,2
3,1
4,1
5,2
6,1
7,11
8,1
9,186
10,4
11,1
12,2
13,22
14,1
15,1
16,4
17,2
18,1
19,117
20,2
21,4
22,2
23,1
24,1
25,4
26,1
27,7
28,1
29,14
30,6
31,3
32,3
33,2
34,1
35,3
36,5
37,NA
38,1
39,1
40,1
41,500
42,4
43,1
44,2
45,2
46,1
47,15
48,4
49,18
50,2
51,3
52,3
53,2
54,2
55,1
56,1
57,2
58,5
59,1
60,1
61,88
62,3
63,1
64,137
65,6
66,32
67,NA
68,1
69,2
70,13
71,71
72,2
73,168
74,2
75,3
76,5
77,158
78,1
79,5
80,1
81,12
82,2
83,1
84,7
85,12
86,3
87,15
88,1
89,226
90,3
91,1
92,4
93,6
94,1
95,1
96,3
97,2
98,14
99,1
100,6
101,4
102,4
103,NA
104,6
105,18
106,1
107,7
108,5
109,2
110,1
111,3
112,263
113,30
114,1
115,5
116,1
117,34
118,1
119,5
120,1
121,NA
122,2
123,9
124,1
125,2
126,165
127,NA
128,1
129,10
130,13
131,5
132,4
133,6
134,NA
135,1
136,4
137,2
138,NA
139,NA
140,1
141,NA
142,4
143,1
144,1
145,2
146,1
147,83
148,1
149,102
150,1
151,73
152,3
153,NA
154,1
155,261
156,1
157,16
158,1
159,7
160,1
161,224
162,46
163,5
164,3
165,144
166,191
167,3
168,9
169,14
170,1
171,1
172,NA
173,26
174,5
175,1
176,1
177,NA
178,4
179,5
180,1
181,4
182,118
183,1
184,1
185,34
186,1
187,3
188,1
189,NA
190,4
191,359
192,4
193,2
194,46
195,5
196,104
197,16
198,1
199,1
200,1
201,NA
202,3
203,1
204,3
205,NA
206,212
207,83
208,1
209,6
210,3
211,1
212,24
213,2
214,1
215,NA
216,1
217,4
218,30
219,1
220,1
221,4
222,34
223,NA
224,3
225,108
226,1
227,639
228,4
229,50
230,2
231,1
232,2
233,32
234,7
235,1
236,91
237,NA
238,13
239,1
240,32
241,12
242,16
243,9
244,23
245,2
246,21
247,NA
248,1
249,6
250,1
251,3
252,2
253,2
254,1
255,1
256,15
257,354
258,2
259,1
260,5
261,312
262,2
263,NA
264,1
265,16
266,1
267,NA
268,5
269,374
270,103
271,1
272,3
273,10
274,5
275,1
276,1
277,2
278,1
279,1
280,63
281,12
282,8
283,1
284,5
285,4
286,1
287,143
288,2
289,2
290,1
291,131
292,3
293,348
294,1
295,3
296,1
297,2
298,1
299,1
300,1
301,NA
302,3
303,5
304,1
305,4
306,9
307,3
308,4
309,190
310,1
311,NA
312,2
313,12
314,5
315,187
316,17
317,2
318,1
319,3
320,2
321,4
322,4
323,13
324,1
325,10
326,25
327,139
328,2
329,6
330,1
331,1
332,3
333,6
334,6
335,1
336,3
337,16
338,12
339,7
340,2
341,192
342,3
343,NA
344,1
345,8
346,1
347,59
348,4
349,26
350,14
351,5
352,35
353,6
354,1
355,1
356,1
357,2
358,5
359,3
360,2
361,4
362,28
363,5
364,1
365,968
366,208
367,NA
368,2
369,2
370,3
371,1
372,6
373,102
374,9
375,1
376,3
377,2
378,4
379,23
380,1
381,NA
382,2
383,NA
384,1
385,2
386,4
387,NA
388,1
389,178
390,1
391,1
392,27
393,2
394,2
395,3
396,3
397,4
398,NA
399,5
400,3
401,4
402,31
403,57
404,1
405,8
406,1
407,3
408,1
409,NA
410,5
411,1
412,2
413,NA
414,1
415,3
416,417
417,116
418,1
419,3
420,3
421,120
422,2
423,1
424,1
425,NA
426,347
427,195
428,1
429,50
430,14
431,1
432,411
433,6
434,2
435,19
436,1
437,40
438,20
439,911
440,1
441,4
442,4
443,1
444,2
445,14
446,20
447,NA
448,1
449,2
450,15
451,597
452,NA
453,2
454,1
455,1
456,4
457,2
458,686
459,1
460,2
461,44
462,12
463,1
464,3
465,NA
466,1
467,7
468,10
469,NA
470,20
471,37
472,12
473,2
474,NA
475,725
476,11
477,2
478,6
479,1
480,1
481,76
482,2
483,1
484,1
485,8
486,1
487,NA
488,2
489,30
490,3
491,3
492,20
493,32
494,1
495,NA
496,1
497,2
498,1
499,1
500,2
501,8
502,4
503,5
504,5
505,4
506,305
507,3
508,18
509,74
510,16
511,285
512,98
513,6
514,10
515,3
516,5
517,12
518,1
519,1
520,1
521,4
522,7
523,1
524,1
525,NA
526,7
527,NA
528,1
529,NA
530,5
531,1
532,14
533,4
534,1
535,7
536,1
537,2
538,12
539,1
540,1
541,8
542,10
543,NA
544,2
545,10
546,3
547,131
548,33
549,6
550,2
551,611
552,10
553,2
554,2
555,53
556,7
557,20
558,1
559,3
560,5
561,8
562,48
563,133
564,5
565,98
566,4
567,23
568,30
569,NA
570,2
571,7
572,2
573,2
574,7
575,1
576,12
577,4
578,1
579,1
580,7
581,4
582,NA
583,1
584,314
585,2
586,496
587,3
588,4
589,2
590,1
591,1
592,2
593,14
594,3
595,1
596,39
597,8
598,4
599,7
600,6
601,NA
602,39
603,5
604,2
605,8
606,1
607,11
608,1
609,18
610,1
611,95
612,4
613,6
614,6
615,327
616,1
617,8
618,1
619,7
620,4
621,16
622,2
623,1
624,3
625,22
626,1
627,915
628,1
629,NA
630,5
631,111
632,8
633,12
634,7
635,1
636,8
637,4
638,29
639,1
640,1
641,84
642,6
643,57
644,3
645,NA
646,3
647,NA
648,4
649,NA
650,1
651,91
652,8
653,12
654,1
655,1
656,1
657,NA
658,4
659,NA
660,78
661,76
662,3
663,1
664,5
665,2
666,8
667,11
668,1
669,2
670,1
671,1
672,2
673,NA
674,1
675,1
676,1
677,8
678,1
679,1
680,2
681,NA
682,2
683,9
684,1
685,2
686,3
687,3
688,2
689,10
690,1
691,NA
692,24
693,20
694,13
695,73
696,15
697,2
698,2
699,21
700,5
701,NA
702,2
703,1
704,1
705,42
706,1
707,NA
708,1
709,10
710,189
711,5
712,7
713,6
714,1
715,1
716,28
717,10
718,2
719,3
720,1
721,12
722,16
723,5
724,9
725,6
726,1
727,NA
728,1
729,2
730,2
731,1
732,3
733,NA
734,2
735,19
736,5
737,6
738,4
739,469
740,1
741,4
742,42
743,1
744,3
745,6
746,3
747,3
748,48
749,6
750,2
751,7
752,4
753,2
754,35
755,1
756,1
757,2
758,1
759,1
760,2
761,924
762,2
763,NA
764,1
765,8
766,1
767,35
768,80
769,2
770,4
771,7
772,2
773,2
774,1
775,3
776,11
777,4
778,1
779,7
780,2
781,NA
782,184
783,1
784,47
785,4
786,1
787,19
788,1
789,82
790,NA
791,1
792,23
793,6
794,1
795,9
796,3
797,NA
798,1
799,105
800,2
801,56
802,4
803,377
804,9
805,2
806,169
807,NA
808,5
809,NA
810,1
811,21
812,36
813,2
814,7
815,9
816,3
817,6
818,NA
819,NA
820,2
821,268
822,2
823,5
824,1
825,2
826,41
827,15
828,2
829,22
830,3
831,1
832,30
833,24
834,14
835,555
836,151
837,NA
838,1
839,5
840,1
841,8
842,3
843,137
844,5
845,4
846,1
847,NA
848,1
849,NA
850,1
851,1
852,3
853,38
854,41
855,1
856,3
857,104
858,1
859,1
860,2
861,4
862,8
863,1
864,39
865,320
866,4
867,443
868,1
869,2
870,1
871,3
872,4
873,26
874,2
875,1
876,1
877,2
878,14
879,1
880,8
881,72
882,3
883,9
884,1
885,2
886,12
887,NA
888,1
889,10
890,34
891,3
892,20
893,10
894,1
895,NA
896,3
897,8
898,6
899,1
900,13
901,NA
902,2
903,NA
904,1
905,2
906,3
907,NA
908,2
909,NA
910,1
911,23
912,8
913,134
914,1
915,15
916,1
917,122
918,2
919,101
920,4
921,600
922,3
923,1
924,2
925,NA
926,15
927,NA
928,2
929,6
930,20
931,1
932,3
933,4
934,1
935,11
936,1
937,82
938,1
939,1
940,2
941,NA
942,14
943,21
944,2
945,12
946,11
947,427
948,1
949,2
950,16
951,1
952,8
953,24
954,NA
955,367
956,1
957,2
958,2
959,7
960,1
961,400
962,3
963,1
964,5
965,46
966,5
967,443
968,62
969,2
970,1
971,35
972,36
973,2
974,1
975,3
976,1
977,42
978,6
979,45
980,1
981,68
982,6
983,1
984,2
985,6
986,76
987,3
988,32
989,2
990,1
991,1
992,3
993,2
994,2
995,1
996,1
997,8
998,1
999,5
1000,1
1001,32
1002,18
1003,1
1004,22
1005,2
1006,1
1007,19
1008,8
1009,6
1010,2
1011,NA
1012,2
1013,2
1014,1
1015,1
1016,183
1017,8
1018,1
1019,1
1020,2
1021,NA
1022,2
1023,NA
1024,19
1025,22
1026,1
1027,499
1028,1
1029,150
1030,1
1031,19
1032,2
1033,4
1034,1
1035,3
1036,12
1037,6
1038,5
1039,3
1040,1
1041,16
1042,2
1043,NA
1044,1
1045,2
1046,1
1047,103
1048,1
1049,26
1050,1
1051,1
1052,10
1053,2
1054,7
1055,11
1056,79
1057,126
1058,1
1059,1
1060,29
1061,376
1062,38
1063,1
1064,3
1065,68
1066,5
1067,7
1068,1
1069,2
1070,51
1071,3
1072,2
1073,2
1074,1
1075,NA
1076,5
1077,642
1078,5
1079,NA
1080,221
1081,4
1082,30
1083,1
1084,5
1085,4
1086,4
1087,79
1088,16
1089,18
1090,7
1091,1
1092,239
1093,6
1094,2
1095,33
1096,31
1097,2
1098,5
1099,7
1100,1
1101,4
1102,42
1103,NA
1104,2
1105,2
1106,1
1107,3
1108,1
1109,NA
1110,2
1111,1
1112,18
1113,24
1114,2
1115,1
1116,11
1117,16
1118,54
1119,1
1120,2
1121,NA
1122,51
1123,NA
1124,2
1125,8
1126,3
1127,3
1128,1
1129,14
1130,1
1131,33
1132,2
1133,20
1134,6
1135,1
1136,1
1137,4
1138,134
1139,1
1140,3
1141,460
1142,6
1143,185
1144,1
1145,2
1146,1
1147,NA
1148,5
1149,2
1150,1
1151,5
1152,3
1153,2
1154,3
1155,689
1156,3
1157,18
1158,12
1159,1
1160,1
1161,NA
1162,86
1163,61
1164,2
1165,NA
1166,3
1167,NA
1168,1
1169,NA
1170,2
1171,25
1172,3
1173,NA
1174,1
1175,15
1176,28
1177,2
1178,2
1179,5
1180,1
1181,12
1182,3
1183,105
1184,1
1185,6
1186,7
1187,751
1188,6
1189,2
1190,1
1191,1
1192,8
1193,NA
1194,5
1195,1
1196,1
1197,4
1198,1
1199,NA
1200,7
1201,NA
1202,6
1203,13
1204,1
1205,96
1206,5
1207,39
1208,2
1209,62
1210,186
1211,1
1212,54
1213,2
1214,5
1215,1
1216,3
1217,6
1218,4
1219,3
1220,1
1221,8
1222,23
1223,1
1224,2
1225,2
1226,12
1227,23
1228,17
1229,NA
1230,2
1231,11
1232,NA
1233,12
1234,1
1235,1
1236,8
1237,NA
1238,1
1239,NA
1240,5
1241,32
1242,16
1243,NA
1244,NA
1245,40
1246,1
1247,243
1248,6
1249,2
1250,27
1251,15
1252,2
1253,78
1254,30
1255,1
1256,1
1257,12
1258,6
1259,233
1260,70
1261,NA
1262,2
1263,77
1264,6
1265,2
1266,4
1267,3
1268,2
1269,34
1270,3
1271,1
1272,3
1273,4
1274,35
1275,1
1276,1
1277,6
1278,2
1279,19
1280,1
1281,80
1282,10
1283,17
1284,33
1285,20
1286,15
1287,51
1288,4
1289,2
1290,4
1291,9
1292,3
1293,2
1294,3
1295,1
1296,12
1297,4
1298,1
1299,1
1300,90
1301,124
1302,3
1303,NA
1304,1
1305,96
1306,5
1307,3
1308,4
1309,NA
1310,1
1311,21
1312,47
1313,2
1314,7
1315,7
1316,1
1317,2
1318,2
1319,1
1320,1
1321,8
1322,NA
1323,1
1324,2
1325,44
1326,5
1327,11
1328,12
1329,NA
1330,33
1331,1
1332,2
1333,30
1334,1
1335,3
1336,1
1337,10
1338,4
1339,1
1340,54
1341,16
1342,7
1343,NA
1344,1
1345,6
1346,5
1347,171
1348,6
1349,34
1350,2
1351,NA
1352,2
1353,82
1354,11
1355,7
1356,1
1357,NA
1358,1
1359,1
1360,1
1361,16
1362,NA
1363,29
1364,7
1365,20
1366,1
1367,435
1368,2
1369,18
1370,2
1371,1
1372,2
1373,878
1374,14
1375,1
1376,1
1377,2
1378,5
1379,NA
1380,1
1381,NA
1382,26
1383,NA
1384,2
1385,48
1386,1
1387,827
1388,25
1389,2
1390,1
1391,1
1392,2
1393,4
1394,3
1395,39
1396,7
1397,102
1398,2
1399,3
1400,4
1401,16
1402,6
1403,NA
1404,3
1405,4
1406,4
1407,3
1408,1
1409,2
1410,2
1411,1
1412,34
1413,2
1414,1
1415,49
1416,1
1417,NA
1418,1
1419,1
1420,1
1421,24
1422,6
1423,NA
1424,5
1425,NA
1426,3
1427,NA
1428,17
1429,2
1430,2
1431,NA
1432,2
1433,2
1434,1
1435,17
1436,17
1437,4
1438,1
1439,NA
1440,3
1441,NA
1442,23
1443,1
1444,1
1445,4
1446,13
1447,3
1448,6
1449,2
1450,5
1451,1
1452,14
1453,352
1454,1
1455,5
1456,1
1457,4
1458,1
1459,1
1460,11
1461,NA
1462,2
1463,NA
1464,7
1465,2
1466,NA
1467,3
1468,1
1469,6
1470,5
1471,9
1472,NA
1473,144
1474,2
1475,29
1476,3
1477,12
1478,4
1479,3
1480,2
1481,16
1482,3
1483,NA
1484,2
1485,4
1486,8
1487,NA
1488,5
1489,22
1490,1
1491,5
1492,6
1493,16
1494,NA
1495,1
1496,1
1497,2
1498,12
1499,1
1500,2
1501,92
1502,98
1503,1
1504,29
1505,58
1506,4
1507,7
1508,1
1509,774
1510,4
1511,1
1512,6
1513,20
1514,3
1515,NA
1516,7
1517,2
1518,1
1519,1
1520,40
1521,16
1522,2
1523,1
1524,1
1525,6
1526,1
1527,19
1528,1
1529,2
1530,3
1531,25
1532,7
1533,2
1534,1
1535,1
1536,21
1537,50
1538,2
1539,3
1540,1
1541,12
1542,3
1543,NA
1544,NA
1545,8
1546,27
1547,NA
1548,1
1549,NA
1550,1
1551,5
1552,2
1553,NA
1554,1
1555,261
1556,33
1557,NA
1558,8
1559,1
1560,4
1561,36
1562,3
1563,1
1564,5
1565,NA
1566,5
1567,3
1568,233
1569,98
1570,3
1571,13
1572,278
1573,2
1574,NA
1575,13
1576,1
1577,20
1578,1
1579,1
1580,3
1581,NA
1582,459
1583,NA
1584,6
1585,2
1586,1
1587,11
1588,24
1589,10
1590,5
1591,5
1592,4
1593,98
1594,3
1595,3
1596,1
1597,2
1598,2
1599,1
1600,2
1601,12
1602,488
1603,NA
1604,2
1605,4
1606,4
1607,NA
1608,5
1609,10
1610,2
1611,1
1612,2
1613,48
1614,1
1615,NA
1616,3
1617,2
1618,1
1619,1
1620,5
1621,NA
1622,3
1623,1
1624,1
1625,22
1626,4
1627,3
1628,1
1629,830
1630,1
1631,47
1632,6
1633,24
1634,2
1635,141
1636,5
1637,2
1638,42
1639,5
1640,1
1641,NA
1642,6
1643,13
1644,13
1645,190
1646,1
1647,47
1648,70
1649,NA
1650,2
1651,21
1652,12
1653,98
1654,2
1655,1
1656,20
1657,6
1658,2
1659,5
1660,3
1661,88
1662,4
1663,1
1664,35
1665,4
1666,1
1667,327
1668,13
1669,2
1670,3
1671,1
1672,3
1673,4
1674,9
1675,1
1676,1
1677,2
1678,28
1679,1
1680,1
1681,32
1682,22
1683,1
1684,2
1685,2
1686,NA
1687,319
1688,62
1689,2
1690,1
1691,NA
1692,2
1693,2
1694,1
1695,201
1696,1
1697,16
1698,4
1699,3
1700,16
1701,856
1702,2
1703,5
1704,5
1705,6
1706,1
1707,71
1708,1
1709,6
1710,12
1711,1
1712,3
1713,12
1714,2
1715,441
1716,1
1717,4
1718,33
1719,NA
1720,3
1721,4
1722,15
1723,NA
1724,6
1725,2
1726,12
1727,19
1728,26
1729,14
1730,1
1731,1
1732,3
1733,162
1734,5
1735,1
1736,7
1737,18
1738,24
1739,1
1740,2
1741,NA
1742,NA
1743,1
1744,1
1745,26
1746,17
1747,NA
1748,1
1749,6
1750,9
1751,47
1752,18
1753,NA
1754,NA
1755,1
1756,1
1757,4
1758,37
1759,1
1760,1
1761,72
1762,2
1763,1
1764,3
1765,NA
1766,1
1767,67
1768,2
1769,6
1770,13
1771,1
1772,3
1773,2
1774,1
1775,1
1776,144
1777,6
1778,1
1779,1
1780,5
1781,776
1782,2
1783,NA
1784,1
1785,NA
1786,1
1787,3
1788,2
1789,90
1790,6
1791,73
1792,4
1793,NA
1794,2
1795,1
1796,1
1797,6
1798,1
1799,9
1800,1
1801,NA
1802,15
1803,29
1804,3
1805,4
1806,4
1807,279
1808,NA
1809,2
1810,8
1811,1
1812,3
1813,8
1814,3
1815,NA
1816,8
1817,10
1818,2
1819,3
1820,1
1821,388
1822,4
1823,73
1824,2
1825,308
1826,3
1827,NA
1828,2
1829,634
1830,1
1831,1
1832,411
1833,14
1834,1
1835,17
1836,1
1837,344
1838,10
1839,5
1840,4
1841,NA
1842,15
1843,13
1844,1
1845,2
1846,3
1847,43
1848,2
1849,NA
1850,1
1851,1
1852,3
1853,86
1854,1
1855,237
1856,1
1857,50
1858,1
1859,845
1860,2
1861,NA
1862,4
1863,5
1864,1
1865,50
1866,1
1867,11
1868,4
1869,22
1870,2
1871,3
1872,3
1873,10
1874,1
1875,NA
1876,7
1877,4
1878,562
1879,49
1880,5
1881,628
1882,3
1883,1
1884,22
1885,2
1886,1
1887,NA
1888,6
1889,2
1890,3
1891,1
1892,4
1893,10
1894,3
1895,1
1896,133
1897,2
1898,1
1899,1
1900,24
1901,8
1902,19
1903,109
1904,1
1905,174
1906,27
1907,11
1908,21
1909,6
1910,1
1911,1
1912,8
1913,2
1914,37
1915,3
1916,11
1917,NA
1918,1
1919,27
1920,5
1921,NA
1922,6
1923,85
1924,17
1925,880
1926,1
1927,19
1928,1
1929,34
1930,4
1931,1
1932,4
1933,2
1934,6
1935,5
1936,3
1937,122
1938,2
1939,1
1940,2
1941,56
1942,2
1943,1
1944,1
1945,2
1946,4
1947,43
1948,4
1949,10
1950,1
1951,119
1952,7
1953,8
1954,NA
1955,1
1956,39
1957,4
1958,1
1959,3
1960,5
1961,NA
1962,2
1963,25
1964,2
1965,28
1966,3
1967,3
1968,12
1969,14
1970,1
1971,15
1972,347
1973,82
1974,11
1975,15
1976,8
1977,4
1978,2
1979,1
1980,1
1981,NA
1982,4
1983,1
1984,1
1985,52
1986,1
1987,NA
1988,2
1989,94
1990,1
1991,29
1992,2
1993,2
1994,2
1995,1
1996,1
1997,NA
1998,66
1999,9
2000,3
2001,NA
2002,118
2003,1
2004,30
2005,6
2006,1
2007,43
2008,5
2009,26
2010,3
2011,167
2012,3
2013,348
2014,7
2015,179
2016,1
2017,654
2018,1
2019,9
2020,1
2021,4
2022,NA
2023,1
2024,10
2025,40
2026,3
2027,NA
2028,2
2029,2
2030,11
2031,1
2032,3
2033,16
2034,1
2035,1
2036,107
2037,72
2038,1
2039,1
2040,11
2041,NA
2042,20
2043,9
2044,10
2045,2
2046,43
2047,3
2048,4
2049,6
2050,9
2051,7
2052,66
2053,446
2054,2
2055,NA
2056,3
2057,4
2058,57
2059,13
2060,22
2061,4
2062,34
2063,45
2064,1
2065,2
2066,9
2067,35
2068,2
2069,2
2070,12
2071,1
2072,2
2073,4
2074,1
2075,3
2076,3
2077,24
2078,2
2079,285
2080,2
2081,12
2082,32
2083,NA
2084,1
2085,16
2086,4
2087,123
2088,2
2089,NA
2090,11
2091,11
2092,23
2093,2
2094,2
2095,1
2096,3
2097,24
2098,1
2099,7
2100,1
2101,16
2102,2
2103,1
2104,35
2105,2
2106,3
2107,127
2108,4
2109,NA
2110,3
2111,1
2112,50
2113,42
2114,10
2115,5
2116,1
2117,16
2118,13
2119,41
2120,1
2121,8
2122,2
2123,NA
2124,1
2125,4
2126,1
2127,415
2128,2
2129,10
2130,3
2131,1
2132,400
2133,2
2134,86
2135,1
2136,1
2137,2
2138,9
2139,17
2140,439
2141,28
2142,127
2143,257
2144,5
2145,10
2146,52
2147,NA
2148,1
2149,2
2150,2
2151,155
2152,NA
2153,12
2154,6
2155,5
2156,NA
2157,4
2158,10
2159,1
2160,2
2161,12
2162,38
2163,985
2164,1
2165,2
2166,1
2167,NA
2168,1
2169,574
2170,1
2171,1
2172,16
2173,2
2174,1
2175,1
2176,3
2177,NA
2178,2
2179,3
2180,2
2181,NA
2182,12
2183,5
2184,2
2185,38
2186,11
2187,115
2188,2
2189,NA
2190,1
2191,43
2192,2
2193,10
2194,1
2195,3
2196,7
2197,2
2198,5
2199,7
2200,24
2201,92
2202,2
2203,1
2204,291
2205,22
2206,32
2207,15
2208,4
2209,10
2210,1
2211,NA
2212,2
2213,4
2214,401
2215,123
2216,1
2217,2
2218,1
2219,5
2220,33
2221,4
2222,7
2223,1
2224,2
2225,4
2226,1
2227,11
2228,9
2229,NA
2230,1
2231,3
2232,2
2233,40
2234,1
2235,NA
2236,69
2237,26
2238,1
2239,13
2240,5
2241,NA
2242,6
2243,53
2244,1
2245,32
2246,661
2247,7
2248,1
2249,42
2250,26
2251,1
2252,4
2253,6
2254,3
2255,3
2256,1
2257,8
2258,2
2259,3
2260,4
2261,NA
2262,8
2263,NA
2264,2
2265,NA
2266,1
2267,947
2268,4
2269,202
2270,1
2271,11
2272,6
2273,10
2274,1
2275,377
2276,1
2277,2
2278,9
2279,1
2280,2
2281,4
2282,3
2283,409
2284,11
2285,NA
2286,255
2287,NA
2288,4
2289,2
2290,5
2291,55
2292,20
2293,6
2294,1
2295,27
2296,5
2297,398
2298,9
2299,1
2300,1
2301,12
2302,2
2303,1
2304,2
2305,2
2306,208
2307,67
2308,4
2309,106
2310,90
2311,1
2312,14
2313,2
2314,15
2315,7
2316,1
2317,4
2318,1
2319,25
2320,1
2321,4
2322,3
2323,29
2324,22
2325,366
2326,3
2327,3
2328,4
2329,34
2330,NA
2331,107
2332,3
2333,4
2334,3
2335,NA
2336,NA
2337,4
2338,2
2339,3
2340,2
2341,NA
2342,3
2343,1
2344,3
2345,382
2346,37
2347,3
2348,2
2349,22
2350,1
2351,1
2352,2
2353,2
2354,38
2355,1
2356,1
2357,408
2358,4
2359,7
2360,1
2361,76
2362,6
2363,129
2364,1
2365,16
2366,27
2367,179
2368,5
2369,2
2370,2
2371,1
2372,3
2373,2
2374,2
2375,NA
2376,1
2377,2
2378,1
2379,47
2380,1
2381,696
2382,3
2383,9
2384,1
2385,4
2386,13
2387,11
2388,4
2389,10
2390,2
2391,5
2392,2
2393,6
2394,1
2395,1
2396,15
2397,166
2398,13
2399,39
2400,1
2401,NA
2402,10
2403,NA
2404,23
2405,8
2406,1
2407,15
2408,1
2409,NA
2410,3
2411,1
2412,4
2413,116
2414,2
2415,1
2416,61
2417,2
2418,4
2419,1
2420,2
2421,4
2422,12
2423,1
2424,10
2425,2
2426,1
2427,39
2428,10
2429,NA
2430,4
2431,1
2432,2
2433,2
2434,6
2435,21
2436,7
2437,2
2438,1
2439,1
2440,4
2441,NA
2442,3
2443,289
2444,5
2445,2
2446,1
2447,3
2448,8
2449,174
2450,12
2451,3
2452,3
2453,128
2454,1
2455,1
2456,1
2457,12
2458,2
2459,9
2460,6
2461,NA
2462,2
2463,1
2464,1
2465,12
2466,3
2467,547
2468,1
2469,298
2470,116
2471,113
2472,2
2473,18
2474,129
2475,1
2476,1
2477,4
2478,1
2479,975
2480,1
2481,372
2482,4
2483,1
2484,2
2485,4
2486,4
2487,51
2488,1
2489,2
2490,2
2491,53
2492,6
2493,6
2494,2
2495,253
2496,43
2497,2
2498,1
2499,169
2500,2
2501,212
2502,22
2503,1
2504,6
2505,6
2506,4
2507,7
2508,2
2509,2
2510,1
2511,87
2512,3
2513,2
2514,1
2515,3
2516,3
2517,14
2518,12
2519,1
2520,1
2521,NA
2522,15
2523,NA
2524,101
2525,8
2526,60
2527,655
2528,5
2529,6
2530,1
2531,NA
2532,58
2533,4
2534,1
2535,11
2536,1
2537,NA
2538,1
2539,3
2540,1
2541,28
2542,3
2543,117
2544,18
2545,10
2546,12
2547,431
2548,1
2549,6
2550,73
2551,NA
2552,2
2553,2
2554,1
2555,5
2556,19
2557,2
2558,1
2559,3
2560,9
2561,44
2562,2
2563,1
2564,2
2565,8
2566,1
2567,3
2568,1
2569,10
2570,3
2571,1
2572,6
2573,58
2574,3
2575,23
2576,8
2577,2
2578,1
2579,5
2580,1
2581,44
2582,12
2583,57
2584,6
2585,2
2586,8
2587,11
2588,2
2589,22
2590,1
2591,11
2592,56
2593,26
2594,3
2595,7
2596,16
2597,24
2598,1
2599,1
2600,4
2601,48
2602,7
2603,NA
2604,5
2605,2
2606,1
2607,NA
2608,1
2609,534
2610,1
2611,1
2612,14
2613,6
2614,38
2615,1
2616,4
2617,548
2618,1
2619,7
2620,120
2621,4
2622,4
2623,1
2624,245
2625,NA
2626,1
2627,NA
2628,1
2629,6
2630,1
2631,19
2632,10
2633,20
2634,34
2635,3
2636,NA
2637,2
2638,2
2639,17
2640,1
2641,4
2642,10
2643,869
2644,2
2645,2
2646,3
2647,47
2648,636
2649,NA
2650,1
2651,1
2652,24
2653,58
2654,6
2655,13
2656,1
2657,NA
2658,4
2659,1
2660,2
2661,NA
2662,3
2663,41
2664,3
2665,44
2666,59
2667,3
2668,2
2669,6
2670,1
2671,5
2672,35
2673,4
2674,6
2675,17
2676,9
2677,4
2678,25
2679,5
2680,1
2681,4
2682,3
2683,1
2684,1
2685,2
2686,1
2687,NA
2688,18
2689,206
2690,5
2691,7
2692,12
2693,2
2694,9
2695,13
2696,8
2697,8
2698,1
2699,515
2700,2
2701,NA
2702,4
2703,1
2704,2
2705,14
2706,19
2707,19
2708,78
2709,2
2710,1
2711,1
2712,2
2713,184
2714,3
2715,5
2716,3
2717,2
2718,4
2719,1
2720,4
2721,NA
2722,11
2723,1
2724,34
2725,2
2726,35
2727,3
2728,2
2729,NA
2730,1
2731,5
2732,3
2733,12
2734,3
2735,9
2736,1
2737,2
2738,2
2739,3
2740,1
2741,NA
2742,8
2743,205
2744,NA
2745,60
2746,4
2747,31
2748,13
2749,NA
2750,1
2751,43
2752,38
2753,274
2754,1
2755,1
2756,3
2757,24
2758,16
2759,3
2760,1
2761,88
2762,4
2763,37
2764,1
2765,4
2766,4
2767,23
2768,14
2769,334
2770,4
2771,3
2772,2
2773,8
2774,13
2775,1
2776,23
2777,2
2778,NA
2779,1
2780,1
2781,4
2782,3
2783,1
2784,3
2785,18
2786,19
2787,11
2788,8
2789,10
2790,3
2791,3
2792,3
2793,2
2794,1
2795,9
2796,1
2797,140
2798,6
2799,1
2800,3
2801,NA
2802,7
2803,NA
2804,2
2805,4
2806,1
2807,43
2808,12
2809,NA
2810,2
2811,13
2812,6
2813,2
2814,3
2815,1
2816,27
2817,6
2818,5
2819,1
2820,2
2821,108
2822,12
2823,1
2824,46
2825,6
2826,1
2827,319
2828,6
2829,30
2830,2
2831,3
2832,2
2833,2
2834,13
2835,1
2836,63
2837,982
2838,12
2839,159
2840,3
2841,24
2842,2
2843,21
2844,6
2845,18
2846,13
2847,NA
2848,4
2849,2
2850,9
2851,1
2852,51
2853,2
2854,1
2855,15
2856,15
2857,10
2858,2
2859,3
2860,9
2861,NA
2862,2
2863,NA
2864,2
2865,100
2866,11
2867,NA
2868,2
2869,NA
2870,1
2871,1
2872,2
2873,28
2874,6
2875,11
2876,1
2877,2
2878,1
2879,17
2880,10
2881,16
2882,14
2883,1
2884,1
2885,2
2886,5
2887,NA
2888,52
2889,26
2890,1
2891,137
2892,6
2893,26
2894,NA
2895,39
2896,19
2897,4
2898,1
2899,1
2900,421
2901,52
2902,3
2903,33
2904,2
2905,38
2906,3
2907,NA
2908,NA
2909,NA
2910,2
2911,1
2912,4
2913,6
2914,7
2915,NA
2916,3
2917,10
2918,2
2919,559
2920,4
2921,NA
2922,16
2923,9
2924,45
2925,2
2926,12
2927,39
2928,1
2929,NA
2930,2
2931,1
2932,55
2933,30
2934,11
2935,7
2936,1
2937,428
2938,1
2939,1
2940,17
2941,4
2942,8
2943,5
2944,41
2945,26
2946,7
2947,87
2948,1
2949,NA
2950,5
2951,165
2952,24
2953,6
2954,1
2955,17
2956,1
2957,4
2958,1
2959,1
2960,2
2961,NA
2962,2
2963,NA
2964,2
2965,28
2966,9
2967,315
2968,12
2969,82
2970,14
2971,3
2972,7
2973,2
2974,5
2975,1
2976,7
2977,NA
2978,1
2979,385
2980,2
2981,NA
2982,2
2983,1
2984,1
2985,10
2986,5
2987,NA
2988,NA
2989,250
2990,4
2991,1
2992,2
2993,NA
2994,50
2995,7
2996,25
2997,8
2998,245
2999,323
3000,1
3001,NA
3002,3
3003,97
3004,1
3005,NA
3006,4
3007,3
3008,4
3009,190
3010,1
3011,3
3012,4
3013,306
3014,5
3015,1
3016,3
3017,36
3018,2
3019,1
3020,3
3021,4
3022,35
3023,37
3024,1
3025,6
3026,117
3027,43
3028,10
3029,6
3030,1
3031,17
3032,7
3033,2
3034,39
3035,3
3036,1
3037,2
3038,8
3039,1
3040,2
3041,NA
3042,12
3043,5
3044,19
3045,NA
3046,97
3047,3
3048,322
3049,10
3050,4
3051,149
3052,3
3053,6
3054,3
3055,1
3056,4
3057,6
3058,2
3059,3
3060,1
3061,NA
3062,3
3063,337
3064,5
3065,4
3066,3
3067,135
3068,656
3069,NA
3070,1
3071,1
3072,60
3073,8
3074,2
3075,3
3076,1
3077,2
3078,177
3079,11
3080,2
3081,624
3082,2
3083,1
3084,9
3085,530
3086,1
3087,3
3088,1
3089,NA
3090,28
3091,1
3092,2
3093,NA
3094,2
3095,NA
3096,13
3097,38
3098,1
3099,NA
3100,3
3101,4
3102,14
3103,29
3104,1
3105,2
3106,23
3107,NA
3108,1
3109,86
3110,4
3111,29
3112,2
3113,6
3114,3
3115,1
3116,29
3117,6
3118,12
3119,45
3120,6
3121,NA
3122,3
3123,669
3124,15
3125,14
3126,64
3127,15
3128,1
3129,NA
3130,730
3131,1
3132,2
3133,NA
3134,2
3135,1
3136,1
3137,174
3138,5
3139,55
3140,4
3141,NA
3142,24
3143,NA
3144,2
3145,202
3146,7
3147,71
3148,2
3149,2
3150,1
3151,5
3152,2
3153,4
3154,1
3155,5
3156,1
3157,2
3158,1
3159,1
3160,1
3161,20
3162,20
3163,13
3164,14
3165,2
3166,5
3167,7
3168,5
3169,NA
3170,4
3171,1
3172,6
3173,8
3174,3
3175,3
3176,17
3177,2
3178,1
3179,1
3180,1
3181,NA
3182,27
3183,1
3184,10
3185,2
3186,16
3187,7
3188,4
3189,218
3190,14
3191,1
3192,4
3193,8
3194,3
3195,7
3196,1
3197,8
3198,6
3199,NA
3200,1
3201,80
3202,192
3203,5
3204,10
3205,4
3206,1
3207,39
3208,5
3209,NA
3210,25
3211,7
3212,2
3213,4
3214,682
3215,39
3216,1
3217,474
3218,2
3219,1
3220,3
3221,NA
3222,42
3223,81
3224,1
3225,2
3226,4
3227,3
3228,2
3229,2
3230,5
3231,3
3232,2
3233,2
3234,57
3235,1
3236,1
3237,114
3238,8
3239,1
3240,6
3241,NA
3242,52
3243,NA
3244,3
3245,20
3246,233
3247,3
3248,1
3249,2
3250,2
3251,1
3252,4
3253,20
3254,3
3255,7
3256,4
3257,122
3258,2
3259,257
3260,1
3261,4
3262,39
3263,1
3264,7
3265,2
3266,4
3267,3
3268,2
3269,2
3270,2
3271,1
3272,4
3273,22
3274,1
3275,1
3276,NA
3277,12
3278,17
3279,1
3280,14
3281,4
3282,11
3283,NA
3284,21
3285,26
3286,3
3287,7
3288,1
3289,402
3290,4
3291,3
3292,2
3293,2
3294,1
3295,1
3296,35
3297,NA
3298,2
3299,1
3300,3
3301,16
3302,4
3303,NA
3304,1
3305,2
3306,8
3307,11
3308,14
3309,NA
3310,4
3311,23
3312,3
3313,NA
3314,9
3315,3
3316,1
3317,12
3318,73
3319,115
3320,5
3321,56
3322,2
3323,9
3324,10
3325,NA
3326,3
3327,NA
3328,1
3329,NA
3330,1
3331,3
3332,31
3333,6
3334,26
3335,3
3336,5
3337,2
3338,33
3339,3
3340,5
3341,764
3342,2
3343,1
3344,3
3345,NA
3346,5
3347,887
3348,1
3349,18
3350,9
3351,11
3352,3
3353,2
3354,1
3355,1
3356,4
3357,2
3358,44
3359,5
3360,2
3361,12
3362,35
3363,NA
3364,3
3365,6
3366,191
3367,3
3368,2
3369,22
3370,1
3371,1
3372,86
3373,18
3374,493
3375,25
3376,3
3377,NA
3378,1
3379,3
3380,1
3381,NA
3382,7
3383,1
3384,14
3385,4
3386,12
3387,7
3388,1
3389,2
3390,3
3391,1
3392,NA
3393,2
3394,5
3395,1
3396,15
3397,2
3398,2
3399,11
3400,1
3401,NA
3402,294
3403,1
3404,1
3405,136
3406,3
3407,NA
3408,138
3409,2
3410,1
3411,9
3412,4
3413,88
3414,2
3415,201
3416,1
3417,14
3418,1
3419,NA
3420,16
3421,NA
3422,79
3423,1
3424,1
3425,4
3426,1
3427,31
3428,166
3429,6
3430,3
3431,1
3432,2
3433,66
3434,3
3435,235
3436,11
3437,10
3438,1
3439,3
3440,3
3441,4
3442,576
3443,273
3444,1
3445,8
3446,236
3447,15
3448,10
3449,NA
3450,4
3451,5
3452,3
3453,2
3454,2
3455,NA
3456,1
3457,52
3458,1
3459,1
3460,1
3461,NA
3462,12
3463,5
3464,1
3465,4
3466,1
3467,23
3468,5
3469,6
3470,2
3471,3
3472,47
3473,26
3474,3
3475,1
3476,1
3477,2
3478,2
3479,57
3480,2
3481,24
3482,8
3483,1
3484,1
3485,10
3486,13
3487,7
3488,2
3489,NA
3490,1
3491,1
3492,3
3493,2
3494,13
3495,53
3496,3
3497,2
3498,134
3499,1
3500,33
3501,NA
3502,2
3503,341
3504,2
3505,166
3506,3
3507,83
3508,4
3509,2
3510,1
3511,37
3512,2
3513,4
3514,1
3515,5
3516,1
3517,6
3518,9
3519,47
3520,1
3521,NA
3522,4
3523,1
3524,1
3525,972
3526,NA
3527,NA
3528,1
3529,26
3530,2
3531,67
3532,48
3533,NA
3534,27
3535,1
3536,32
3537,6
3538,4
3539,9
3540,18
3541,36
3542,2
3543,NA
3544,194
3545,NA
3546,1
3547,7
3548,9
3549,NA
3550,2
3551,19
3552,4
3553,2
3554,2
3555,37
3556,320
3557,2
3558,10
3559,7
3560,1
3561,4
3562,16
3563,NA
3564,1
3565,4
3566,1
3567,27
3568,1
3569,150
3570,8
3571,3
3572,3
3573,4
3574,3
3575,9
3576,1
3577,30
3578,2
3579,1
3580,10
3581,56
3582,83
3583,1
3584,3
3585,16
3586,5
3587,3
3588,118
3589,6
3590,1
3591,3
3592,3
3593,10
3594,1
3595,13
3596,1
3597,2
3598,72
3599,15
3600,1
3601,28
3602,52
3603,NA
3604,10
3605,2
3606,7
3607,11
3608,2
3609,2
3610,2
3611,159
3612,428
3613,4
3614,1
3615,1
3616,1
3617,4
3618,29
3619,7
3620,1
3621,184
3622,2
3623,5
3624,15
3625,2
3626,39
3627,215
3628,2
3629,78
3630,1
3631,3
3632,11
3633,4
3634,3
3635,27
3636,36
3637,28
3638,4
3639,29
3640,24
3641,NA
3642,2
3643,1
3644,1
3645,12
3646,NA
3647,NA
3648,1
3649,2
3650,9
3651,1
3652,3
3653,96
3654,10
3655,7
3656,16
3657,26
3658,12
3659,9
3660,1
3661,16
3662,3
3663,17
3664,29
3665,32
3666,4
3667,11
3668,5
3669,30
3670,1
3671,35
3672,6
3673,6
3674,2
3675,3
3676,1
3677,10
3678,4
3679,1
3680,1
3681,60
3682,26
3683,13
3684,1
3685,24
3686,1
3687,3
3688,5
3689,138
3690,10
3691,69
3692,3
3693,416
3694,2
3695,1
3696,3
3697,4
3698,1
3699,17
3700,2
3701,20
3702,3
3703,NA
3704,2
3705,6
3706,1
3707,15
3708,2
3709,2
3710,1
3711,23
3712,2
3713,56
3714,825
3715,9
3716,63
3717,2
3718,64
3719,103
3720,2
3721,20
3722,578
3723,1
3724,3
3725,8
3726,1
3727,195
3728,29
3729,6
3730,3
3731,5
3732,90
3733,6
3734,1
3735,1
3736,4
3737,2
3738,10
3739,3
3740,3
3741,NA
3742,4
3743,NA
3744,1
3745,12
3746,1
3747,NA
3748,1
3749,2
3750,3
3751,19
3752,8
3753,4
3754,1
3755,1
3756,1
3757,12
3758,1
3759,35
3760,3
3761,12
3762,4
3763,NA
3764,73
3765,6
3766,3
3767,3
3768,5
3769,10
3770,3
3771,5
3772,4
3773,4
3774,1
3775,1
3776,7
3777,156
3778,10
3779,NA
3780,1
3781,4
3782,2
3783,25
3784,1
3785,2
3786,3
3787,39
3788,1
3789,22
3790,NA
3791,3
3792,6
3793,4
3794,2
3795,613
3796,1
3797,2
3798,1
3799,61
3800,2
3801,720
3802,64
3803,29
3804,13
3805,2
3806,4
3807,NA
3808,2
3809,2
3810,5
3811,NA
3812,NA
3813,446
3814,1
3815,NA
3816,63
3817,12
3818,2
3819,11
3820,4
3821,NA
3822,23
3823,NA
3824,3
3825,6
3826,5
3827,3
3828,4
3829,NA
3830,223
3831,21
3832,3
3833,2
3834,17
3835,7
3836,1
3837,80
3838,1
3839,55
3840,1
3841,4
3842,4
3843,9
3844,111
3845,42
3846,20
3847,71
3848,6
3849,6
3850,2
3851,57
3852,2
3853,2
3854,5
3855,17
3856,1
3857,28
3858,25
3859,3
3860,1
3861,4
3862,8
3863,1
3864,10
3865,2
3866,1
3867,175
3868,121
3869,34
3870,2
3871,49
3872,3
3873,4
3874,2
3875,1
3876,1
3877,38
3878,21
3879,1
3880,1
3881,36
3882,11
3883,5
3884,111
3885,2
3886,1
3887,11
3888,1
3889,6
3890,1
3891,3
3892,3
3893,4
3894,1
3895,3
3896,NA
3897,424
3898,5
3899,1
3900,1
3901,80
3902,854
3903,9
3904,213
3905,8
3906,1
3907,99
3908,2
3909,6
3910,3
3911,35
3912,83
3913,2
3914,2
3915,5
3916,4
3917,354
3918,1
3919,5
3920,1
3921,124
3922,2
3923,NA
3924,13
3925,2
3926,1
3927,11
3928,1
3929,NA
3930,5
3931,3
3932,2
3933,2
3934,3
3935,9
3936,45
3937,2
3938,5
3939,7
3940,1
3941,4
3942,3
3943,21
3944,11
3945,8
3946,3
3947,NA
3948,92
3949,70
3950,166
3951,1
3952,7
3953,4
3954,2
3955,1
3956,1
3957,14
3958,2
3959,9
3960,1
3961,112
3962,3
3963,5
3964,2
3965,2
3966,5
3967,35
3968,2
3969,2
3970,3
3971,1
3972,2
3973,2
3974,11
3975,3
3976,1
3977,946
3978,17
3979,1
3980,2
3981,NA
3982,27
3983,1
3984,1
3985,2
3986,NA
3987,NA
3988,10
3989,66
3990,1
3991,73
3992,12
3993,2
3994,22
3995,NA
3996,NA
3997,4
3998,1
3999,1
4000,11
4001,NA
4002,3
4003,1
4004,1
4005,2
4006,5
4007,NA
4008,8
4009,2
4010,1
4011,1
4012,2
4013,6
4014,3
4015,7
4016,23
4017,2
4018,1
4019,29
4020,7
4021,NA
4022,70
4023,9
4024,67
4025,36
4026,4
4027,47
4028,2
4029,NA
4030,1
4031,NA
4032,2
4033,4
4034,1
4035,335
4036,1
4037,524
4038,8
4039,NA
4040,15
4041,24
4042,7
4043,1
4044,10
4045,NA
4046,13
4047,19
4048,2
4049,2
4050,44
4051,1
4052,2
4053,162
4054,1
4055,1
4056,3
4057,6
4058,37
4059,1
4060,1
4061,8
4062,20
4063,NA
4064,2
4065,28
4066,3
4067,3
4068,2
4069,2
4070,1
4071,263
4072,3
4073,NA
4074,1
4075,1
4076,5
4077,86
4078,17
4079,NA
4080,7
4081,NA
4082,28
4083,1
4084,9
4085,6
4086,17
4087,NA
4088,1
4089,146
4090,83
4091,3
4092,3
4093,262
4094,2
4095,7
4096,1
4097,4
4098,1
4099,7
4100,6
4101,44
4102,2
4103,1
4104,70
4105,60
4106,4
4107,11
4108,1
4109,10
4110,5
4111,3
4112,NA
4113,18
4114,1
4115,143
4116,4
4117,4
4118,1
4119,1
4120,16
4121,8
4122,10
4123,5
4124,1
4125,NA
4126,13
4127,19
4128,1
4129,22
4130,5
4131,41
4132,40
4133,4
4134,65
4135,NA
4136,1
4137,2
4138,72
4139,61
4140,1
4141,80
4142,20
4143,5
4144,1
4145,2
4146,1
4147,3
4148,66
4149,2
4150,19
4151,23
4152,3
4153,70
4154,1
4155,1
4156,16
4157,NA
4158,4
4159,3
4160,7
4161,4
4162,15
4163,1
4164,NA
4165,4
4166,1
4167,NA
4168,4
4169,50
4170,53
4171,19
4172,171
4173,2
4174,2
4175,29
4176,1
4177,12
4178,6
4179,3
4180,1
4181,NA
4182,4
4183,1
4184,103
4185,NA
4186,1
4187,31
4188,1
4189,10
4190,5
4191,1
4192,2
4193,NA
4194,1
4195,3
4196,5
4197,88
4198,5
4199,1
4200,6
4201,NA
4202,2
4203,1
4204,1
4205,30
4206,100
4207,NA
4208,2
4209,418
4210,1
4211,113
4212,3
4213,2
4214,1
4215,9
4216,168
4217,2
4218,2
4219,1
4220,19
4221,200
4222,7
4223,1
4224,1
4225,6
4226,11
4227,35
4228,6
4229,NA
4230,5
4231,15
4232,2
4233,2
4234,18
4235,29
4236,3
4237,20
4238,170
4239,1
4240,1
4241,NA
4242,3
4243,1
4244,2
4245,2
4246,4
4247,NA
4248,25
4249,38
4250,1
4251,1
4252,2
4253,36
4254,3
4255,7
4256,8
4257,224
4258,2
4259,1
4260,78
4261,NA
4262,64
4263,1
4264,1
4265,10
4266,5
4267,439
4268,1
4269,6
4270,7
4271,1
4272,3
4273,20
4274,3
4275,1
4276,5
4277,2
4278,1
4279,3
4280,14
4281,NA
4282,19
4283,233
4284,2
4285,150
4286,4
4287,27
4288,2
4289,NA
4290,2
4291,13
4292,2
4293,6
4294,3
4295,1
4296,3
4297,110
4298,2
4299,9
4300,1
4301,4
4302,16
4303,117
4304,1
4305,284
4306,1
4307,3
4308,64
4309,NA
4310,2
4311,1
4312,11
4313,4
4314,53
4315,7
4316,1
4317,4
4318,1
4319,13
4320,6
4321,252
4322,2
4323,NA
4324,1
4325,22
4326,1
4327,NA
4328,4
4329,NA
4330,1
4331,1
4332,3
4333,12
4334,1
4335,481
4336,24
4337,2
4338,8
4339,NA
4340,8
4341,16
4342,3
4343,5
4344,1
4345,46
4346,1
4347,7
4348,21
4349,2
4350,2
4351,29
4352,3
4353,170
4354,117
4355,1
4356,19
4357,290
4358,1
4359,65
4360,1
4361,180
4362,6
4363,1
4364,NA
4365,942
4366,9
4367,3
4368,17
4369,118
4370,1
4371,19
4372,6
4373,NA
4374,1
4375,1
4376,56
4377,58
4378,1
4379,79
4380,1
4381,NA
4382,NA
4383,1
4384,1
4385,NA
4386,3
4387,3
4388,56
4389,6
4390,2
4391,3
4392,2
4393,2
4394,1
4395,1
4396,3
4397,6
4398,2
4399,1
4400,2
4401,12
4402,15
4403,41
4404,49
4405,6
4406,3
4407,3
4408,2
4409,18
4410,8
4411,1
4412,4
4413,4
4414,38
4415,5
4416,NA
4417,6
4418,137
4419,1
4420,65
4421,NA
4422,3
4423,1
4424,2
4425,4
4426,1
4427,71
4428,1
4429,110
4430,24
4431,9
4432,3
4433,4
4434,1
4435,1
4436,1
4437,NA
4438,13
4439,53
4440,1
4441,20
4442,16
4443,69
4444,1
4445,2
4446,1
4447,NA
4448,1
4449,6
4450,7
4451,41
4452,6
4453,4
4454,1
4455,NA
4456,11
4457,8
4458,16
4459,3
4460,5
4461,12
4462,46
4463,1
4464,2
4465,12
4466,1
4467,11
4468,48
4469,NA
4470,2
4471,1
4472,2
4473,8
4474,7
4475,55
4476,1
4477,2
4478,4
4479,5
4480,80
4481,NA
4482,10
4483,9
4484,1
4485,4
4486,4
4487,135
4488,14
4489,54
4490,4
4491,1
4492,3
4493,2
4494,6
4495,1
4496,1
4497,2
4498,141
4499,11
4500,2
4501,4
4502,35
4503,NA
4504,190
4505,42
4506,3
4507,3
4508,5
4509,34
4510,2
4511,1
4512,2
4513,4
4514,1
4515,1
4516,5
4517,NA
4518,1
4519,3
4520,4
4521,NA
4522,22
4523,1
4524,2
4525,12
4526,72
4527,NA
4528,116
4529,30
4530,5
4531,NA
4532,7
4533,4
4534,7
4535,5
4536,415
4537,24
4538,5
4539,1
4540,1
4541,288
4542,8
4543,1
4544,3
4545,14
4546,11
4547,NA
4548,8
4549,2
4550,1
4551,1
4552,4
4553,194
4554,2
4555,1
4556,3
4557,18
4558,2
4559,3
4560,9
4561,28
4562,4
4563,409
4564,1
4565,4
4566,1
4567,7
4568,1
4569,158
4570,1
4571,1
4572,4
4573,NA
4574,3
4575,3
4576,4
4577,2
4578,1
4579,1
4580,6
4581,148
4582,2
4583,1
4584,2
4585,2
4586,1
4587,NA
4588,1
4589,62
4590,1
4591,1
4592,2
4593,2
4594,3
4595,35
4596,5
4597,442
4598,4
4599,1
4600,4
4601,776
4602,2
4603,397
4604,2
4605,36
4606,1
4607,3
4608,1
4609,NA
4610,1
4611,5
4612,54
4613,6
4614,NA
4615,431
4616,4
4617,NA
4618,42
4619,1
4620,1
4621,8
4622,3
4623,5
4624,3
4625,24
4626,3
4627,7
4628,1
4629,138
4630,1
4631,9
4632,72
4633,24
4634,17
4635,3
4636,1
4637,68
4638,1
4639,3
4640,2
4641,56
4642,7
4643,NA
4644,2
4645,NA
4646,1
4647,7
4648,2
4649,378
4650,6
4651,3
4652,15
4653,8
4654,1
4655,5
4656,8
4657,26
4658,12
4659,1
4660,19
4661,260
4662,202
4663,737
4664,3
4665,6
4666,455
4667,NA
4668,1
4669,14
4670,1
4671,527
4672,3
4673,2
4674,9
4675,1
4676,3
4677,NA
4678,1
4679,1
4680,4
4681,40
4682,6
4683,1
4684,NA
4685,66
4686,1
4687,71
4688,8
4689,2
4690,4
4691,3
4692,8
4693,6
4694,42
4695,393
4696,1
4697,326
4698,10
4699,NA
4700,1
4701,NA
4702,2
4703,1
4704,1
4705,NA
4706,4
4707,703
4708,58
4709,2
4710,1
4711,15
4712,6
4713,2
4714,2
4715,429
4716,1
4717,2
4718,1
4719,3
4720,101
4721,20
4722,27
4723,25
4724,10
4725,2
4726,1
4727,3
4728,24
4729,6
4730,1
4731,9
4732,4
4733,4
4734,1
4735,1
4736,7
4737,46
4738,6
4739,13
4740,1
4741,28
4742,NA
4743,1
4744,1
4745,6
4746,1
4747,3
4748,10
4749,2
4750,4
4751,1
4752,2
4753,2
4754,93
4755,1
4756,1
4757,22
4758,137
4759,181
4760,1
4761,NA
4762,3
4763,9
4764,2
4765,10
4766,364
4767,3
4768,25
4769,2
4770,4
4771,1
4772,4
4773,14
4774,1
4775,927
4776,57
4777,16
4778,2
4779,43
4780,27
4781,NA
4782,4
4783,25
4784,2
4785,4
4786,1
4787,15
4788,6
4789,18
4790,1
4791,13
4792,11
4793,4
4794,10
4795,5
4796,5
4797,4
4798,24
4799,29
4800,1
4801,60
4802,2
4803,5
4804,2
4805,8
4806,5
4807,3
4808,1
4809,NA
4810,2
4811,1
4812,18
4813,2
4814,1
4815,3
4816,7
4817,174
4818,1
4819,NA
4820,1
4821,288
4822,4
4823,NA
4824,1
4825,14
4826,1
4827,67
4828,4
4829,NA
4830,56
4831,3
4832,59
4833,52
4834,3
4835,3
4836,1
4837,146
4838,2
4839,1
4840,303
4841,12
4842,2
4843,1
4844,1
4845,2
4846,3
4847,3
4848,13
4849,NA
4850,2
4851,3
4852,10
4853,14
4854,1
4855,1
4856,4
4857,10
4858,9
4859,1
4860,17
4861,116
4862,28
4863,1
4864,2
4865,20
4866,1
4867,NA
4868,426
4869,10
4870,10
4871,5
4872,3
4873,12
4874,9
4875,355
4876,1
4877,2
4878,114
4879,3
4880,3
4881,56
4882,4
4883,1
4884,2
4885,118
4886,1
4887,NA
4888,1
4889,2
4890,1
4891,NA
4892,14
4893,4
4894,2
4895,1
4896,NA
4897,110
4898,28
4899,3
4900,1
4901,356
4902,30
4903,1
4904,9
4905,6
4906,1
4907,3
4908,9
4909,NA
4910,2
4911,95
4912,6
4913,10
4914,15
4915,5
4916,1
4917,2
4918,12
4919,1
4920,245
4921,4
4922,6
4923,21
4924,6
4925,14
4926,3
4927,7
4928,26
4929,6
4930,3
4931,29
4932,43
4933,134
4934,837
4935,1
4936,35
4937,4
4938,4
4939,5
4940,1
4941,912
4942,27
4943,945
4944,73
4945,52
4946,1
4947,7
4948,2
4949,6
4950,1
4951,13
4952,2
4953,6
4954,10
4955,1
4956,3
4957,NA
4958,2
4959,13
4960,1
4961,4
4962,3
4963,85
4964,1
4965,110
4966,3
4967,23
4968,NA
4969,NA
4970,6
4971,9
4972,55
4973,2
4974,2
4975,NA
4976,3
4977,14
4978,58
4979,1
4980,4
4981,36
4982,3
4983,109
4984,3
4985,2
4986,7
4987,NA
4988,14
4989,10
4990,1
4991,453
4992,7
4993,2
4994,5
4995,NA
4996,1
4997,2
4998,1
4999,1
5000,2
5001,28
5002,3
5003,13
5004,1
5005,NA
5006,508
5007,475
5008,1
5009,NA
5010,3
5011,13
5012,6
5013,730
5014,9
5015,253
5016,NA
5017,2
5018,1
5019,95
5020,3
5021,128
5022,2
5023,NA
5024,1
5025,NA
5026,1
5027,11
5028,72
5029,2
5030,1
5031,1
5032,4
5033,8
5034,274
5035,81
5036,3
5037,4
5038,2
5039,3
5040,10
5041,NA
5042,3
5043,205
5044,1
5045,76
5046,104
5047,19
5048,1
5049,6
5050,3
5051,3
5052,227
5053,66
5054,1
5055,29
5056,1
5057,NA
5058,8
5059,1
5060,2
5061,NA
5062,3
5063,41
5064,1
5065,4
5066,27
5067,NA
5068,5
5069,NA
5070,3
5071,1
5072,3
5073,2
5074,7
5075,73
5076,1
5077,8
5078,14
5079,5
5080,3
5081,32
5082,7
5083,1
5084,1
5085,4
5086,16
5087,27
5088,1
5089,126
5090,2
5091,NA
5092,16
5093,6
5094,59
5095,1
5096,107
5097,98
5098,41
5099,75
5100,5
5101,NA
5102,4
5103,9
5104,3
5105,2
5106,67
5107,7
5108,10
5109,2
5110,1
5111,1
5112,7
5113,86
5114,1
5115,3
5116,4
5117,8
5118,64
5119,NA
5120,24
5121,32
5122,10
5123,NA
5124,2
5125,6
5126,1
5127,7
5128,1
5129,2
5130,16
5131,3
5132,3
5133,4
5134,1
5135,15
5136,8
5137,2
5138,1
5139,3
5140,26
5141,8
5142,66
5143,1
5144,29
5145,4
5146,3
5147,51
5148,1
5149,NA
5150,2
5151,1
5152,2
5153,2
5154,563
5155,1
5156,4
5157,2
5158,1
5159,1
5160,8
5161,20
5162,120
5163,1
5164,21
5165,NA
5166,31
5167,7
5168,8
5169,358
5170,6
5171,1
5172,NA
5173,2
5174,314
5175,5
5176,5
5177,4
5178,1
5179,179
5180,2
5181,12
5182,6
5183,17
5184,41
5185,4
5186,63
5187,NA
5188,4
5189,NA
5190,16
5191,1
5192,4
5193,10
5194,1
5195,1
5196,4
5197,4
5198,12
5199,21
5200,1
5201,NA
5202,4
5203,21
5204,563
5205,NA
5206,21
5207,499
5208,1
5209,22
5210,25
5211,1
5212,50
5213,2
5214,1
5215,1
5216,1
5217,26
5218,2
5219,3
5220,1
5221,16
5222,3
5223,9
5224,17
5225,2
5226,NA
5227,23
5228,2
5229,2
5230,1
5231,3
5232,3
5233,6
5234,3
5235,3
5236,1
5237,46
5238,NA
5239,5
5240,1
5241,4
5242,39
5243,1
5244,2
5245,2
5246,1
5247,NA
5248,4
5249,NA
5250,1
5251,1
5252,3
5253,6
5254,10
5255,15
5256,27
5257,2
5258,53
5259,153
5260,2
5261,72
5262,6
5263,1
5264,89
5265,20
5266,163
5267,NA
5268,2
5269,2
5270,6
5271,3
5272,48
5273,NA
5274,35
5275,1
5276,3
5277,2
5278,150
5279,5
5280,24
5281,400
5282,2
5283,NA
5284,2
5285,6
5286,1
5287,3
5288,5
5289,2
5290,1
5291,1
5292,16
5293,58
5294,1
5295,71
5296,1
5297,10
5298,6
5299,9
5300,16
5301,12
5302,2
5303,1
5304,1
5305,8
5306,3
5307,3
5308,1
5309,6
5310,1
5311,35
5312,4
5313,50
5314,1
5315,1
5316,1
5317,4
5318,37
5319,11
5320,3
5321,NA
5322,182
5323,133
5324,1
5325,10
5326,4
5327,NA
5328,136
5329,118
5330,1
5331,NA
5332,7
5333,346
5334,3
5335,1
5336,3
5337,60
5338,1
5339,5
5340,156
5341,76
5342,3
5343,NA
5344,2
5345,26
5346,1
5347,NA
5348,5
5349,126
5350,1
5351,15
5352,20
5353,6
5354,54
5355,67
5356,1
5357,2
5358,2
5359,1
5360,1
5361,24
5362,2
5363,NA
5364,1
5365,2
5366,13
5367,3
5368,NA
5369,6
5370,2
5371,1
5372,2
5373,414
5374,15
5375,1
5376,5
5377,54
5378,4
5379,NA
5380,4
5381,NA
5382,2
5383,1
5384,11
5385,6
5386,81
5387,NA
5388,4
5389,2
5390,15
5391,NA
5392,24
5393,184
5394,1
5395,5
5396,1
5397,6
5398,1
5399,NA
5400,2
5401,4
5402,4
5403,5
5404,215
5405,54
5406,1
5407,655
5408,120
5409,10
5410,3
5411,9
5412,2
5413,2
5414,9
5415,NA
5416,11
5417,396
5418,1
5419,19
5420,2
5421,24
5422,2
5423,725
5424,1
5425,582
5426,16
5427,3
5428,1
5429,NA
5430,9
5431,25
5432,3
5433,2
5434,1
5435,NA
5436,4
5437,4
5438,1
5439,11
5440,2
5441,NA
5442,2
5443,NA
5444,21
5445,8
5446,3
5447,11
5448,1
5449,10
5450,3
5451,1
5452,3
5453,166
5454,3
5455,1
5456,4
5457,NA
5458,1
5459,317
5460,1
5461,NA
5462,39
5463,217
5464,5
5465,8
5466,163
5467,11
5468,1
5469,NA
5470,180
5471,21
5472,7
5473,36
5474,6
5475,3
5476,44
5477,NA
5478,2
5479,3
5480,1
5481,8
5482,6
5483,25
5484,13
5485,NA
5486,43
5487,NA
5488,NA
5489,42
5490,2
5491,5
5492,2
5493,28
5494,21
5495,51
5496,1
5497,10
5498,2
5499,1
5500,16
5501,8
5502,2
5503,NA
5504,865
5505,2
5506,3
5507,NA
5508,2
5509,78
5510,2
5511,1
5512,2
5513,4
5514,1
5515,39
5516,12
5517,226
5518,13
5519,1
5520,13
5521,4
5522,11
5523,1
5524,1
5525,2
5526,32
5527,3
5528,2
5529,NA
5530,1
5531,NA
5532,31
5533,8
5534,NA
5535,9
5536,81
5537,2
5538,1
5539,1
5540,1
5541,964
5542,6
5543,NA
5544,5
5545,4
5546,1
5547,NA
5548,4
5549,NA
5550,1
5551,1
5552,6
5553,2
5554,3
5555,7
5556,1
5557,2
5558,1
5559,5
5560,5
5561,76
5562,6
5563,NA
5564,2
5565,2
5566,1
5567,127
5568,78
5569,2
5570,3
5571,345
5572,7
5573,50
5574,9
5575,5
5576,219
5577,NA
5578,2
5579,17
5580,15
5581,260
5582,2
5583,NA
5584,37
5585,4
5586,204
5587,3
5588,1
5589,NA
5590,15
5591,1
5592,15
5593,6
5594,1
5595,27
5596,1
5597,4
5598,2
5599,125
5600,1
5601,60
5602,22
5603,9
5604,1
5605,2
5606,NA
5607,7
5608,4
5609,NA
5610,3
5611,1
5612,3
5613,16
5614,13
5615,NA
5616,1
5617,4
5618,NA
5619,NA
5620,1
5621,68
5622,NA
5623,NA
5624,82
5625,552
5626,1
5627,NA
5628,50
5629,246
5630,2
5631,1
5632,4
5633,14
5634,1
5635,1
5636,1
5637,244
5638,NA
5639,1
5640,3
5641,8
5642,2
5643,1
5644,1
5645,22
5646,108
5647,3
5648,1
5649,6
5650,1
5651,933
5652,7
5653,16
5654,963
5655,17
5656,248
5657,6
5658,202
5659,3
5660,53
5661,4
5662,95
5663,5
5664,3
5665,NA
5666,4
5667,3
5668,NA
5669,34
5670,1
5671,133
5672,156
5673,2
5674,NA
5675,1
5676,8
5677,10
5678,NA
5679,15
5680,2
5681,4
5682,7
5683,157
5684,1
5685,2
5686,1
5687,NA
5688,1
5689,2
5690,5
5691,13
5692,12
5693,2
5694,5
5695,73
5696,29
5697,NA
5698,17
5699,13
5700,1
5701,NA
5702,2
5703,93
5704,9
5705,4
5706,5
5707,NA
5708,1
5709,2
5710,4
5711,7
5712,522
5713,NA
5714,2
5715,1
5716,47
5717,6
5718,2
5719,1
5720,1
5721,NA
5722,3
5723,NA
5724,2
5725,8
5726,39
5727,3
5728,89
5729,14
5730,1
5731,191
5732,3
5733,2
5734,38
5735,NA
5736,3
5737,906
5738,5
5739,15
5740,3
5741,12
5742,22
5743,233
5744,50
5745,692
5746,173
5747,NA
5748,48
5749,54
5750,2
5751,3
5752,11
5753,2
5754,2
5755,131
5756,1
5757,46
5758,1
5759,25
5760,14
5761,NA
5762,6
5763,285
5764,1
5765,236
5766,1
5767,NA
5768,6
5769,450
5770,5
5771,7
5772,2
5773,16
5774,1
5775,1
5776,3
5777,238
5778,1
5779,1
5780,1
5781,32
5782,4
5783,41
5784,2
5785,8
5786,1
5787,7
5788,8
5789,2
5790,1
5791,37
5792,8
5793,6
5794,5
5795,89
5796,1
5797,4
5798,9
5799,NA
5800,2
5801,4
5802,31
5803,1
5804,1
5805,4
5806,17
5807,NA
5808,1
5809,2
5810,8
5811,65
5812,140
5813,NA
5814,1
5815,1
5816,156
5817,2
5818,8
5819,1
5820,2
5821,4
5822,8
5823,NA
5824,1
5825,876
5826,3
5827,31
5828,2
5829,2
5830,2
5831,1
5832,14
5833,2
5834,30
5835,3
5836,8
5837,NA
5838,5
5839,165
5840,3
5841,NA
5842,2
5843,1
5844,27
5845,10
5846,4
5847,151
5848,1
5849,110
5850,8
5851,1
5852,146
5853,4
5854,5
5855,1
5856,9
5857,2
5858,5
5859,NA
5860,1
5861,NA
5862,4
5863,NA
5864,1
5865,2
5866,31
5867,NA
5868,2
5869,770
5870,47
5871,1
5872,2
5873,6
5874,1
5875,1
5876,9
5877,2
5878,1
5879,151
5880,49
5881,228
5882,4
5883,5
5884,7
5885,2
5886,3
5887,NA
5888,NA
5889,2
5890,17
5891,1
5892,14
5893,2
5894,3
5895,1
5896,3
5897,2
5898,5
5899,1
5900,3
5901,4
5902,2
5903,NA
5904,1
5905,2
5906,36
5907,191
5908,58
5909,230
5910,1
5911,29
5912,4
5913,42
5914,9
5915,1
5916,13
5917,2
5918,2
5919,1
5920,1
5921,16
5922,2
5923,NA
5924,9
5925,4
5926,1
5927,7
5928,24
5929,NA
5930,234
5931,73
5932,2
5933,8
5934,1
5935,5
5936,1
5937,10
5938,6
5939,1
5940,1
5941,NA
5942,14
5943,209
5944,15
5945,12
5946,1
5947,51
5948,1
5949,22
5950,14
5951,1
5952,3
5953,278
5954,18
5955,NA
5956,20
5957,NA
5958,1
5959,539
5960,2
5961,8
5962,10
5963,9
5964,1
5965,12
5966,NA
5967,83
5968,1
5969,14
5970,16
5971,45
5972,2
5973,2
5974,1
5975,1
5976,11
5977,16
5978,2
5979,1
5980,3
5981,NA
5982,27
5983,9
5984,5
5985,34
5986,4
5987,7
5988,1
5989,10
5990,11
5991,1
5992,2
5993,2
5994,25
5995,7
5996,NA
5997,8
5998,1
5999,33
6000,1
6001,116
6002,16
6003,45
6004,118
6005,2
6006,7
6007,47
6008,2
6009,6
6010,1
6011,525
6012,23
6013,10
6014,1
6015,NA
6016,17
6017,10
6018,2
6019,1
6020,29
6021,NA
6022,4
6023,1
6024,13
6025,2
6026,33
6027,19
6028,2
6029,30
6030,3
6031,25
6032,60
6033,6
6034,53
6035,3
6036,3
6037,24
6038,24
6039,21
6040,1
6041,NA
6042,4
6043,5
6044,27
6045,270
6046,1
6047,NA
6048,NA
6049,6
6050,1
6051,9
6052,4
6053,2
6054,2
6055,7
6056,3
6057,NA
6058,24
6059,697
6060,4
6061,268
6062,2
6063,1
6064,1
6065,980
6066,35
6067,3
6068,1
6069,226
6070,3
6071,19
6072,7
6073,2
6074,1
6075,1
6076,1
6077,2
6078,6
6079,1
6080,2
6081,NA
6082,3
6083,33
6084,1
6085,NA
6086,884
6087,NA
6088,5
6089,82
6090,5
6091,9
6092,3
6093,352
6094,1
6095,1
6096,3
6097,6
6098,2
6099,3
6100,22
6101,8
6102,22
6103,49
6104,1
6105,2
6106,12
6107,3
6108,228
6109,34
6110,4
6111,NA
6112,43
6113,26
6114,NA
6115,17
6116,57
6117,32
6118,1
6119,5
6120,1
6121,NA
6122,8
6123,29
6124,11
6125,2
6126,9
6127,3
6128,4
6129,950
6130,1
6131,1
6132,6
6133,30
6134,9
6135,3
6136,5
6137,4
6138,6
6139,31
6140,2
6141,20
6142,4
6143,1
6144,6
6145,14
6146,35
6147,3
6148,13
6149,NA
6150,1
6151,3
6152,2
6153,2
6154,1
6155,1
6156,23
6157,320
6158,2
6159,1
6160,10
6161,4
6162,4
6163,1
6164,1
6165,2
6166,1
6167,19
6168,1
6169,2
6170,3
6171,27
6172,24
6173,8
6174,2
6175,1
6176,1
6177,12
6178,40
6179,37
6180,3
6181,208
6182,32
6183,21
6184,22
6185,4
6186,1
6187,27
6188,1
6189,138
6190,3
6191,33
6192,3
6193,8
6194,23
6195,1
6196,4
6197,86
6198,4
6199,1
6200,434
6201,100
6202,2
6203,1
6204,6
6205,12
6206,17
6207,235
6208,2
6209,NA
6210,2
6211,11
6212,2
6213,2
6214,17
6215,1
6216,16
6217,2
6218,1
6219,5
6220,1
6221,NA
6222,23
6223,17
6224,15
6225,2
6226,1
6227,219
6228,1
6229,38
6230,1
6231,NA
6232,2
6233,4
6234,2
6235,39
6236,268
6237,NA
6238,1
6239,1
6240,1
6241,4
6242,6
6243,1
6244,1
6245,NA
6246,20
6247,191
6248,5
6249,42
6250,3
6251,1
6252,3
6253,2
6254,2
6255,7
6256,3
6257,2
6258,13
6259,5
6260,1
6261,NA
6262,14
6263,1
6264,1
6265,46
6266,1
6267,859
6268,4
6269,NA
6270,1
6271,33
6272,123
6273,50
6274,1
6275,NA
6276,1
6277,NA
6278,1
6279,3
6280,1
6281,8
6282,3
6283,89
6284,1
6285,2
6286,16
6287,11
6288,146
6289,6
6290,2
6291,15
6292,22
6293,256
6294,43
6295,9
6296,3
6297,4
6298,109
6299,601
6300,2
6301,28
6302,71
6303,5
6304,7
6305,2
6306,11
6307,51
6308,2
6309,138
6310,1
6311,1
6312,2
6313,8
6314,42
6315,23
6316,1
6317,8
6318,1
6319,13
6320,11
6321,64
6322,11
6323,5
6324,69
6325,14
6326,4
6327,15
6328,4
6329,2
6330,1
6331,7
6332,8
6333,6
6334,146
6335,3
6336,3
6337,6
6338,2
6339,1
6340,2
6341,16
6342,2
