1,2
2,1
3,1
4,471
5,6
6,10
7,3
8,1
9,1
10,18
11,30
12,1
13,1
14,5
15,1
16,2
17,11
18,4
19,1
20,1
21,4
22,1
23,2
24,5
25,58
26,4
27,2
28,6
29,85
30,16
31,12
32,2
33,1
34,1
35,1
36,12
37,2
38,1
39,113
40,4
41,2
42,1
43,1
44,109
45,1
46,4
47,13
48,1
49,9
50,20
51,4
52,1
53,4
54,NA
55,5
56,4
57,1
58,1
59,3
60,2
61,NA
62,2
63,2
64,1
65,1
66,2
67,6
68,569
69,3
70,1
71,20
72,1
73,2
74,15
75,11
76,NA
77,15
78,2
79,7
80,1
81,494
82,1
83,NA
84,63
85,2
86,20
87,1
88,2
89,NA
90,1
91,10
92,1
93,2
94,1
95,2
96,NA
97,3
98,1
99,1
100,1
101,426
102,2
103,4
104,165
105,3
106,4
107,1
108,2
109,317
110,1
111,16
112,2
113,5
114,NA
115,2
116,4
117,3
118,1
119,1
120,6
121,NA
122,44
123,2
124,1
125,1
126,4
127,1
128,3
129,3
130,2
131,24
132,1
133,1
134,25
135,1
136,132
137,3
138,3
139,15
140,5
141,8
142,1
143,2
144,9
145,1
146,NA
147,1
148,1
149,255
150,8
151,8
152,4
153,1
154,3
155,13
156,2
157,1
158,2
159,1
160,1
161,10
162,1
163,2
164,1
165,35
166,58
167,26
168,2
169,7
170,1
171,NA
172,3
173,1
174,1
175,1
176,20
177,2
178,1
179,5
180,22
181,190
182,1
183,2
184,1
185,2
186,6
187,1
188,4
189,87
190,1
191,592
192,13
193,3
194,5
195,1
196,2
197,13
198,487
199,1
200,10
201,4
202,11
203,5
204,1
205,30
206,NA
207,2
208,1
209,NA
210,1
211,2
212,3
213,2
214,9
215,1
216,2
217,6
218,1
219,81
220,1
221,NA
222,1
223,1
224,263
225,1
226,20
227,3
228,3
229,5
230,32
231,8
232,2
233,1
234,1
235,2
236,208
237,1
238,57
239,NA
240,1
241,2
242,662
243,1
244,327
245,10
246,370
247,2
248,3
249,3
250,36
251,NA
252,1
253,2
254,1
255,11
256,6
257,9
258,5
259,1
260,2
261,8
262,3
263,21
264,13
265,5
266,114
267,4
268,7
269,1
270,9
271,4
272,1
273,3
274,23
275,2
276,36
277,4
278,1
279,351
280,1
281,4
282,4
283,2
284,3
285,18
286,20
287,1
288,2
289,1
290,1
291,30
292,1
293,2
294,1
295,13
296,2
297,87
298,2
299,25
300,1
301,2
302,896
303,1
304,9
305,2
306,48
307,1
308,6
309,1
310,2
311,122
312,2
313,5
314,1
315,2
316,2
317,1
318,6
319,45
320,5
321,32
322,1
323,2
324,1
325,11
326,190
327,3
328,3
329,9
330,2
331,40
332,1
333,27
334,9
335,43
336,26
337,49
338,3
339,3
340,12
341,124
342,1
343,1
344,NA
345,9
346,258
347,11
348,190
349,3
350,16
351,2
352,1
353,1
354,5
355,1
356,56
357,1
358,6
359,13
360,1
361,10
362,NA
363,1
364,1
365,20
366,6
367,3
368,4
369,1
370,2
371,16
372,245
373,3
374,5
375,4
376,NA
377,1
378,2
379,1
380,4
381,NA
382,12
383,5
384,7
385,1
386,NA
387,2
388,9
389,3
390,3
391,56
392,437
393,1
394,1
395,8
396,24
397,47
398,1
399,1
400,12
401,54
402,73
403,2
404,1
405,1
406,2
407,1
408,1
409,1
410,35
411,NA
412,4
413,95
414,7
415,1
416,NA
417,2
418,25
419,11
420,1
421,2
422,1
423,1
424,459
425,3
426,2
427,3
428,2
429,1
430,3
431,NA
432,1
433,1
434,1
435,10
436,2
437,36
438,12
439,1
440,2
441,2
442,6
443,1
444,1
445,2
446,NA
447,175
448,12
449,NA
450,1
451,12
452,15
453,6
454,21
455,2
456,12
457,3
458,7
459,531
460,1
461,4
462,4
463,1
464,21
465,2
466,6
467,10
468,3
469,3
470,1
471,156
472,3
473,2
474,3
475,1
476,4
477,1
478,1
479,51
480,2
481,12
482,3
483,4
484,1
485,1
486,2
487,4
488,4
489,1
490,1
491,2
492,6
493,283
494,77
495,1
496,470
497,1
498,76
499,33
500,2
501,26
502,99
503,23
504,1
505,2
506,16
507,1
508,11
509,57
510,1
511,2
512,1
513,2
514,1
515,6
516,NA
517,1
518,11
519,NA
520,7
521,8
522,3
523,1
524,15
525,1
526,NA
527,8
528,3
529,15
530,NA
531,2
532,1
533,1
534,51
535,2
536,2
537,4
538,1
539,1
540,2
541,2
542,7
543,2
544,3
545,3
546,32
547,1
548,1
549,33
550,3
551,4
552,1
553,2
554,77
555,1
556,158
557,47
558,1
559,1
560,3
561,10
562,12
563,69
564,5
565,1
566,232
567,1
568,5
569,21
570,2
571,166
572,6
573,1
574,59
575,1
576,NA
577,1
578,3
579,79
580,5
581,NA
582,1
583,4
584,13
585,5
586,4
587,9
588,5
589,1
590,2
591,2
592,2
593,89
594,55
595,3
596,114
597,3
598,13
599,135
600,15
601,NA
602,2
603,2
604,1
605,3
606,4
607,1
608,93
609,59
610,1
611,68
612,25
613,2
614,1
615,1
616,2
617,2
618,2
619,1
620,5
621,166
622,86
623,112
624,1
625,13
626,2
627,6
628,69
629,1
630,1
631,4
632,4
633,3
634,5
635,NA
636,22
637,1
638,1
639,3
640,36
641,12
642,1
643,2
644,3
645,2
646,NA
647,NA
648,69
649,3
650,7
651,2
652,1
653,2
654,1
655,6
656,NA
657,50
658,2
659,1
660,6
661,NA
662,20
663,6
664,15
665,1
666,6
667,13
668,1
669,NA
670,NA
671,2
672,5
673,5
674,43
675,1
676,NA
677,1
678,5
679,5
680,251
681,2
682,20
683,44
684,NA
685,3
686,6
687,2
688,1
689,5
690,10
691,54
692,1
693,1
694,43
695,4
696,2
697,2
698,3
699,1
700,22
701,2
702,1
703,14
704,15
705,1
706,2
707,636
708,1
709,1
710,1
711,44
712,1
713,3
714,31
715,1
716,8
717,2
718,6
719,443
720,9
721,4
722,24
723,1
724,3
725,3
726,4
727,1
728,1
729,1
730,2
731,NA
732,35
733,7
734,3
735,1
736,2
737,1
738,1
739,389
740,10
741,710
742,1
743,24
744,9
745,1
746,4
747,6
748,1
749,3
750,1
751,2
752,2
753,2
754,1
755,2
756,50
757,41
758,252
759,1
760,2
761,6
762,4
763,1
764,13
765,21
766,NA
767,3
768,1
769,99
770,2
771,2
772,40
773,2
774,9
775,3
776,4
777,2
778,88
779,15
780,98
781,2
782,1
783,2
784,85
785,4
786,6
787,13
788,2
789,5
790,1
791,2
792,4
793,2
794,NA
795,2
796,4
797,2
798,1
799,43
800,20
801,80
802,21
803,1
804,NA
805,6
806,36
807,1
808,1
809,NA
810,10
811,10
812,1
813,28
814,1
815,33
816,10
817,90
818,1
819,1
820,1
821,30
822,1
823,2
824,71
825,1
826,20
827,1
828,1
829,1
830,18
831,NA
832,4
833,2
834,5
835,3
836,NA
837,2
838,1
839,1
840,1
841,NA
842,8
843,2
844,51
845,16
846,46
847,6
848,1
849,1
850,1
851,12
852,1
853,3
854,5
855,5
856,2
857,1
858,3
859,3
860,2
861,16
862,2
863,1
864,1
865,284
866,10
867,1
868,2
869,281
870,1
871,360
872,NA
873,444
874,1
875,3
876,2
877,6
878,2
879,29
880,1
881,2
882,6
883,4
884,165
885,1
886,56
887,339
888,2
889,1
890,1
891,2
892,1
893,201
894,3
895,4
896,NA
897,1
898,244
899,1
900,38
901,664
902,93
903,1
904,1
905,87
906,12
907,6
908,4
909,15
910,2
911,NA
912,1
913,1
914,3
915,5
916,2
917,2
918,8
919,1
920,409
921,22
922,1
923,827
924,1
925,4
926,2
927,39
928,2
929,3
930,1
931,2
932,5
933,1
934,3
935,4
936,28
937,1
938,3
939,1
940,3
941,6
942,4
943,1
944,1
945,3
946,8
947,22
948,25
949,57
950,5
951,164
952,4
953,17
954,1
955,2
956,6
957,1
958,91
959,21
960,16
961,220
962,11
963,123
964,3
965,1
966,2
967,4
968,2
969,1
970,2
971,NA
972,8
973,3
974,703
975,2
976,NA
977,3
978,6
979,3
980,1
981,4
982,2
983,1
984,21
985,5
986,2
987,1
988,4
989,1
990,1
991,12
992,24
993,2
994,15
995,383
996,128
997,5
998,173
999,5
1000,1
1001,12
1002,1
1003,94
1004,431
1005,26
1006,192
1007,4
1008,2
1009,1
1010,66
1011,2
1012,34
1013,27
1014,1
1015,2
1016,2
1017,21
1018,1
1019,NA
1020,1
1021,10
1022,6
1023,5
1024,3
1025,2
1026,2
1027,4
1028,1
1029,1
1030,18
1031,NA
1032,2
1033,8
1034,247
1035,1
1036,20
1037,1
1038,2
1039,1
1040,5
1041,4
1042,1
1043,31
1044,1
1045,1
1046,60
1047,2
1048,1
1049,3
1050,1
1051,NA
1052,14
1053,2
1054,NA
1055,1
1056,148
1057,3
1058,2
1059,1
1060,1
1061,2
1062,3
1063,19
1064,405
1065,1
1066,6
1067,3
1068,71
1069,5
1070,4
1071,4
1072,1
1073,1
1074,5
1075,11
1076,NA
1077,2
1078,1
1079,173
1080,472
1081,2
1082,39
1083,1
1084,1
1085,18
1086,60
1087,1
1088,1
1089,119
1090,3
1091,4
1092,1
1093,1
1094,9
1095,1
1096,48
1097,1
1098,13
1099,1
1100,7
1101,8
1102,1
1103,5
1104,1
1105,62
1106,58
1107,20
1108,1
1109,3
1110,14
1111,NA
1112,2
1113,5
1114,13
1115,2
1116,2
1117,3
1118,3
1119,47
1120,4
1121,242
1122,3
1123,2
1124,NA
1125,1
1126,4
1127,4
1128,14
1129,NA
1130,555
1131,4
1132,24
1133,1
1134,1
1135,1
1136,NA
1137,1
1138,2
1139,5
1140,27
1141,308
1142,2
1143,13
1144,5
1145,3
1146,6
1147,1
1148,77
1149,5
1150,1
1151,2
1152,86
1153,1
1154,1
1155,3
1156,62
1157,242
1158,1
1159,165
1160,1
1161,4
1162,2
1163,6
1164,381
1165,1
1166,NA
1167,1
1168,2
1169,121
1170,4
1171,652
1172,6
1173,4
1174,1
1175,8
1176,2
1177,1
1178,2
1179,1
1180,2
1181,48
1182,7
1183,4
1184,17
1185,1
1186,2
1187,28
1188,1
1189,15
1190,NA
1191,6
1192,12
1193,12
1194,83
1195,3
1196,2
1197,1
1198,12
1199,1
1200,21
1201,2
1202,444
1203,1
1204,1
1205,1
1206,2
1207,2
1208,4
1209,19
1210,1
1211,2
1212,16
1213,1
1214,5
1215,3
1216,4
1217,3
1218,5
1219,1
1220,3
1221,2
1222,2
1223,1
1224,5
1225,1
1226,456
1227,6
1228,9
1229,NA
1230,4
1231,166
1232,1
1233,122
1234,7
1235,1
1236,2
1237,3
1238,11
1239,3
1240,17
1241,28
1242,57
1243,3
1244,1
1245,2
1246,2
1247,20
1248,1
1249,1
1250,23
1251,NA
1252,2
1253,538
1254,NA
1255,1
1256,6
1257,3
1258,9
1259,NA
1260,1
1261,74
1262,1
1263,21
1264,NA
1265,6
1266,2
1267,1
1268,2
1269,3
1270,9
1271,318
1272,53
1273,2
1274,51
1275,7
1276,46
1277,1
1278,2
1279,1
1280,3
1281,2
1282,13
1283,3
1284,NA
1285,12
1286,616
1287,1
1288,5
1289,1
1290,13
1291,6
1292,2
1293,6
1294,3
1295,1
1296,30
1297,1
1298,NA
1299,3
1300,1
1301,2
1302,4
1303,1
1304,1
1305,13
1306,2
1307,3
1308,2
1309,21
1310,2
1311,10
1312,2
1313,17
1314,1
1315,1
1316,4
1317,1
1318,1
1319,77
1320,42
1321,54
1322,5
1323,37
1324,NA
1325,1
1326,NA
1327,2
1328,3
1329,9
1330,19
1331,2
1332,3
1333,1
1334,3
1335,1
1336,NA
1337,8
1338,2
1339,487
1340,5
1341,2
1342,1
1343,1
1344,1
1345,1
1346,12
1347,2
1348,9
1349,7
1350,2
1351,4
1352,6
1353,2
1354,11
1355,6
1356,6
1357,1
1358,1
1359,13
1360,4
1361,36
1362,9
1363,9
1364,29
1365,4
1366,24
1367,1
1368,1
1369,NA
1370,4
1371,2
1372,51
1373,12
1374,33
1375,6
1376,68
1377,1
1378,1
1379,1
1380,10
1381,6
1382,2
1383,47
1384,1
1385,4
1386,2
1387,6
1388,10
1389,5
1390,2
1391,12
1392,4
1393,2
1394,35
1395,1
1396,6
1397,4
1398,6
1399,27
1400,3
1401,246
1402,3
1403,1
1404,539
1405,1
1406,124
1407,1
1408,14
1409,9
1410,5
1411,8
1412,1
1413,4
1414,23
1415,19
1416,20
1417,1
1418,3
1419,25
1420,1
1421,NA
1422,1
1423,3
1424,417
1425,8
1426,18
1427,3
1428,9
1429,31
1430,1
1431,8
1432,2
1433,6
1434,1
1435,10
1436,140
1437,3
1438,8
1439,377
1440,1
1441,10
1442,13
1443,1
1444,1
1445,3
1446,NA
1447,1
1448,7
1449,53
1450,1
1451,88
1452,5
1453,18
1454,59
1455,5
1456,84
1457,1
1458,1
1459,5
1460,NA
1461,NA
1462,2
1463,2
1464,1
1465,4
1466,170
1467,10
1468,3
1469,1
1470,749
1471,NA
1472,2
1473,1
1474,NA
1475,1
1476,196
1477,NA
1478,1
1479,1
1480,3
1481,14
1482,12
1483,3
1484,1
1485,6
1486,4
1487,1
1488,6
1489,11
1490,44
1491,8
1492,37
1493,8
1494,47
1495,2
1496,108
1497,4
1498,1
1499,NA
1500,6
1501,8
1502,4
1503,12
1504,3
1505,1
1506,164
1507,1
1508,2
1509,51
1510,10
1511,2
1512,2
1513,71
1514,13
1515,1
1516,4
1517,773
1518,2
1519,NA
1520,1
1521,4
1522,1
1523,27
1524,3
1525,2
1526,200
1527,1
1528,1
1529,1
1530,33
1531,286
1532,3
1533,1
1534,77
1535,NA
1536,NA
1537,2
1538,17
1539,1
1540,12
1541,6
1542,2
1543,3
1544,17
1545,22
1546,10
1547,19
1548,1
1549,3
1550,1
1551,NA
1552,41
1553,9
1554,1
1555,2
1556,316
1557,11
1558,2
1559,1
1560,1
1561,8
1562,30
1563,1
1564,1
1565,2
1566,46
1567,1
1568,1
1569,NA
1570,1
1571,6
1572,2
1573,1
1574,5
1575,2
1576,6
1577,1
1578,5
1579,101
1580,15
1581,16
1582,1
1583,17
1584,381
1585,1
1586,NA
1587,4
1588,2
1589,3
1590,1
1591,NA
1592,7
1593,2
1594,79
1595,1
1596,12
1597,2
1598,15
1599,1
1600,4
1601,NA
1602,2
1603,31
1604,NA
1605,1
1606,2
1607,207
1608,16
1609,3
1610,22
1611,6
1612,1
1613,9
1614,3
1615,3
1616,14
1617,7
1618,7
1619,1
1620,1
1621,6
1622,1
1623,76
1624,355
1625,2
1626,2
1627,2
1628,2
1629,1
1630,1
1631,4
1632,31
1633,1
1634,155
1635,23
1636,6
1637,13
1638,2
1639,1
1640,4
1641,252
1642,24
1643,41
1644,1
1645,26
1646,998
1647,NA
1648,1
1649,87
1650,1
1651,4
1652,5
1653,1
1654,1
1655,35
1656,948
1657,NA
1658,1
1659,25
1660,6
1661,2
1662,3
1663,2
1664,5
1665,1
1666,10
1667,1
1668,12
1669,393
1670,146
1671,22
1672,1
1673,1
1674,37
1675,3
1676,NA
1677,5
1678,1
1679,59
1680,1
1681,88
1682,13
1683,7
1684,3
1685,12
1686,NA
1687,1
1688,18
1689,13
1690,3
1691,2
1692,1
1693,2
1694,1
1695,2
1696,2
1697,2
1698,712
1699,15
1700,NA
1701,10
1702,1
1703,21
1704,1
1705,3
1706,12
1707,2
1708,20
1709,1
1710,9
1711,18
1712,4
1713,5
1714,7
1715,11
1716,62
1717,1
1718,1
1719,3
1720,1
1721,NA
1722,4
1723,4
1724,291
1725,1
1726,2
1727,NA
1728,5
1729,21
1730,7
1731,2
1732,7
1733,3
1734,NA
1735,1
1736,4
1737,1
1738,6
1739,1
1740,12
1741,NA
1742,15
1743,1
1744,35
1745,2
1746,26
1747,5
1748,1
1749,1
1750,1
1751,6
1752,390
1753,499
1754,35
1755,3
1756,2
1757,1
1758,12
1759,1
1760,2
1761,2
1762,35
1763,1
1764,1
1765,5
1766,4
1767,5
1768,35
1769,3
1770,3
1771,2
1772,1
1773,2
1774,1
1775,10
1776,4
1777,5
1778,2
1779,NA
1780,1
1781,2
1782,71
1783,1
1784,9
1785,4
1786,2
1787,14
1788,1
1789,3
1790,142
1791,2
1792,28
1793,4
1794,3
1795,2
1796,68
1797,4
1798,1
1799,119
1800,7
1801,NA
1802,3
1803,87
1804,1
1805,2
1806,14
1807,1
1808,1
1809,1
1810,59
1811,10
1812,2
1813,1
1814,NA
1815,1
1816,6
1817,2
1818,9
1819,3
1820,1
1821,10
1822,4
1823,27
1824,3
1825,4
1826,2
1827,1
1828,5
1829,NA
1830,6
1831,2
1832,18
1833,2
1834,83
1835,2
1836,146
1837,1
1838,42
1839,691
1840,2
1841,2
1842,1
1843,3
1844,NA
1845,3
1846,6
1847,1
1848,1
1849,193
1850,2
1851,168
1852,2
1853,35
1854,1
1855,5
1856,696
1857,3
1858,1
1859,27
1860,11
1861,152
1862,1
1863,2
1864,NA
1865,54
1866,2
1867,6
1868,33
1869,63
1870,2
1871,70
1872,1
1873,2
1874,3
1875,3
1876,48
1877,18
1878,12
1879,35
1880,11
1881,4
1882,3
1883,282
1884,1
1885,1
1886,996
1887,3
1888,99
1889,1
1890,1
1891,2
1892,1
1893,1
1894,11
1895,3
1896,4
1897,2
1898,23
1899,13
1900,1
1901,96
1902,1
1903,5
1904,5
1905,14
1906,12
1907,1
1908,3
1909,51
1910,NA
1911,272
1912,1
1913,2
1914,5
1915,11
1916,4
1917,2
1918,9
1919,1
1920,1
1921,200
1922,3
1923,7
1924,111
1925,4
1926,994
1927,1
1928,1
1929,11
1930,34
1931,536
1932,2
1933,20
1934,1
1935,123
1936,16
1937,3
1938,4
1939,1
1940,8
1941,2
1942,5
1943,14
1944,3
1945,3
1946,24
1947,1
1948,3
1949,5
1950,2
1951,10
1952,1
1953,1
1954,23
1955,NA
1956,30
1957,3
1958,3
1959,5
1960,10
1961,14
1962,4
1963,2
1964,9
1965,35
1966,2
1967,251
1968,1
1969,1
1970,2
1971,40
1972,1
1973,1
1974,3
1975,1
1976,20
1977,1
1978,2
1979,1
1980,1
1981,16
1982,7
1983,63
1984,1
1985,11
1986,10
1987,2
1988,1
1989,1
1990,4
1991,48
1992,2
1993,4
1994,273
1995,1
1996,12
1997,14
1998,7
1999,5
2000,4
2001,4
2002,7
2003,17
2004,27
2005,1
2006,2
2007,1
2008,1
2009,9
2010,7
2011,30
2012,6
2013,2
2014,1
2015,2
2016,2
2017,1
2018,3
2019,5
2020,2
2021,NA
2022,21
2023,1
2024,25
2025,84
2026,2
2027,9
2028,1
2029,61
2030,5
2031,2
2032,1
2033,139
2034,NA
2035,1
2036,NA
2037,1
2038,1
2039,3
2040,5
2041,50
2042,397
2043,10
2044,9
2045,NA
2046,318
2047,2
2048,47
2049,1
2050,4
2051,506
2052,10
2053,253
2054,7
2055,NA
2056,12
2057,2
2058,1
2059,5
2060,1
2061,18
2062,4
2063,90
2064,15
2065,2
2066,8
2067,NA
2068,55
2069,NA
2070,6
2071,34
2072,1
2073,1
2074,1
2075,2
2076,10
2077,3
2078,14
2079,1
2080,1
2081,22
2082,11
2083,56
2084,3
2085,224
2086,8
2087,1
2088,4
2089,27
2090,69
2091,30
2092,2
2093,9
2094,1
2095,1
2096,NA
2097,NA
2098,17
2099,13
2100,2
2101,4
2102,8
2103,1
2104,3
2105,5
2106,20
2107,4
2108,10
2109,NA
2110,1
2111,8
2112,5
2113,4
2114,NA
2115,1
2116,10
2117,7
2118,3
2119,9
2120,11
2121,2
2122,1
2123,1
2124,25
2125,2
2126,10
2127,10
2128,3
2129,NA
2130,12
2131,18
2132,4
2133,3
2134,3
2135,7
2136,2
2137,8
2138,6
2139,9
2140,3
2141,4
2142,43
2143,4
2144,19
2145,2
2146,518
2147,5
2148,1
2149,1
2150,1
2151,76
2152,90
2153,22
2154,1
2155,161
2156,2
2157,1
2158,1
2159,NA
2160,4
2161,4
2162,1
2163,NA
2164,13
2165,2
2166,2
2167,5
2168,1
2169,227
2170,4
2171,586
2172,1
2173,21
2174,9
2175,1
2176,2
2177,1
2178,1
2179,NA
2180,1
2181,104
2182,7
2183,5
2184,13
2185,34
2186,26
2187,2
2188,3
2189,7
2190,4
2191,30
2192,23
2193,3
2194,157
2195,11
2196,172
2197,2
2198,3
2199,337
2200,3
2201,36
2202,2
2203,9
2204,1
2205,3
2206,6
2207,12
2208,6
2209,3
2210,3
2211,34
2212,4
2213,7
2214,7
2215,1
2216,NA
2217,1
2218,2
2219,11
2220,48
2221,2
2222,2
2223,113
2224,29
2225,1
2226,188
2227,12
2228,6
2229,3
2230,2
2231,10
2232,3
2233,7
2234,NA
2235,10
2236,8
2237,12
2238,1
2239,1
2240,2
2241,2
2242,6
2243,3
2244,3
2245,5
2246,14
2247,2
2248,1
2249,1
2250,1
2251,18
2252,1
2253,4
2254,41
2255,2
2256,4
2257,6
2258,4
2259,93
2260,3
2261,4
2262,4
2263,1
2264,383
2265,113
2266,NA
2267,1
2268,1
2269,1
2270,1
2271,6
2272,5
2273,197
2274,3
2275,1
2276,34
2277,1
2278,2
2279,21
2280,9
2281,2
2282,8
2283,1
2284,27
2285,1
2286,186
2287,4
2288,7
2289,1
2290,1
2291,80
2292,2
2293,2
2294,1
2295,23
2296,2
2297,7
2298,3
2299,19
2300,5
2301,40
2302,2
2303,1
2304,1
2305,9
2306,NA
2307,2
2308,24
2309,159
2310,7
2311,8
2312,2
2313,1
2314,41
2315,7
2316,NA
2317,2
2318,2
2319,1
2320,1
2321,8
2322,4
2323,1
2324,1
2325,29
2326,2
2327,6
2328,2
2329,5
2330,2
2331,72
2332,1
2333,1
2334,1
2335,2
2336,6
2337,1
2338,5
2339,5
2340,1
2341,2
2342,64
2343,1
2344,1
2345,2
2346,4
2347,4
2348,11
2349,3
2350,7
2351,10
2352,1
2353,2
2354,NA
2355,1
2356,2
2357,1
2358,1
2359,1
2360,1
2361,2
2362,18
2363,2
2364,279
2365,1
2366,4
2367,11
2368,1
2369,1
2370,4
2371,28
2372,5
2373,18
2374,NA
2375,NA
2376,380
2377,38
2378,19
2379,1
2380,2
2381,2
2382,8
2383,5
2384,257
2385,5
2386,2
2387,1
2388,13
2389,1
2390,8
2391,2
2392,4
2393,1
2394,97
2395,1
2396,6
2397,2
2398,3
2399,47
2400,1
2401,68
2402,59
2403,3
2404,5
2405,159
2406,NA
2407,9
2408,3
2409,257
2410,1
2411,2
2412,3
2413,1
2414,NA
2415,26
2416,100
2417,206
2418,2
2419,3
2420,461
2421,2
2422,10
2423,1
2424,27
2425,181
2426,18
2427,3
2428,1
2429,NA
2430,2
2431,16
2432,1
2433,5
2434,5
2435,29
2436,NA
2437,1
2438,2
2439,41
2440,10
2441,22
2442,2
2443,2
2444,227
2445,61
2446,NA
2447,50
2448,1
2449,85
2450,1
2451,20
2452,1
2453,11
2454,147
2455,35
2456,4
2457,2
2458,2
2459,3
2460,12
2461,2
2462,NA
2463,1
2464,23
2465,32
2466,4
2467,5
2468,69
2469,1
2470,34
2471,2
2472,1
2473,1
2474,1
2475,2
2476,10
2477,37
2478,1
2479,1
2480,2
2481,6
2482,10
2483,7
2484,1
2485,1
2486,36
2487,3
2488,2
2489,3
2490,1
2491,628
2492,5
2493,12
2494,117
2495,69
2496,16
2497,1
2498,2
2499,1
2500,1
2501,44
2502,2
2503,9
2504,NA
2505,8
2506,30
2507,NA
2508,2
2509,13
2510,214
2511,6
2512,38
2513,31
2514,1
2515,3
2516,20
2517,28
2518,1
2519,1
2520,3
2521,2
2522,1
2523,5
2524,11
2525,3
2526,2
2527,2
2528,1
2529,1
2530,1
2531,22
2532,1
2533,2
2534,269
2535,20
2536,4
2537,2
2538,6
2539,NA
2540,1
2541,2
2542,22
2543,150
2544,5
2545,11
2546,10
2547,1
2548,34
2549,1
2550,1
2551,42
2552,3
2553,4
2554,1
2555,1
2556,344
2557,12
2558,13
2559,NA
2560,58
2561,NA
2562,2
2563,2
2564,61
2565,NA
2566,4
2567,1
2568,2
2569,1
2570,5
2571,2
2572,3
2573,23
2574,37
2575,3
2576,6
2577,20
2578,1
2579,17
2580,6
2581,18
2582,2
2583,1
2584,1
2585,3
2586,126
2587,32
2588,45
2589,1
2590,13
2591,4
2592,4
2593,2
2594,3
2595,7
2596,8
2597,6
2598,10
2599,9
2600,1
2601,38
2602,1
2603,25
2604,3
2605,6
2606,2
2607,2
2608,2
2609,1
2610,1
2611,4
2612,4
2613,4
2614,37
2615,5
2616,36
2617,19
2618,1
2619,1
2620,14
2621,NA
2622,9
2623,1
2624,15
2625,3
2626,40
2627,2
2628,3
2629,9
2630,1
2631,16
2632,1
2633,14
2634,1
2635,1
2636,188
2637,47
2638,45
2639,NA
2640,16
2641,8
2642,36
2643,3
2644,23
2645,2
2646,NA
2647,38
2648,1
2649,7
2650,2
2651,NA
2652,1
2653,17
2654,17
2655,2
2656,30
2657,4
2658,15
2659,1
2660,2
2661,12
2662,19
2663,41
2664,215
2665,23
2666,10
2667,2
2668,13
2669,9
2670,1
2671,4
2672,16
2673,4
2674,1
2675,1
2676,2
2677,2
2678,17
2679,41
2680,8
2681,112
2682,1
2683,4
2684,1
2685,3
2686,10
2687,5
2688,3
2689,5
2690,1
2691,48
2692,77
2693,24
2694,1
2695,3
2696,14
2697,1
2698,2
2699,5
2700,167
2701,46
2702,3
2703,1
2704,21
2705,36
2706,2
2707,1
2708,11
2709,1
2710,1
2711,4
2712,3
2713,219
2714,3
2715,5
2716,NA
2717,1
2718,2
2719,9
2720,9
2721,82
2722,1
2723,21
2724,59
2725,1
2726,NA
2727,173
2728,178
2729,1
2730,5
2731,2
2732,3
2733,1
2734,NA
2735,83
2736,2
2737,1
2738,1
2739,1
2740,1
2741,30
2742,11
2743,2
2744,311
2745,1
2746,20
2747,156
2748,22
2749,1
2750,9
2751,28
2752,5
2753,8
2754,3
2755,2
2756,24
2757,58
2758,1
2759,53
2760,1
2761,2
2762,46
2763,15
2764,3
2765,7
2766,2
2767,16
2768,2
2769,83
2770,1
2771,2
2772,4
2773,6
2774,1
2775,18
2776,4
2777,131
2778,430
2779,5
2780,8
2781,22
2782,1
2783,36
2784,5
2785,2
2786,2
2787,1
2788,6
2789,1
2790,22
2791,16
2792,9
2793,38
2794,65
2795,18
2796,2
2797,18
2798,11
2799,NA
2800,1
2801,960
2802,27
2803,2
2804,11
2805,1
2806,2
2807,5
2808,24
2809,217
2810,3
2811,4
2812,3
2813,2
2814,1
2815,2
2816,206
2817,3
2818,14
2819,75
2820,3
2821,NA
2822,11
2823,2
2824,3
2825,29
2826,292
2827,1
2828,1
2829,5
2830,4
2831,32
2832,2
2833,1
2834,NA
2835,2
2836,836
2837,3
2838,1
2839,21
2840,NA
2841,46
2842,1
2843,1
2844,NA
2845,2
2846,66
2847,3
2848,2
2849,3
2850,1
2851,2
2852,1
2853,5
2854,1
2855,3
2856,8
2857,80
2858,74
2859,3
2860,3
2861,NA
2862,82
2863,65
2864,NA
2865,1
2866,8
2867,33
2868,1
2869,1
2870,7
2871,2
2872,1
2873,1
2874,NA
2875,1
2876,20
2877,1
2878,2
2879,43
2880,2
2881,2
2882,3
2883,55
2884,9
2885,2
2886,10
2887,1
2888,5
2889,5
2890,37
2891,10
2892,211
2893,1
2894,233
2895,11
2896,36
2897,2
2898,1
2899,1
2900,3
2901,NA
2902,6
2903,18
2904,5
2905,4
2906,NA
2907,4
2908,1
2909,3
2910,3
2911,2
2912,3
2913,1
2914,1
2915,398
2916,12
2917,5
2918,4
2919,3
2920,1
2921,576
2922,13
2923,3
2924,11
2925,9
2926,4
2927,34
2928,7
2929,25
2930,20
2931,228
2932,1
2933,67
2934,NA
2935,1
2936,102
2937,28
2938,1
2939,5
2940,5
2941,4
2942,182
2943,8
2944,3
2945,1
2946,10
2947,41
2948,8
2949,3
2950,5
2951,2
2952,16
2953,1
2954,1
2955,4
2956,2
2957,2
2958,3
2959,1
2960,1
2961,20
2962,2
2963,1
2964,3
2965,3
2966,12
2967,1
2968,7
2969,1
2970,2
2971,2
2972,399
2973,1
2974,13
2975,5
2976,4
2977,27
2978,1
2979,3
2980,3
2981,NA
2982,12
2983,1
2984,15
2985,6
2986,6
2987,985
2988,10
2989,27
2990,6
2991,8
2992,1
2993,2
2994,1
2995,2
2996,136
2997,2
2998,36
2999,NA
3000,20
3001,24
3002,51
3003,2
3004,1
3005,2
3006,8
3007,2
3008,10
3009,39
3010,854
3011,8
3012,1
3013,1
3014,41
3015,1
3016,2
3017,1
3018,11
3019,NA
3020,23
3021,4
3022,1
3023,1
3024,1
3025,1
3026,322
3027,7
3028,3
3029,21
3030,4
3031,416
3032,NA
3033,1
3034,5
3035,9
3036,88
3037,1
3038,56
3039,1
3040,4
3041,NA
3042,26
3043,3
3044,33
3045,1
3046,6
3047,2
3048,8
3049,NA
3050,1
3051,4
3052,1
3053,NA
3054,27
3055,1
3056,2
3057,4
3058,3
3059,5
3060,1
3061,92
3062,519
3063,5
3064,3
3065,179
3066,38
3067,1
3068,2
3069,1
3070,5
3071,NA
3072,1
3073,2
3074,53
3075,1
3076,2
3077,17
3078,1
3079,11
3080,18
3081,2
3082,19
3083,11
3084,11
3085,1
3086,4
3087,25
3088,60
3089,1
3090,3
3091,6
3092,6
3093,1
3094,1
3095,2
3096,6
3097,1
3098,10
3099,1
3100,57
3101,2
3102,11
3103,1
3104,31
3105,2
3106,16
3107,3
3108,1
3109,5
3110,2
3111,14
3112,4
3113,17
3114,3
3115,1
3116,4
3117,2
3118,17
3119,15
3120,9
3121,20
3122,110
3123,1
3124,9
3125,7
3126,4
3127,1
3128,75
3129,107
3130,6
3131,70
3132,1
3133,21
3134,1
3135,2
3136,2
3137,2
3138,6
3139,3
3140,2
3141,694
3142,224
3143,3
3144,NA
3145,1
3146,14
3147,40
3148,1
3149,163
3150,3
3151,12
3152,33
3153,157
3154,3
3155,5
3156,38
3157,2
3158,1
3159,1
3160,14
3161,NA
3162,5
3163,1
3164,NA
3165,6
3166,2
3167,19
3168,3
3169,1
3170,10
3171,4
3172,5
3173,2
3174,1
3175,2
3176,16
3177,19
3178,1
3179,37
3180,18
3181,NA
3182,2
3183,3
3184,1
3185,13
3186,272
3187,1
3188,1
3189,11
3190,4
3191,2
3192,10
3193,2
3194,1
3195,1
3196,98
3197,3
3198,3
3199,17
3200,18
3201,12
3202,2
3203,2
3204,1
3205,3
3206,4
3207,5
3208,2
3209,3
3210,2
3211,942
3212,1
3213,2
3214,115
3215,1
3216,38
3217,2
3218,9
3219,3
3220,1
3221,322
3222,154
3223,2
3224,3
3225,11
3226,890
3227,2
3228,4
3229,NA
3230,5
3231,2
3232,4
3233,1
3234,1
3235,2
3236,NA
3237,3
3238,10
3239,181
3240,13
3241,4
3242,NA
3243,1
3244,21
3245,6
3246,4
3247,2
3248,4
3249,13
3250,1
3251,NA
3252,2
3253,12
3254,45
3255,1
3256,2
3257,34
3258,1
3259,135
3260,19
3261,2
3262,1
3263,23
3264,75
3265,3
3266,28
3267,7
3268,4
3269,1
3270,6
3271,2
3272,12
3273,26
3274,3
3275,1
3276,974
3277,1
3278,18
3279,7
3280,90
3281,NA
3282,1
3283,3
3284,25
3285,NA
3286,2
3287,3
3288,1
3289,3
3290,2
3291,14
3292,1
3293,1
3294,9
3295,24
3296,NA
3297,2
3298,1
3299,NA
3300,8
3301,28
3302,1
3303,1
3304,11
3305,1
3306,10
3307,5
3308,2
3309,1
3310,17
3311,28
3312,31
3313,2
3314,1
3315,2
3316,NA
3317,5
3318,8
3319,1
3320,1
3321,6
3322,4
3323,46
3324,5
3325,2
3326,12
3327,2
3328,6
3329,NA
3330,13
3331,140
3332,1
3333,1
3334,1
3335,14
3336,2
3337,3
3338,146
3339,3
3340,5
3341,672
3342,3
3343,4
3344,17
3345,5
3346,6
3347,2
3348,1
3349,3
3350,4
3351,NA
3352,141
3353,2
3354,31
3355,2
3356,14
3357,17
3358,1
3359,69
3360,5
3361,6
3362,3
3363,6
3364,47
3365,77
3366,8
3367,1
3368,19
3369,37
3370,1
3371,90
3372,1
3373,2
3374,1
3375,2
3376,4
3377,3
3378,3
3379,1
3380,9
3381,4
3382,8
3383,1
3384,7
3385,8
3386,18
3387,2
3388,3
3389,11
3390,1
3391,32
3392,22
3393,15
3394,1
3395,3
3396,208
3397,36
3398,11
3399,111
3400,11
3401,2
3402,1
3403,1
3404,27
3405,NA
3406,4
3407,12
3408,4
3409,7
3410,11
3411,28
3412,2
3413,45
3414,7
3415,1
3416,734
3417,32
3418,2
3419,1
3420,64
3421,4
3422,1
3423,11
3424,1
3425,56
3426,20
3427,3
3428,4
3429,1
3430,15
3431,6
3432,2
3433,8
3434,5
3435,3
3436,26
3437,320
3438,4
3439,3
3440,61
3441,504
3442,NA
3443,3
3444,5
3445,1
3446,14
3447,1
3448,12
3449,1
3450,2
3451,56
3452,503
3453,1
3454,1
3455,53
3456,664
3457,2
3458,3
3459,89
3460,4
3461,342
3462,3
3463,1
3464,229
3465,1
3466,60
3467,6
3468,2
3469,443
3470,NA
3471,NA
3472,5
3473,1
3474,3
3475,3
3476,4
3477,4
3478,2
3479,3
3480,1
3481,2
3482,206
3483,2
3484,65
3485,13
3486,4
3487,1
3488,18
3489,1
3490,2
3491,NA
3492,65
3493,4
3494,NA
3495,63
3496,6
3497,3
3498,3
3499,1
3500,1
3501,2
3502,1
3503,1
3504,3
3505,5
3506,68
3507,6
3508,2
3509,109
3510,2
3511,112
3512,4
3513,2
3514,71
3515,18
3516,628
3517,3
3518,2
3519,1
3520,1
3521,10
3522,1
3523,1
3524,47
3525,2
3526,6
3527,2
3528,1
3529,13
3530,18
3531,2
3532,6
3533,NA
3534,95
3535,1
3536,2
3537,1
3538,14
3539,105
3540,1
3541,2
3542,33
3543,6
3544,25
3545,1
3546,320
3547,6
3548,3
3549,3
3550,12
3551,2
3552,2
3553,3
3554,NA
3555,1
3556,174
3557,7
3558,1
3559,45
3560,72
3561,NA
3562,4
3563,163
3564,1
3565,1
3566,96
3567,17
3568,3
3569,71
3570,5
3571,154
3572,58
3573,14
3574,NA
3575,9
3576,2
3577,24
3578,11
3579,3
3580,2
3581,14
3582,9
3583,1
3584,1
3585,7
3586,110
3587,39
3588,2
3589,11
3590,1
3591,184
3592,4
3593,4
3594,1
3595,3
3596,84
3597,7
3598,70
3599,155
3600,1
3601,20
3602,141
3603,1
3604,113
3605,15
3606,4
3607,1
3608,152
3609,27
3610,1
3611,154
3612,3
3613,1
3614,39
3615,2
3616,2
3617,1
3618,1
3619,11
3620,1
3621,54
3622,1
3623,3
3624,5
3625,129
3626,68
3627,36
3628,12
3629,21
3630,35
3631,NA
3632,5
3633,1
3634,1
3635,1
3636,8
3637,2
3638,7
3639,7
3640,1
3641,2
3642,1
3643,2
3644,29
3645,35
3646,2
3647,1
3648,5
3649,255
3650,2
3651,2
3652,6
3653,1
3654,287
3655,4
3656,42
3657,47
3658,9
3659,NA
3660,10
3661,6
3662,8
3663,1
3664,9
3665,22
3666,4
3667,1
3668,2
3669,25
3670,9
3671,62
3672,2
3673,382
3674,NA
3675,1
3676,14
3677,2
3678,27
3679,23
3680,4
3681,2
3682,18
3683,1
3684,NA
3685,2
3686,24
3687,1
3688,3
3689,1
3690,5
3691,186
3692,144
3693,2
3694,1
3695,2
3696,12
3697,35
3698,1
3699,7
3700,2
3701,30
3702,41
3703,2
3704,5
3705,1
3706,2
3707,5
3708,3
3709,5
3710,10
3711,2
3712,1
3713,15
3714,NA
3715,13
3716,8
3717,2
3718,8
3719,1
3720,15
3721,4
3722,3
3723,1
3724,9
3725,14
3726,NA
3727,1
3728,9
3729,9
3730,2
3731,120
3732,2
3733,4
3734,1
3735,6
3736,NA
3737,NA
3738,1
3739,29
3740,8
3741,2
3742,4
3743,4
3744,1
3745,1
3746,24
3747,3
3748,1
3749,29
3750,4
3751,4
3752,1
3753,1
3754,33
3755,163
3756,2
3757,5
3758,NA
3759,35
3760,18
3761,2
3762,5
3763,8
3764,1
3765,5
3766,4
3767,2
3768,184
3769,37
3770,5
3771,16
3772,1
3773,4
3774,1
3775,6
3776,62
3777,3
3778,1
3779,NA
3780,3
3781,6
3782,127
3783,2
3784,3
3785,3
3786,344
3787,1
3788,2
3789,15
3790,18
3791,22
3792,1
3793,1
3794,53
3795,2
3796,6
3797,1
3798,3
3799,3
3800,4
3801,10
3802,25
3803,18
3804,1
3805,17
3806,NA
3807,4
3808,1
3809,7
3810,735
3811,2
3812,9
3813,15
3814,1
3815,7
3816,12
3817,13
3818,3
3819,15
3820,5
3821,302
3822,1
3823,4
3824,NA
3825,3
3826,2
3827,4
3828,2
3829,3
3830,2
3831,18
3832,1
3833,4
3834,1
3835,439
3836,12
3837,1
3838,8
3839,5
3840,2
3841,6
3842,1
3843,6
3844,11
3845,1
3846,38
3847,10
3848,3
3849,1
3850,2
3851,56
3852,4
3853,33
3854,NA
3855,3
3856,70
3857,5
3858,118
3859,31
3860,13
3861,6
3862,19
3863,1
3864,1
3865,2
3866,2
3867,1
3868,2
3869,NA
3870,1
3871,2
3872,162
3873,6
3874,99
3875,11
3876,4
3877,1
3878,4
3879,67
3880,2
3881,NA
3882,8
3883,106
3884,33
3885,9
3886,160
3887,1
3888,3
3889,41
3890,NA
3891,46
3892,4
3893,2
3894,1
3895,301
3896,4
3897,1
3898,2
3899,1
3900,64
3901,4
3902,38
3903,2
3904,3
3905,1
3906,2
3907,2
3908,1
3909,7
3910,5
3911,NA
3912,5
3913,61
3914,1
3915,4
3916,NA
3917,3
3918,1
3919,41
3920,50
3921,NA
3922,1
3923,2
3924,893
3925,29
3926,262
3927,1
3928,1
3929,9
3930,2
3931,16
3932,1
3933,9
3934,15
3935,1
3936,20
3937,63
3938,21
3939,3
3940,7
3941,NA
3942,2
3943,6
3944,1
3945,2
3946,156
3947,314
3948,1
3949,1
3950,2
3951,170
3952,3
3953,889
3954,125
3955,1
3956,2
3957,2
3958,2
3959,59
3960,1
3961,NA
3962,99
3963,10
3964,1
3965,5
3966,10
3967,3
3968,1
3969,7
3970,1
3971,258
3972,15
3973,6
3974,11
3975,1
3976,2
3977,91
3978,4
3979,1
3980,12
3981,NA
3982,2
3983,2
3984,91
3985,1
3986,NA
3987,117
3988,23
3989,7
3990,1
3991,6
3992,27
3993,1
3994,NA
3995,19
3996,4
3997,1
3998,22
3999,1
4000,3
4001,2
4002,46
4003,26
4004,43
4005,14
4006,2
4007,7
4008,2
4009,1
4010,3
4011,40
4012,7
4013,4
4014,1
4015,4
4016,6
4017,1
4018,14
4019,47
4020,30
4021,NA
4022,10
4023,31
4024,1
4025,18
4026,16
4027,1
4028,5
4029,3
4030,6
4031,56
4032,1
4033,2
4034,1
4035,1
4036,4
4037,3
4038,1
4039,5
4040,1
4041,36
4042,1
4043,4
4044,5
4045,2
4046,48
4047,1
4048,1
4049,NA
4050,80
4051,22
4052,1
4053,13
4054,29
4055,20
4056,60
4057,2
4058,1
4059,1
4060,1
4061,4
4062,4
4063,30
4064,5
4065,1
4066,10
4067,2
4068,2
4069,3
4070,1
4071,2
4072,1
4073,2
4074,529
4075,1
4076,14
4077,270
4078,17
4079,1
4080,41
4081,6
4082,5
4083,2
4084,1
4085,4
4086,NA
4087,4
4088,48
4089,NA
4090,32
4091,6
4092,6
4093,3
4094,1
4095,1
4096,4
4097,1
4098,99
4099,17
4100,21
4101,248
4102,4
4103,1
4104,81
4105,11
4106,18
4107,18
4108,1
4109,11
4110,8
4111,30
4112,2
4113,6
4114,1
4115,4
4116,12
4117,4
4118,9
4119,3
4120,4
4121,4
4122,11
4123,2
4124,NA
4125,70
4126,2
4127,NA
4128,1
4129,1
4130,1
4131,NA
4132,14
4133,123
4134,9
4135,1
4136,80
4137,1
4138,11
4139,1
4140,3
4141,4
4142,1
4143,5
4144,21
4145,2
4146,14
4147,1
4148,74
4149,5
4150,40
4151,34
4152,2
4153,NA
4154,3
4155,11
4156,10
4157,1
4158,4
4159,5
4160,1
4161,224
4162,NA
4163,15
4164,3
4165,7
4166,2
4167,1
4168,2
4169,3
4170,1
4171,4
4172,5
4173,12
4174,1
4175,13
4176,4
4177,1
4178,547
4179,7
4180,2
4181,2
4182,27
4183,14
4184,5
4185,4
4186,4
4187,4
4188,3
4189,3
4190,2
4191,NA
4192,14
4193,2
4194,7
4195,3
4196,NA
4197,3
4198,30
4199,221
4200,3
4201,4
4202,1
4203,1
4204,5
4205,1
4206,2
4207,1
4208,8
4209,43
4210,5
4211,2
4212,1
4213,1
4214,21
4215,1
4216,2
4217,140
4218,3
4219,51
4220,2
4221,18
4222,2
4223,16
4224,1
4225,5
4226,NA
4227,1
4228,2
4229,1
4230,1
4231,NA
4232,3
4233,1
4234,1
4235,3
4236,2
4237,2
4238,2
4239,75
4240,3
4241,148
4242,2
4243,136
4244,3
4245,1
4246,152
4247,1
4248,27
4249,11
4250,10
4251,2
4252,9
4253,33
4254,NA
4255,2
4256,2
4257,1
4258,1
4259,55
4260,3
4261,18
4262,21
4263,1
4264,5
4265,2
4266,6
4267,69
4268,3
4269,1
4270,4
4271,32
4272,3
4273,3
4274,11
4275,117
4276,40
4277,3
4278,2
4279,1
4280,8
4281,4
4282,1
4283,2
4284,91
4285,23
4286,4
4287,1
4288,2
4289,51
4290,19
4291,4
4292,2
4293,1
4294,55
4295,4
4296,84
4297,NA
4298,491
4299,1
4300,6
4301,32
4302,2
4303,1
4304,1
4305,1
4306,NA
4307,6
4308,54
4309,53
4310,7
4311,8
4312,12
4313,10
4314,NA
4315,1
4316,38
4317,168
4318,5
4319,49
4320,5
4321,2
4322,1
4323,14
4324,7
4325,17
4326,30
4327,11
4328,7
4329,21
4330,3
4331,6
4332,1
4333,4
4334,5
4335,3
4336,6
4337,70
4338,1
4339,21
4340,3
4341,2
4342,3
4343,2
4344,383
4345,3
4346,14
4347,9
4348,1
4349,25
4350,1
4351,484
4352,NA
4353,5
4354,1
4355,1
4356,2
4357,1
4358,300
4359,1
4360,9
4361,2
4362,4
4363,62
4364,1
4365,9
4366,208
4367,1
4368,6
4369,19
4370,2
4371,8
4372,4
4373,1
4374,9
4375,NA
4376,12
4377,147
4378,1
4379,3
4380,5
4381,8
4382,1
4383,2
4384,1
4385,3
4386,8
4387,3
4388,NA
4389,493
4390,7
4391,446
4392,2
4393,17
4394,1
4395,10
4396,2
4397,11
4398,24
4399,1
4400,2
4401,4
4402,4
4403,4
4404,1
4405,3
4406,NA
4407,15
4408,142
4409,1
4410,1
4411,12
4412,34
4413,2
4414,NA
4415,3
4416,8
4417,1
4418,2
4419,1
4420,2
4421,NA
4422,3
4423,1
4424,11
4425,6
4426,56
4427,1
4428,15
4429,7
4430,333
4431,2
4432,1
4433,3
4434,1
4435,2
4436,4
4437,1
4438,38
4439,1
4440,2
4441,26
4442,329
4443,36
4444,83
4445,4
4446,2
4447,3
4448,3
4449,5
4450,1
4451,2
4452,2
4453,4
4454,NA
4455,3
4456,138
4457,7
4458,1
4459,1
4460,32
4461,8
4462,7
4463,2
4464,11
4465,3
4466,52
4467,5
4468,1
4469,77
4470,5
4471,6
4472,1
4473,3
4474,25
4475,1
4476,NA
4477,66
4478,6
4479,39
4480,1
4481,28
4482,33
4483,3
4484,279
4485,5
4486,2
4487,8
4488,1
4489,NA
4490,25
4491,6
4492,3
4493,1
4494,3
4495,5
4496,36
4497,21
4498,2
4499,1
4500,NA
4501,66
4502,222
4503,2
4504,1
4505,3
4506,NA
4507,1
4508,10
4509,79
4510,3
4511,6
4512,5
4513,4
4514,17
4515,59
4516,54
4517,8
4518,1
4519,5
4520,NA
4521,NA
4522,2
4523,2
4524,1
4525,1
4526,4
4527,6
4528,3
4529,NA
4530,2
4531,34
4532,24
4533,16
4534,5
4535,2
4536,50
4537,1
4538,3
4539,3
4540,3
4541,NA
4542,2
4543,6
4544,19
4545,2
4546,NA
4547,12
4548,3
4549,3
4550,2
4551,2
4552,1
4553,2
4554,3
4555,137
4556,406
4557,1
4558,4
4559,9
4560,1
4561,4
4562,1
4563,1
4564,1
4565,1
4566,4
4567,5
4568,53
4569,1
4570,1
4571,310
4572,22
4573,1
4574,7
4575,6
4576,336
4577,14
4578,1
4579,7
4580,1
4581,14
4582,6
4583,3
4584,5
4585,1
4586,6
4587,4
4588,1
4589,NA
4590,1
4591,16
4592,3
4593,1
4594,NA
4595,3
4596,2
4597,1
4598,1
4599,3
4600,2
4601,46
4602,1
4603,38
4604,NA
4605,4
4606,70
4607,2
4608,13
4609,23
4610,4
4611,4
4612,10
4613,12
4614,1
4615,170
4616,2
4617,6
4618,1
4619,3
4620,1
4621,234
4622,2
4623,1
4624,17
4625,7
4626,4
4627,3
4628,6
4629,NA
4630,596
4631,2
4632,1
4633,1
4634,7
4635,1
4636,8
4637,19
4638,2
4639,5
4640,57
4641,2
4642,84
4643,1
4644,1
4645,4
4646,4
4647,27
4648,3
4649,77
4650,130
4651,14
4652,23
4653,9
4654,1
4655,1
4656,4
4657,3
4658,9
4659,59
4660,502
4661,2
4662,3
4663,1
4664,19
4665,2
4666,4
4667,5
4668,2
4669,1
4670,44
4671,2
4672,2
4673,15
4674,7
4675,1
4676,6
4677,1
4678,2
4679,23
4680,16
4681,16
4682,3
4683,1
4684,47
4685,2
4686,8
4687,6
4688,1
4689,17
4690,8
4691,34
4692,1
4693,5
4694,3
4695,1
4696,2
4697,2
4698,4
4699,1
4700,1
4701,4
4702,9
4703,15
4704,5
4705,1
4706,272
4707,1
4708,69
4709,21
4710,7
4711,14
4712,20
4713,4
4714,3
4715,128
4716,12
4717,5
4718,3
4719,NA
4720,10
4721,2
4722,11
4723,1
4724,1
4725,6
4726,2
4727,13
4728,1
4729,101
4730,186
4731,2
4732,1
4733,2
4734,1
4735,19
4736,4
4737,4
4738,1
4739,NA
4740,6
4741,6
4742,1
4743,4
4744,1
4745,22
4746,10
4747,5
4748,2
4749,1
4750,2
4751,NA
4752,2
4753,2
4754,1
4755,2
4756,2
4757,2
4758,1
4759,19
4760,37
4761,20
4762,1
4763,1
4764,NA
4765,10
4766,26
4767,4
4768,1
4769,NA
4770,5
4771,72
4772,1
4773,17
4774,23
4775,24
4776,186
4777,3
4778,2
4779,1
4780,5
4781,120
4782,6
4783,2
4784,11
4785,5
4786,100
4787,4
4788,55
4789,49
4790,3
4791,20
4792,2
4793,3
4794,1
4795,2
4796,10
4797,1
4798,1
4799,NA
4800,1
4801,2
4802,8
4803,12
4804,3
4805,25
4806,4
4807,1
4808,7
4809,1
4810,10
4811,2
4812,3
4813,8
4814,17
4815,7
4816,2
4817,1
4818,1
4819,3
4820,5
4821,4
4822,1
4823,11
4824,263
4825,9
4826,150
4827,4
4828,7
4829,3
4830,12
4831,4
4832,13
4833,3
4834,3
4835,93
4836,112
4837,1
4838,5
4839,99
4840,5
4841,62
4842,292
4843,3
4844,663
4845,4
4846,54
4847,3
4848,2
4849,NA
4850,1
4851,26
4852,7
4853,1
4854,1
4855,3
4856,18
4857,1
4858,9
4859,11
4860,3
4861,932
4862,12
4863,1
4864,89
4865,2
4866,2
4867,24
4868,1
4869,273
4870,1
4871,82
4872,8
4873,23
4874,33
4875,72
4876,2
4877,11
4878,1
4879,1
4880,7
4881,16
4882,1
4883,3
4884,1
4885,3
4886,50
4887,17
4888,1
4889,37
4890,39
4891,NA
4892,5
4893,1
4894,1
4895,1
4896,74
4897,6
4898,21
4899,3
4900,2
4901,6
4902,4
4903,3
4904,113
4905,9
4906,4
4907,1
4908,1
4909,163
4910,NA
4911,6
4912,3
4913,2
4914,1
4915,1
4916,48
4917,1
4918,2
4919,9
4920,1
4921,4
4922,4
4923,3
4924,5
4925,172
4926,NA
4927,39
4928,3
4929,889
4930,19
4931,2
4932,5
4933,1
4934,9
4935,2
4936,NA
4937,3
4938,23
4939,27
4940,7
4941,2
4942,1
4943,1
4944,181
4945,1
4946,14
4947,347
4948,2
4949,211
4950,13
4951,116
4952,NA
4953,2
4954,1
4955,8
4956,6
4957,4
4958,1
4959,1
4960,3
4961,NA
4962,1
4963,1
4964,NA
4965,1
4966,186
4967,23
4968,5
4969,1
4970,1
4971,28
4972,1
4973,NA
4974,NA
4975,3
4976,842
4977,8
4978,1
4979,43
4980,1
4981,10
4982,3
4983,3
4984,21
4985,1
4986,24
4987,8
4988,4
4989,1
4990,5
4991,2
4992,1
4993,14
4994,1
4995,2
4996,40
4997,1
4998,1
4999,37
5000,14
5001,NA
5002,30
5003,4
5004,313
5005,2
5006,4
5007,1
5008,228
5009,3
5010,1
5011,10
5012,4
5013,2
5014,9
5015,1
5016,180
5017,1
5018,2
5019,3
5020,1
5021,14
5022,1
5023,2
5024,367
5025,8
5026,146
5027,36
5028,2
5029,7
5030,65
5031,6
5032,10
5033,46
5034,23
5035,7
5036,2
5037,2
5038,3
5039,1
5040,1
5041,NA
5042,180
5043,6
5044,3
5045,3
5046,28
5047,2
5048,NA
5049,NA
5050,1
5051,94
5052,3
5053,35
5054,3
5055,16
5056,42
5057,2
5058,3
5059,3
5060,1
5061,4
5062,2
5063,2
5064,3
5065,14
5066,400
5067,2
5068,23
5069,1
5070,1
5071,50
5072,2
5073,6
5074,1
5075,1
5076,10
5077,136
5078,289
5079,3
5080,1
5081,8
5082,1
5083,1
5084,1
5085,3
5086,4
5087,1
5088,9
5089,3
5090,930
5091,2
5092,1
5093,23
5094,7
5095,9
5096,10
5097,1
5098,1
5099,9
5100,122
5101,210
5102,5
5103,1
5104,1
5105,1
5106,2
5107,4
5108,NA
5109,9
5110,9
5111,2
5112,2
5113,1
5114,NA
5115,1
5116,2
5117,17
5118,17
5119,1
5120,2
5121,NA
5122,4
5123,27
5124,1
5125,8
5126,6
5127,6
5128,5
5129,73
5130,2
5131,6
5132,1
5133,247
5134,25
5135,2
5136,4
5137,2
5138,2
5139,461
5140,2
5141,30
5142,11
5143,5
5144,3
5145,3
5146,2
5147,182
5148,6
5149,NA
5150,1
5151,8
5152,2
5153,8
5154,NA
5155,13
5156,16
5157,3
5158,2
5159,3
5160,2
5161,34
5162,48
5163,3
5164,75
5165,26
5166,2
5167,5
5168,1
5169,1
5170,35
5171,96
5172,10
5173,1
5174,1
5175,1
5176,788
5177,18
5178,3
5179,1
5180,2
5181,6
5182,2
5183,11
5184,53
5185,11
5186,28
5187,3
5188,2
5189,NA
5190,5
5191,NA
5192,1
5193,2
5194,1
5195,10
5196,20
5197,2
5198,33
5199,27
5200,1
5201,182
5202,1
5203,3
5204,31
5205,5
5206,580
5207,3
5208,15
5209,11
5210,13
5211,2
5212,4
5213,1
5214,1
5215,3
5216,12
5217,1
5218,1
5219,5
5220,4
5221,22
5222,1
5223,5
5224,3
5225,9
5226,2
5227,41
5228,1
5229,3
5230,2
5231,NA
5232,5
5233,6
5234,407
5235,1
5236,30
5237,286
5238,4
5239,3
5240,3
5241,4
5242,8
5243,42
5244,NA
5245,2
5246,2
5247,2
5248,34
5249,15
5250,128
5251,6
5252,6
5253,5
5254,33
5255,1
5256,4
5257,1
5258,19
5259,1
5260,1
5261,20
5262,17
5263,27
5264,1
5265,14
5266,12
5267,507
5268,4
5269,1
5270,743
5271,50
5272,68
5273,4
5274,1
5275,3
5276,4
5277,1
5278,5
5279,NA
5280,3
5281,2
5282,2
5283,10
5284,49
5285,1
5286,8
5287,10
5288,3
5289,NA
5290,1
5291,4
5292,29
5293,1
5294,1
5295,11
5296,22
5297,5
5298,3
5299,23
5300,NA
5301,318
5302,5
5303,39
5304,39
5305,3
5306,288
5307,1
5308,3
5309,427
5310,2
5311,10
5312,61
5313,7
5314,143
5315,6
5316,NA
5317,2
5318,61
5319,3
5320,7
5321,NA
5322,4
5323,1
5324,71
5325,3
5326,NA
5327,67
5328,20
5329,63
5330,1
5331,8
5332,10
5333,134
5334,1
5335,1
5336,2
5337,2
5338,4
5339,99
5340,5
5341,8
5342,2
5343,708
5344,1
5345,2
5346,30
5347,2
5348,6
5349,41
5350,8
5351,2
5352,40
5353,3
5354,91
5355,14
5356,26
5357,10
5358,3
5359,75
5360,3
5361,664
5362,5
5363,1
5364,NA
5365,156
5366,NA
5367,3
5368,1
5369,NA
5370,5
5371,2
5372,1
5373,3
5374,55
5375,NA
5376,2
5377,1
5378,3
5379,11
5380,78
5381,NA
5382,4
5383,3
5384,NA
5385,1
5386,2
5387,50
5388,4
5389,43
5390,1
5391,20
5392,1
5393,33
5394,27
5395,11
5396,716
5397,10
5398,2
5399,19
5400,2
5401,14
5402,1
5403,39
5404,1
5405,5
5406,4
5407,5
5408,4
5409,3
5410,80
5411,16
5412,2
5413,2
5414,NA
5415,2
5416,252
5417,1
5418,5
5419,5
5420,1
5421,2
5422,2
5423,9
5424,1
5425,6
5426,32
5427,1
5428,1
5429,3
5430,3
5431,2
5432,2
5433,14
5434,1
5435,5
5436,2
5437,1
5438,1
5439,21
5440,NA
5441,2
5442,3
5443,4
5444,17
5445,2
5446,52
5447,1
5448,1
5449,69
5450,6
5451,4
5452,2
5453,5
5454,1
5455,1
5456,108
5457,2
5458,6
5459,3
5460,1
5461,4
5462,NA
5463,2
5464,71
5465,433
5466,548
5467,2
5468,24
5469,1
5470,2
5471,2
5472,3
5473,1
5474,NA
5475,1
5476,8
5477,42
5478,30
5479,3
5480,34
5481,NA
5482,5
5483,1
5484,9
5485,8
5486,192
5487,289
5488,6
5489,NA
5490,390
5491,6
5492,288
5493,7
5494,1
5495,3
5496,10
5497,56
5498,1
5499,17
5500,1
5501,106
5502,2
5503,1
5504,33
5505,6
5506,460
5507,472
5508,3
5509,3
5510,4
5511,6
5512,1
5513,24
5514,1
5515,1
5516,88
5517,1
5518,10
5519,NA
5520,3
5521,12
5522,11
5523,2
5524,1
5525,296
5526,2
5527,5
5528,6
5529,3
5530,11
5531,2
5532,1
5533,7
5534,29
5535,7
5536,2
5537,19
5538,14
5539,1
5540,54
5541,840
5542,10
5543,NA
5544,1
5545,1
5546,6
5547,1
5548,2
5549,15
5550,1
5551,NA
5552,2
5553,1
5554,1
5555,3
5556,4
5557,101
5558,3
5559,1
5560,1
5561,314
5562,12
5563,11
5564,1
5565,12
5566,16
5567,2
5568,1
5569,215
5570,1
5571,2
5572,1
5573,13
5574,25
5575,3
5576,6
5577,6
5578,10
5579,NA
5580,1
5581,NA
5582,6
5583,3
5584,47
5585,8
5586,4
5587,1
5588,7
5589,1
5590,26
5591,4
5592,1
5593,1
5594,5
5595,28
5596,NA
5597,2
5598,3
5599,1
5600,37
5601,34
5602,1
5603,5
5604,9
5605,1
5606,2
5607,1
5608,5
5609,1
5610,1
5611,4
5612,9
5613,7
5614,11
5615,2
5616,46
5617,2
5618,3
5619,1
5620,3
5621,32
5622,17
5623,21
5624,1
5625,4
5626,6
5627,3
5628,7
5629,17
5630,26
5631,14
5632,4
5633,19
5634,85
5635,2
5636,4
5637,2
5638,1
5639,53
5640,3
5641,10
5642,4
5643,1
5644,109
5645,1
5646,16
5647,1
5648,2
5649,165
5650,24
5651,NA
5652,1
5653,2
5654,51
5655,1
5656,4
5657,6
5658,1
5659,3
5660,14
5661,10
5662,3
5663,NA
5664,1
5665,2
5666,2
5667,449
5668,7
5669,1
5670,1
5671,8
5672,4
5673,407
5674,3
5675,33
5676,2
5677,1
5678,2
5679,483
5680,1
5681,NA
5682,1
5683,14
5684,51
5685,2
5686,2
5687,2
5688,455
5689,1
5690,10
5691,24
5692,2
5693,3
5694,5
5695,2
5696,NA
5697,NA
5698,2
5699,1
5700,1
5701,NA
5702,3
5703,3
5704,3
5705,20
5706,2
5707,1
5708,217
5709,5
5710,1
5711,2
5712,2
5713,13
5714,19
5715,24
5716,4
5717,27
5718,17
5719,1
5720,5
5721,NA
5722,140
5723,NA
5724,1
5725,1
5726,510
5727,2
5728,1
5729,137
5730,2
5731,70
5732,2
5733,5
5734,1
5735,4
5736,6
5737,10
5738,NA
5739,3
5740,3
5741,416
5742,3
5743,1
5744,NA
5745,13
5746,2
5747,2
5748,6
5749,63
5750,98
5751,6
5752,3
5753,1
5754,1
5755,16
5756,2
5757,17
5758,3
5759,1
5760,2
5761,6
5762,1
5763,2
5764,7
5765,3
5766,22
5767,1
5768,13
5769,1
5770,3
5771,NA
5772,6
5773,5
5774,9
5775,5
5776,2
5777,109
5778,7
5779,215
5780,1
5781,NA
5782,3
5783,6
5784,13
5785,1
5786,70
5787,1
5788,2
5789,13
5790,2
5791,10
5792,3
5793,2
5794,1
5795,1
5796,754
5797,11
5798,3
5799,NA
5800,16
5801,NA
5802,47
5803,1
5804,103
5805,1
5806,228
5807,172
5808,1
5809,83
5810,6
5811,4
5812,14
5813,1
5814,3
5815,12
5816,NA
5817,8
5818,18
5819,NA
5820,8
5821,624
5822,4
5823,2
5824,71
5825,NA
5826,12
5827,2
5828,12
5829,1
5830,1
5831,8
5832,1
5833,1
5834,3
5835,2
5836,30
5837,2
5838,1
5839,NA
5840,NA
5841,2
5842,2
5843,1
5844,63
5845,1
5846,24
5847,9
5848,12
5849,5
5850,3
5851,NA
5852,1
5853,24
5854,1
5855,2
5856,194
5857,3
5858,194
5859,5
5860,1
5861,6
5862,1
5863,6
5864,17
5865,1
5866,452
5867,28
5868,1
5869,115
5870,4
5871,10
5872,1
5873,2
5874,5
5875,8
5876,NA
5877,44
5878,1
5879,1
5880,40
5881,58
5882,6
5883,1
5884,NA
5885,4
5886,238
5887,2
5888,4
5889,1
5890,5
5891,26
5892,3
5893,313
5894,139
5895,134
5896,2
5897,63
5898,9
5899,5
5900,3
5901,4
5902,31
5903,100
5904,1
5905,4
5906,6
5907,5
5908,3
5909,NA
5910,1
5911,56
5912,5
5913,18
5914,105
5915,13
5916,20
5917,6
5918,5
5919,NA
5920,5
5921,2
5922,1
5923,2
5924,1
5925,24
5926,2
5927,3
5928,1
5929,35
5930,1
5931,2
5932,12
5933,4
5934,9
5935,925
5936,2
5937,7
5938,2
5939,NA
5940,59
5941,24
5942,7
5943,3
5944,1
5945,3
5946,8
5947,5
5948,1
5949,7
5950,1
5951,NA
5952,9
5953,1
5954,9
5955,1
5956,14
5957,1
5958,2
5959,1
5960,3
5961,12
5962,10
5963,3
5964,135
5965,7
5966,20
5967,1
5968,4
5969,133
5970,8
5971,4
5972,48
5973,1
5974,81
5975,5
5976,NA
5977,7
5978,7
5979,13
5980,27
5981,NA
5982,8
5983,3
5984,1
5985,22
5986,12
5987,1
5988,1
5989,3
5990,18
5991,2
5992,2
5993,1
5994,57
5995,21
5996,4
5997,12
5998,7
5999,5
6000,6
6001,8
6002,68
6003,6
6004,5
6005,43
6006,2
6007,2
6008,14
6009,1
6010,3
6011,4
6012,9
6013,2
6014,1
6015,9
6016,2
6017,2
6018,1
6019,9
6020,1
6021,2
6022,3
6023,18
6024,NA
6025,45
6026,NA
6027,19
6028,8
6029,1
6030,5
6031,6
6032,4
6033,1
6034,1
6035,107
6036,NA
6037,1
6038,8
6039,43
6040,2
6041,NA
6042,1
6043,2
6044,3
6045,3
6046,NA
6047,1
6048,2
6049,1
6050,19
6051,2
6052,35
6053,5
6054,9
6055,7
6056,10
6057,13
6058,1
6059,NA
6060,69
6061,2
6062,2
6063,1
6064,7
6065,1
6066,2
6067,9
6068,13
6069,3
6070,1
6071,12
6072,1
6073,4
6074,1
6075,3
6076,8
6077,18
6078,15
6079,3
6080,21
6081,54
6082,2
6083,1
6084,1
6085,4
6086,12
6087,68
6088,6
6089,9
6090,10
6091,2
6092,2
6093,12
6094,65
6095,7
6096,4
6097,2
6098,2
6099,NA
6100,5
6101,2
6102,1
6103,1
6104,3
6105,35
6106,764
6107,2
6108,2
6109,1
6110,4
6111,4
6112,10
6113,30
6114,1
6115,4
6116,54
6117,340
6118,1
6119,1
6120,3
6121,14
6122,6
6123,9
6124,1
6125,2
6126,2
6127,2
6128,32
6129,5
6130,3
6131,94
6132,5
6133,34
6134,15
6135,306
6136,28
6137,61
6138,1
6139,7
6140,1
6141,18
6142,8
6143,3
6144,5
6145,44
6146,NA
6147,2
6148,6
6149,1
6150,5
6151,NA
6152,21
6153,1
6154,277
6155,1
6156,12
6157,2
6158,6
6159,11
6160,6
6161,NA
6162,1
6163,37
6164,NA
6165,531
6166,NA
6167,7
6168,8
6169,3
6170,6
6171,10
6172,1
6173,406
6174,1
6175,6
6176,4
6177,1
6178,3
6179,3
6180,1
6181,2
6182,1
6183,2
6184,1
6185,18
6186,184
6187,2
6188,36
6189,5
6190,26
6191,2
6192,21
6193,6
6194,1
6195,114
6196,NA
6197,18
6198,2
6199,5
6200,19
6201,NA
6202,8
6203,1
6204,1
6205,1
6206,2
6207,4
6208,9
6209,1
6210,1
6211,NA
6212,715
6213,3
6214,1
6215,86
6216,60
6217,1
6218,271
6219,NA
6220,2
6221,18
6222,28
6223,1
6224,NA
6225,558
6226,126
6227,2
6228,1
6229,23
6230,7
6231,10
6232,716
6233,5
6234,333
6235,3
6236,4
6237,3
6238,2
6239,1
6240,3
6241,NA
6242,35
6243,1
6244,3
6245,1
6246,14
6247,1
6248,159
6249,7
6250,2
6251,12
6252,2
6253,2
6254,1
6255,2
6256,48
6257,1
6258,12
6259,1
6260,45
6261,24
6262,18
6263,1
6264,9
6265,1
6266,4
6267,1
6268,35
6269,NA
6270,52
6271,4
6272,1
6273,6
6274,1
6275,3
6276,164
6277,3
6278,2
6279,1
6280,2
6281,232
6282,31
6283,16
6284,373
6285,1
6286,2
6287,18
6288,3
6289,1
6290,26
6291,294
6292,3
6293,1
6294,1
6295,4
6296,NA
6297,10
6298,1
6299,25
6300,25
6301,4
6302,1
6303,7
6304,23
6305,9
6306,2
6307,2
6308,7
6309,3
6310,NA
6311,100
6312,1
6313,3
6314,315
6315,7
6316,6
6317,13
6318,3
6319,1
6320,13
6321,2
6322,2
6323,NA
6324,3
6325,2
6326,58
6327,22
6328,13
6329,NA
6330,8
6331,576
6332,153
6333,1
6334,11
6335,1
6336,224
6337,9
6338,1
6339,3
6340,3
6341,2
6342,3
6343,7
6344,175
6345,2
6346,6
6347,145
6348,1
6349,1
6350,5
6351,4
6352,1
6353,4
6354,15
6355,5
6356,4
6357,2
6358,1
6359,5
6360,5
6361,76
6362,2
6363,8
6364,1
6365,4
6366,NA
6367,3
6368,156
6369,5
6370,5
6371,16
6372,9
6373,2
6374,3
6375,1
6376,10
6377,12
6378,12
6379,1
6380,17
6381,2
6382,4
6383,NA
6384,23
6385,2
6386,NA
6387,57
6388,2
6389,139
6390,86
6391,2
6392,10
6393,30
6394,NA
6395,2
6396,10
6397,1
6398,2
6399,5
6400,1
6401,NA
6402,30
6403,3
6404,71
6405,1
6406,2
6407,2
6408,1
6409,NA
6410,NA
6411,NA
6412,8
6413,2
6414,1
6415,1
6416,NA
6417,1
6418,3
6419,3
6420,14
6421,2
6422,2
6423,11
6424,35
6425,1
6426,12
6427,16
6428,169
6429,3
6430,5
6431,84
6432,1
6433,4
6434,19
6435,2
6436,2
6437,501
6438,5
6439,21
6440,5
6441,578
6442,3
6443,181
6444,93
6445,51
6446,4
6447,3
6448,1
6449,3
6450,1
6451,2
6452,1
6453,2
6454,75
6455,25
6456,28
6457,1
6458,3
6459,5
6460,2
6461,28
6462,1
6463,8
6464,3
6465,2
6466,6
6467,2
6468,2
6469,55
6470,4
6471,2
6472,2
6473,1
6474,1
6475,7
6476,78
6477,2
6478,1
6479,215
6480,22
6481,4
6482,13
6483,1
6484,1
6485,3
6486,NA
6487,15
6488,1
6489,3
6490,1
6491,16
6492,5
6493,5
6494,NA
6495,1
6496,NA
6497,8
6498,7
6499,1
6500,3
6501,10
6502,3
6503,2
6504,19
6505,18
6506,8
6507,3
6508,4
6509,1
6510,1
6511,NA
6512,18
6513,1
6514,NA
6515,5
6516,4
6517,675
6518,1
6519,577
6520,1
6521,50
6522,4
6523,1
6524,11
6525,1
6526,12
6527,1
6528,2
6529,3
6530,3
6531,2
6532,5
6533,1
6534,211
6535,5
6536,NA
6537,2
6538,4
6539,NA
6540,1
6541,32
6542,40
6543,3
6544,1
6545,1
6546,66
6547,4
6548,12
6549,5
6550,15
6551,58
6552,2
6553,7
6554,1
6555,2
6556,76
6557,84
6558,281
6559,NA
6560,8
6561,36
6562,14
6563,3
6564,3
6565,1
6566,2
6567,1
6568,4
6569,535
6570,208
6571,16
6572,3
6573,1
6574,13
6575,2
6576,12
6577,2
6578,418
6579,3
6580,2
6581,4
6582,1
6583,6
6584,9
6585,4
6586,46
6587,1
6588,2
6589,195
6590,15
6591,4
6592,1
6593,9
6594,3
6595,4
6596,NA
6597,2
6598,78
6599,1
6600,1
6601,2
6602,2
6603,7
6604,1
6605,35
6606,64
6607,560
6608,1
6609,11
6610,2
6611,2
6612,107
6613,59
6614,7
6615,29
6616,8
6617,1
6618,17
6619,3
6620,NA
6621,NA
6622,67
6623,2
6624,1
6625,11
6626,12
6627,22
6628,3
6629,3
6630,12
6631,2
6632,1
6633,3
6634,55
6635,105
6636,772
6637,1
6638,2
6639,1
6640,2
6641,298
6642,7
6643,2
6644,NA
6645,1
6646,NA
6647,NA
6648,21
6649,1
6650,1
6651,14
6652,21
6653,103
6654,NA
6655,64
6656,2
6657,2
6658,1
6659,NA
6660,3
6661,24
6662,3
6663,13
6664,47
6665,NA
6666,42
6667,7
6668,22
6669,1
6670,2
6671,376
6672,31
6673,2
6674,35
6675,2
6676,462
6677,5
6678,5
6679,17
6680,7
6681,8
6682,10
6683,3
6684,33
6685,1
6686,NA
6687,4
6688,2
6689,NA
6690,1
6691,NA
6692,3
6693,5
6694,81
6695,2
6696,NA
6697,59
6698,4
6699,1
6700,1
6701,2
6702,11
6703,34
6704,1
6705,3
6706,2
6707,1
6708,2
6709,1
6710,36
6711,12
6712,NA
6713,2
6714,19
6715,2
6716,18
6717,3
6718,1
6719,15
6720,1
6721,2
6722,8
6723,1
6724,5
6725,4
6726,8
6727,1
6728,2
6729,NA
6730,27
6731,NA
6732,7
6733,1
6734,115
6735,1
6736,10
6737,6
6738,4
6739,7
6740,2
6741,82
6742,23
6743,96
6744,3
6745,5
6746,NA
6747,3
6748,1
6749,NA
6750,3
6751,NA
6752,4
6753,1
6754,1
6755,17
6756,6
6757,15
6758,47
6759,9
6760,9
6761,NA
6762,6
6763,1
6764,3
6765,2
6766,4
6767,49
6768,5
6769,341
6770,73
6771,6
6772,2
6773,2
6774,17
6775,9
6776,4
6777,2
6778,1
6779,1
6780,68
6781,24
6782,68
6783,7
6784,67
6785,248
6786,282
6787,2
6788,4
6789,NA
6790,6
6791,2
6792,1
6793,3
6794,NA
6795,1
6796,10
6797,117
6798,23
6799,3
6800,80
6801,2
6802,1
6803,1
6804,5
6805,2
6806,NA
6807,1
6808,16
6809,11
6810,10
6811,2
6812,1
6813,247
6814,93
6815,9
6816,24
6817,1
6818,5
6819,11
6820,4
6821,NA
6822,2
6823,4
6824,1
6825,2
6826,26
6827,3
6828,1
6829,39
6830,1
6831,34
6832,1
6833,79
6834,73
6835,3
6836,726
6837,1
6838,17
6839,1
6840,2
6841,6
6842,3
6843,2
6844,5
6845,2
6846,2
6847,7
6848,1
6849,7
6850,2
6851,36
6852,1
6853,1
6854,5
6855,1
6856,2
6857,2
6858,1
6859,11
6860,100
6861,20
6862,27
6863,861
6864,NA
6865,1
6866,2
6867,2
6868,1
6869,13
6870,1
6871,8
6872,23
6873,1
6874,29
6875,4
6876,4
6877,1
6878,4
6879,1
6880,2
6881,NA
6882,4
6883,1
6884,1
6885,16
6886,4
6887,21
6888,2
6889,7
6890,9
6891,NA
6892,3
6893,40
6894,5
6895,2
6896,156
6897,1
6898,5
6899,15
6900,1
6901,2
6902,1
6903,138
6904,NA
6905,756
6906,594
6907,1
6908,NA
6909,1
6910,1
6911,98
6912,69
6913,2
6914,69
6915,2
6916,6
6917,389
6918,2
6919,1
6920,2
6921,12
6922,2
6923,3
6924,1
6925,1
6926,NA
6927,2
6928,3
6929,23
6930,1
6931,4
6932,6
6933,6
6934,125
6935,243
6936,14
6937,3
6938,1
6939,133
6940,2
6941,4
6942,1
6943,2
6944,3
6945,16
6946,2
6947,5
6948,2
6949,NA
6950,4
6951,966
6952,2
6953,27
6954,1
6955,4
6956,NA
6957,1
6958,3
6959,NA
6960,2
6961,36
6962,NA
6963,4
6964,1
6965,1
6966,2
6967,1
6968,19
6969,39
6970,4
6971,NA
6972,12
6973,13
6974,973
6975,1
6976,42
6977,1
6978,137
6979,31
6980,30
6981,60
6982,1
6983,5
6984,7
6985,7
6986,6
6987,1
6988,1
6989,15
6990,20
6991,10
6992,5
6993,10
6994,1
6995,1
6996,2
6997,9
6998,6
6999,523
7000,7
7001,2
7002,1
7003,5
7004,NA
7005,27
7006,NA
7007,5
7008,1
7009,85
7010,2
7011,2
7012,1
7013,1
7014,3
7015,5
7016,NA
7017,1
7018,6
7019,1
7020,4
7021,58
7022,1
7023,1
7024,1
7025,9
7026,292
7027,1
7028,2
7029,1
7030,3
7031,6
7032,2
7033,11
7034,NA
7035,4
7036,NA
7037,37
7038,9
7039,3
7040,1
7041,2
7042,1
7043,8
7044,33
7045,5
7046,16
7047,52
7048,5
7049,1
7050,49
7051,12
7052,6
7053,2
7054,1
7055,35
7056,2
7057,10
7058,4
7059,1
7060,2
7061,36
7062,1
7063,2
7064,1
7065,19
7066,6
7067,3
7068,1
7069,5
7070,12
7071,NA
7072,1
7073,1
7074,NA
7075,1
7076,4
7077,5
7078,77
7079,NA
7080,13
7081,NA
7082,25
7083,9
7084,33
7085,43
7086,4
7087,1
7088,29
7089,7
7090,23
7091,4
7092,2
7093,1
7094,27
7095,15
7096,4
7097,239
7098,1
7099,23
7100,1
7101,60
7102,22
7103,418
7104,3
7105,3
7106,6
7107,1
7108,1
7109,293
7110,1
7111,238
7112,4
7113,468
7114,793
7115,2
7116,24
7117,4
7118,1
7119,25
7120,1
7121,30
7122,2
7123,3
7124,9
7125,295
7126,6
7127,7
7128,6
7129,45
7130,15
7131,4
7132,1
7133,20
7134,1
7135,2
7136,182
7137,5
7138,7
7139,1
7140,31
7141,6
7142,14
7143,1
7144,71
7145,5
7146,NA
7147,2
7148,4
7149,3
7150,3
7151,158
7152,5
7153,1
7154,1
7155,5
7156,296
7157,3
7158,3
7159,1
7160,2
7161,2
7162,19
7163,1
7164,51
7165,2
7166,12
7167,13
7168,9
7169,NA
7170,1
7171,26
7172,22
7173,1
7174,275
7175,4
7176,22
7177,44
7178,6
7179,29
7180,6
7181,2
7182,196
7183,2
7184,87
7185,1
7186,2
7187,3
7188,2
7189,3
7190,2
7191,106
7192,1
7193,981
7194,1
7195,2
7196,2
7197,7
7198,1
7199,89
7200,59
7201,4
7202,1
7203,3
7204,NA
7205,2
7206,6
7207,12
7208,1
7209,1
7210,3
7211,16
7212,2
7213,5
7214,35
7215,1
7216,NA
7217,1
7218,95
7219,1
7220,1
7221,2
7222,1
7223,2
7224,1
7225,1
7226,22
7227,NA
7228,2
7229,1
7230,1
7231,24
7232,2
7233,13
7234,229
7235,88
7236,4
7237,51
7238,1
7239,NA
7240,15
7241,14
7242,12
7243,1
7244,1
7245,3
7246,10
7247,4
7248,1
7249,107
7250,66
7251,2
7252,3
7253,11
7254,69
7255,11
7256,4
7257,7
7258,4
7259,NA
7260,1
7261,26
7262,1
7263,5
7264,1
7265,7
7266,4
7267,2
7268,2
7269,NA
7270,8
7271,NA
7272,2
7273,9
7274,115
7275,3
7276,NA
7277,5
7278,39
7279,1
7280,5
7281,218
7282,2
7283,12
7284,27
7285,5
7286,218
7287,31
7288,46
7289,235
7290,8
7291,94
7292,1
7293,3
7294,51
7295,30
7296,138
7297,5
7298,4
7299,543
7300,3
7301,NA
7302,1
7303,6
7304,9
7305,6
7306,126
7307,4
7308,2
7309,1
7310,13
7311,30
7312,5
7313,3
7314,3
7315,4
7316,2
7317,12
7318,1
7319,NA
7320,16
7321,4
7322,5
7323,1
7324,NA
7325,1
7326,2
7327,1
7328,1
7329,1
7330,4
7331,NA
7332,3
7333,3
7334,1
7335,1
7336,2
7337,24
7338,1
7339,355
7340,14
7341,6
7342,2
7343,14
7344,17
7345,1
7346,264
7347,2
7348,3
7349,3
7350,7
7351,2
7352,4
7353,1
7354,3
7355,22
7356,10
7357,1
7358,6
7359,NA
7360,6
7361,140
7362,3
7363,1
7364,7
7365,43
7366,2
7367,15
7368,5
7369,NA
7370,76
7371,2
7372,4
7373,1
7374,127
7375,11
7376,NA
7377,9
7378,1
7379,13
7380,28
7381,14
7382,3
7383,5
7384,3
7385,2
7386,4
7387,9
7388,362
7389,65
7390,1
7391,NA
7392,2
7393,1
7394,21
7395,78
7396,6
7397,1
7398,1
7399,3
7400,1
7401,4
7402,1
7403,164
7404,559
7405,146
7406,8
7407,1
7408,7
7409,1
7410,2
7411,28
7412,2
7413,6
7414,1
7415,103
7416,42
7417,2
7418,15
7419,97
7420,1
7421,2
7422,3
7423,3
7424,NA
7425,1
7426,20
7427,7
7428,1
7429,1
7430,2
7431,4
7432,5
7433,2
7434,3
7435,4
7436,60
7437,17
7438,15
7439,NA
7440,1
7441,2
7442,545
7443,22
7444,15
7445,9
7446,NA
7447,3
7448,6
7449,31
7450,21
7451,NA
7452,6
7453,1
7454,NA
7455,1
7456,4
7457,38
7458,1
7459,27
7460,4
7461,16
7462,11
7463,4
7464,3
7465,12
7466,12
7467,5
7468,1
7469,25
7470,11
7471,82
7472,NA
7473,3
7474,1
7475,3
7476,2
7477,1
7478,1
7479,1
7480,4
7481,6
7482,1
7483,2
7484,NA
7485,1
7486,NA
7487,200
7488,1
7489,1
7490,18
7491,2
7492,1
7493,24
7494,17
7495,1
7496,410
7497,1
7498,32
7499,NA
7500,3
7501,6
7502,129
7503,4
7504,7
7505,4
7506,8
7507,5
7508,6
7509,103
7510,1
7511,24
7512,473
7513,4
7514,5
7515,5
7516,40
7517,13
7518,109
7519,1
7520,8
7521,12
7522,2
7523,NA
7524,3
7525,3
7526,4
7527,1
7528,20
7529,3
7530,3
7531,2
7532,1
7533,7
7534,111
7535,1
7536,34
7537,7
7538,2
7539,1
7540,1
7541,8
7542,9
7543,2
7544,NA
7545,1
7546,18
7547,2
7548,2
7549,55
7550,92
7551,90
7552,26
7553,15
7554,1
7555,176
7556,12
7557,15
7558,7
7559,NA
7560,4
7561,2
7562,1
7563,1
7564,NA
7565,NA
7566,4
7567,1
7568,70
7569,7
7570,1
7571,88
7572,72
7573,261
7574,341
7575,19
7576,2
7577,7
7578,2
7579,5
7580,1
7581,4
7582,1
7583,2
7584,1
7585,8
7586,NA
7587,106
7588,1
7589,1
7590,51
7591,2
7592,12
7593,15
7594,5
7595,2
7596,784
7597,2
7598,6
7599,147
7600,1
7601,NA
7602,306
7603,251
7604,1
7605,2
7606,64
7607,1
7608,4
7609,NA
7610,2
7611,4
7612,3
7613,2
7614,1
7615,1
7616,4
7617,2
7618,40
7619,5
7620,2
7621,60
7622,7
7623,26
7624,1
7625,1
7626,198
7627,4
7628,3
7629,45
7630,13
7631,68
7632,1
7633,288
7634,3
7635,1
7636,56
7637,2
7638,4
7639,NA
7640,5
7641,18
7642,12
7643,4
7644,1
7645,4
7646,54
7647,2
7648,6
7649,5
7650,2
7651,4
7652,7
7653,1
7654,3
7655,2
7656,NA
7657,50
7658,1
7659,5
7660,2
7661,12
7662,9
7663,88
7664,NA
7665,1
7666,NA
7667,1
7668,36
7669,5
7670,3
7671,NA
7672,3
7673,6
7674,63
7675,8
7676,160
7677,3
7678,1
7679,1
7680,7
7681,6
7682,3
7683,2
7684,5
7685,2
7686,6
7687,2
7688,1
7689,1
7690,2
7691,NA
7692,4
7693,12
7694,41
7695,1
7696,270
7697,76
7698,111
7699,1
7700,30
7701,10
7702,21
7703,158
7704,3
7705,99
7706,34
7707,3
7708,1
7709,891
7710,29
7711,28
7712,16
7713,4
7714,19
7715,4
7716,30
7717,1
7718,15
7719,5
7720,8
7721,2
7722,1
7723,3
7724,1
7725,2
7726,28
7727,5
7728,3
7729,7
7730,2
7731,12
7732,2
7733,3
7734,29
7735,11
7736,110
7737,1
7738,17
7739,NA
7740,12
7741,16
7742,7
7743,2
7744,NA
7745,5
7746,2
7747,3
7748,10
7749,11
7750,8
7751,4
7752,6
7753,2
7754,3
7755,8
7756,6
7757,4
7758,1
7759,3
7760,34
7761,NA
7762,7
7763,5
7764,1
7765,1
7766,2
7767,156
7768,6
7769,13
7770,1
7771,6
7772,224
7773,18
7774,143
7775,1
7776,142
7777,9
7778,7
7779,9
7780,1
7781,2
7782,1
7783,4
7784,5
7785,5
7786,6
7787,6
7788,4
7789,1
7790,2
7791,2
7792,1
7793,1
7794,9
7795,3
7796,NA
7797,41
7798,3
7799,5
7800,1
7801,NA
7802,2
7803,4
7804,5
7805,1
7806,98
7807,2
7808,5
7809,3
7810,17
7811,148
7812,1
7813,4
7814,3
7815,2
7816,16
7817,129
7818,1
7819,21
7820,2
7821,22
7822,1
7823,9
7824,7
7825,3
7826,14
7827,1
7828,3
7829,1
7830,2
7831,NA
7832,3
7833,24
7834,11
7835,8
7836,18
7837,2
7838,5
7839,135
7840,1
7841,18
7842,1
7843,1
7844,21
7845,4
7846,34
7847,2
7848,11
7849,1
7850,150
7851,NA
7852,3
7853,2
7854,1
7855,2
7856,4
7857,1
7858,4
7859,1
7860,4
7861,20
7862,5
7863,2
7864,51
7865,4
7866,40
7867,1
7868,NA
7869,793
7870,4
7871,8
7872,3
7873,1
7874,1
7875,1
7876,10
7877,184
7878,7
7879,5
7880,3
7881,NA
7882,1
7883,14
7884,3
7885,2
7886,NA
7887,15
7888,1
7889,27
7890,22
7891,4
7892,1
7893,10
7894,3
7895,7
7896,4
7897,1
7898,3
7899,5
7900,6
7901,22
7902,2
7903,2
7904,43
7905,2
7906,2
7907,12
7908,1
7909,1
7910,1
7911,2
7912,1
7913,1
7914,3
7915,19
7916,14
7917,8
7918,2
7919,1
7920,5
7921,100
7922,1
7923,1
7924,1
7925,101
7926,18
7927,8
7928,65
7929,1
7930,77
7931,NA
7932,2
7933,6
7934,5
7935,2
7936,6
7937,1
7938,4
7939,1
7940,6
7941,8
7942,2
7943,3
7944,1
7945,1
7946,4
7947,52
7948,33
7949,NA
7950,378
7951,40
7952,59
7953,2
7954,51
7955,2
7956,4
7957,4
7958,1
7959,3
7960,7
7961,468
7962,3
7963,3
7964,59
7965,9
7966,26
7967,19
7968,1
7969,1
7970,48
7971,408
7972,7
7973,1
7974,17
7975,1
7976,18
7977,5
7978,13
7979,NA
7980,6
7981,NA
7982,25
7983,3
7984,9
7985,1
7986,2
7987,1
7988,5
7989,1
7990,1
7991,166
7992,1
7993,2
7994,1
7995,1
7996,2
7997,2
7998,3
7999,11
8000,8
8001,2
8002,1
8003,1
8004,37
8005,2
8006,12
8007,41
8008,2
8009,55
8010,1
8011,20
8012,786
8013,33
8014,NA
8015,3
8016,2
8017,NA
8018,56
8019,3
8020,9
8021,484
8022,7
8023,1
8024,3
8025,6
8026,8
8027,7
8028,14
8029,49
8030,1
8031,2
8032,20
8033,5
8034,NA
8035,2
8036,490
8037,7
8038,2
8039,103
8040,2
8041,6
8042,NA
8043,1
8044,353
8045,2
8046,2
8047,28
8048,4
8049,1
8050,1
8051,6
8052,6
8053,18
8054,NA
8055,11
8056,4
8057,1
8058,5
8059,43
8060,5
8061,4
8062,3
8063,1
8064,7
8065,4
8066,78
8067,37
8068,2
8069,5
8070,2
8071,8
8072,2
8073,223
8074,1
8075,610
8076,4
8077,1
8078,33
8079,1
8080,6
8081,152
8082,212
8083,9
8084,231
8085,4
8086,8
8087,2
8088,1
8089,45
8090,1
8091,56
8092,3
8093,1
8094,997
8095,276
8096,6
8097,3
8098,4
8099,1
8100,1
8101,4
8102,3
8103,3
8104,5
8105,17
8106,34
8107,1
8108,1
8109,31
8110,30
8111,10
8112,2
8113,59
8114,NA
8115,3
8116,14
8117,14
8118,1
8119,9
8120,39
8121,32
8122,1
8123,11
8124,63
8125,10
8126,10
8127,1
8128,1
8129,1
8130,176
8131,2
8132,35
8133,1
8134,1
8135,1
8136,14
8137,1
8138,6
8139,1
8140,1
8141,NA
8142,1
8143,2
8144,7
8145,4
8146,NA
8147,274
8148,1
8149,119
8150,3
8151,270
8152,2
8153,41
8154,25
8155,1
8156,6
8157,170
8158,2
8159,15
8160,4
8161,2
8162,4
8163,1
8164,249
8165,1
8166,12
8167,3
8168,3
8169,7
8170,5
8171,82
8172,1
8173,15
8174,1
8175,2
8176,34
8177,2
8178,3
8179,1
8180,35
8181,166
8182,5
8183,1
8184,1
8185,1
8186,12
8187,615
8188,16
8189,5
8190,1
8191,2
8192,NA
8193,2
8194,3
8195,47
8196,4
8197,4
8198,1
8199,69
8200,36
8201,658
8202,9
8203,1
8204,99
8205,4
8206,32
8207,1
8208,9
8209,785
8210,4
8211,16
8212,5
8213,NA
8214,7
8215,3
8216,22
8217,9
8218,1
8219,NA
8220,1
8221,NA
8222,8
8223,9
8224,23
8225,13
8226,2
8227,7
8228,3
8229,5
8230,24
8231,NA
8232,3
8233,1
8234,1
8235,3
8236,10
8237,3
8238,7
8239,7
8240,2
8241,2
8242,6
8243,23
8244,95
8245,1
8246,300
8247,1
8248,34
8249,3
8250,5
8251,136
8252,1
8253,3
8254,103
8255,3
8256,104
8257,2
8258,3
8259,37
8260,38
8261,28
8262,2
8263,36
8264,219
8265,3
8266,2
8267,18
8268,7
8269,3
8270,1
8271,2
8272,3
8273,1
8274,NA
8275,1
8276,8
8277,8
8278,66
8279,NA
8280,547
8281,4
8282,4
8283,4
8284,3
8285,29
8286,4
8287,2
8288,2
8289,143
8290,117
8291,NA
8292,17
8293,1
8294,11
8295,1
8296,NA
8297,2
8298,1
8299,17
8300,6
8301,4
8302,2
8303,5
8304,1
8305,2
8306,14
8307,1
8308,5
8309,73
8310,1
8311,288
8312,42
8313,5
8314,11
8315,1
8316,48
8317,1
8318,4
8319,77
8320,2
8321,NA
8322,1
8323,NA
8324,43
8325,7
8326,2
8327,21
8328,6
8329,5
8330,2
8331,2
8332,3
8333,5
8334,39
8335,1
8336,28
8337,1
8338,2
8339,9
8340,39
8341,4
8342,5
8343,2
8344,69
8345,30
8346,2
8347,8
8348,9
8349,1
8350,2
8351,NA
8352,1
8353,2
8354,NA
8355,24
8356,24
8357,2
8358,2
8359,41
8360,1
8361,6
8362,15
8363,1
8364,1
8365,1
8366,54
8367,2
8368,107
8369,83
8370,31
8371,428
8372,1
8373,1
8374,121
8375,3
8376,22
8377,784
8378,2
8379,45
8380,2
8381,NA
8382,2
8383,32
8384,345
8385,2
8386,4
8387,2
8388,1
8389,3
8390,6
8391,16
8392,67
8393,14
8394,1
8395,1
8396,NA
8397,4
8398,4
8399,31
8400,204
8401,2
8402,675
8403,6
8404,9
8405,4
8406,62
8407,1
8408,6
8409,9
8410,5
8411,54
8412,1
8413,1
8414,1
8415,6
8416,26
8417,NA
8418,3
8419,3
8420,8
8421,36
8422,5
8423,NA
8424,NA
8425,2
8426,126
8427,5
8428,2
8429,NA
8430,1
8431,12
8432,568
8433,15
8434,3
8435,9
8436,2
8437,1
8438,2
8439,5
8440,18
8441,4
8442,7
8443,1
8444,9
8445,1
8446,90
8447,99
8448,2
8449,3
8450,7
8451,64
8452,1
8453,4
8454,31
8455,8
8456,2
8457,4
8458,1
8459,5
8460,5
8461,402
8462,27
8463,1
8464,1
8465,51
8466,2
8467,2
8468,301
8469,7
8470,1
8471,12
8472,7
8473,12
8474,39
8475,1
8476,50
8477,70
8478,26
8479,1
8480,7
8481,14
8482,5
8483,11
8484,83
8485,1
8486,8
8487,768
8488,29
8489,13
8490,2
8491,2
8492,60
8493,10
8494,1
8495,2
8496,210
8497,28
8498,3
8499,17
8500,103
8501,2
8502,214
8503,1
8504,5
8505,1
8506,54
8507,30
8508,1
8509,3
8510,3
8511,800
8512,1
8513,377
8514,1
8515,3
8516,NA
8517,1
8518,2
8519,NA
8520,1
8521,22
8522,13
8523,11
8524,11
8525,1
8526,NA
8527,4
8528,2
8529,11
8530,3
8531,NA
8532,NA
8533,1
8534,1
8535,1
8536,32
8537,6
8538,19
8539,5
8540,2
8541,2
8542,1
8543,45
8544,3
8545,6
8546,26
8547,5
8548,2
8549,1
8550,1
8551,2
8552,16
8553,1
8554,5
8555,731
8556,2
8557,1
8558,113
8559,1
8560,1
8561,60
8562,1
8563,27
8564,9
8565,4
8566,628
8567,5
8568,1
8569,1
8570,60
8571,26
8572,50
8573,3
8574,1
8575,30
8576,4
8577,3
8578,18
8579,NA
8580,1
8581,2
8582,2
8583,2
8584,7
8585,1
8586,10
8587,4
8588,1
8589,1
8590,2
8591,104
8592,1
8593,122
8594,19
8595,11
8596,2
8597,1
8598,2
8599,101
8600,38
8601,6
8602,4
8603,1
8604,299
8605,4
8606,474
8607,9
8608,3
8609,5
8610,2
8611,2
8612,4
8613,2
8614,587
8615,22
8616,82
8617,5
8618,2
8619,1
8620,5
8621,8
8622,1
8623,3
8624,31
8625,1
8626,2
8627,2
8628,8
8629,3
8630,26
8631,2
8632,1
8633,1
8634,NA
8635,2
8636,90
8637,4
8638,5
8639,1
8640,2
8641,NA
8642,93
8643,5
8644,1
8645,29
8646,28
8647,1
8648,2
8649,51
8650,1
8651,NA
8652,1
8653,2
8654,3
8655,1
8656,2
8657,1
8658,1
8659,1
8660,46
8661,8
8662,3
8663,20
8664,17
8665,1
8666,NA
8667,1
8668,1
8669,21
8670,10
8671,6
8672,11
8673,1
8674,1
8675,2
8676,2
8677,3
8678,1
8679,175
8680,60
8681,NA
8682,4
8683,7
8684,353
8685,9
8686,38
8687,1
8688,2
8689,7
8690,3
8691,4
8692,11
8693,1
8694,15
8695,11
8696,4
8697,3
8698,3
8699,131
8700,11
8701,2
8702,4
8703,1
8704,1
8705,495
8706,220
8707,1
8708,9
8709,1
8710,3
8711,NA
8712,3
8713,1
8714,NA
8715,1
8716,2
8717,18
8718,5
8719,3
8720,5
8721,2
8722,2
8723,1
8724,1
8725,1
8726,126
8727,1
8728,1
8729,43
8730,2
8731,100
8732,1
8733,3
8734,5
8735,8
8736,6
8737,4
8738,70
8739,3
8740,9
8741,NA
8742,2
8743,1
8744,323
8745,3
8746,2
8747,2
8748,5
8749,7
8750,7
8751,8
8752,2
8753,65
8754,419
8755,7
8756,4
8757,8
8758,22
8759,145
8760,3
8761,6
8762,5
8763,3
8764,45
8765,2
8766,4
8767,1
8768,3
8769,1
8770,22
8771,NA
8772,1
8773,50
8774,7
8775,2
8776,NA
8777,3
8778,14
8779,5
8780,NA
8781,38
8782,10
8783,4
8784,1
8785,3
8786,NA
8787,2
8788,1
8789,113
8790,1
8791,20
8792,1
8793,1
8794,1
8795,6
8796,10
8797,5
8798,2
8799,7
8800,5
8801,2
8802,2
8803,6
8804,19
8805,5
8806,158
8807,30
8808,8
8809,3
8810,11
8811,84
8812,11
8813,1
8814,203
8815,1
8816,50
8817,89
8818,3
8819,83
8820,1
8821,2
8822,1
8823,9
8824,141
8825,12
8826,178
8827,1
8828,1
8829,NA
8830,1
8831,NA
8832,1
8833,9
8834,3
8835,1
8836,10
8837,17
8838,38
8839,495
8840,3
8841,2
8842,4
8843,2
8844,3
8845,5
8846,550
8847,1
8848,2
8849,1
8850,6
8851,2
8852,2
8853,5
8854,1
8855,65
8856,4
8857,1
8858,42
8859,3
8860,4
8861,14
8862,9
8863,2
8864,79
8865,1
8866,2
8867,3
8868,1
8869,1
8870,638
8871,52
8872,5
8873,274
8874,1
8875,44
8876,NA
8877,4
8878,3
8879,21
8880,9
8881,24
8882,1
8883,31
8884,205
8885,3
8886,2
8887,23
8888,9
8889,1
8890,2
8891,4
8892,3
8893,1
8894,33
8895,3
8896,26
8897,2
8898,1
8899,3
8900,1
8901,6
8902,1
8903,10
8904,1
8905,1
8906,2
8907,8
8908,2
8909,7
8910,4
8911,34
8912,1
8913,1
8914,1
8915,35
8916,NA
8917,3
8918,2
8919,11
8920,2
8921,NA
8922,50
8923,4
8924,5
8925,3
8926,62
8927,46
8928,3
8929,5
8930,NA
8931,2
8932,1
8933,2
8934,9
8935,63
8936,NA
8937,4
8938,1
8939,NA
8940,1
8941,10
8942,2
8943,3
8944,1
8945,7
8946,2
8947,4
8948,1
8949,5
8950,5
8951,150
8952,3
8953,6
8954,5
8955,2
8956,126
8957,6
8958,25
8959,1
8960,6
8961,174
8962,1
8963,1
8964,9
8965,1
8966,NA
8967,7
8968,19
8969,75
8970,7
8971,26
8972,22
8973,1
8974,1
8975,31
8976,6
8977,1
8978,NA
8979,9
8980,1
8981,4
8982,NA
8983,4
8984,1
8985,5
8986,76
8987,2
8988,4
8989,5
8990,1
8991,180
8992,3
8993,165
8994,5
8995,1
8996,6
8997,7
8998,68
8999,83
9000,1
9001,50
9002,171
9003,55
9004,3
9005,330
9006,NA
9007,96
9008,2
9009,1
9010,13
9011,6
9012,1
9013,2
9014,59
9015,1
9016,2
9017,2
9018,20
9019,1
9020,21
9021,6
9022,4
9023,2
9024,NA
9025,3
9026,NA
9027,2
9028,1
9029,1
9030,4
9031,8
9032,3
9033,2
9034,227
9035,1
9036,28
9037,16
9038,NA
9039,1
9040,1
9041,2
9042,3
9043,1
9044,251
9045,6
9046,4
9047,1
9048,609
9049,63
9050,2
9051,748
9052,1
9053,26
9054,37
9055,11
9056,126
9057,9
9058,79
9059,23
9060,4
9061,2
9062,173
9063,4
9064,5
9065,1
9066,30
9067,3
9068,71
9069,NA
9070,1
9071,2
9072,7
9073,1
9074,1
9075,33
9076,2
9077,30
9078,4
9079,1
9080,13
9081,58
9082,2
9083,15
9084,3
9085,14
9086,62
9087,12
9088,2
9089,361
9090,3
9091,6
9092,9
9093,2
9094,1
9095,404
9096,32
9097,33
9098,4
9099,NA
9100,2
9101,28
9102,3
9103,1
9104,735
9105,70
9106,NA
9107,4
9108,10
9109,15
9110,1
9111,4
9112,1
9113,2
9114,5
9115,72
9116,16
9117,9
9118,NA
9119,7
9120,2
9121,12
9122,44
9123,1
9124,7
9125,5
9126,18
9127,1
9128,1
9129,1
9130,4
9131,48
9132,2
9133,7
9134,5
9135,66
9136,334
9137,3
9138,NA
9139,3
9140,17
9141,22
9142,2
9143,1
9144,1
9145,3
9146,22
9147,3
9148,4
9149,23
9150,2
9151,2
9152,1
9153,5
9154,5
9155,1
9156,6
9157,1
9158,180
9159,3
9160,27
9161,NA
9162,1
9163,9
9164,1
9165,1
9166,NA
9167,8
9168,1
9169,539
9170,7
9171,12
9172,1
9173,NA
9174,3
9175,10
9176,14
9177,2
9178,6
9179,1
9180,6
9181,98
9182,22
9183,1
9184,3
9185,8
9186,28
9187,NA
9188,14
9189,3
9190,27
9191,820
9192,4
9193,2
9194,647
9195,14
9196,6
9197,2
9198,4
9199,1
9200,1
9201,2
9202,8
9203,9
9204,3
9205,9
9206,2
9207,6
9208,275
9209,NA
9210,1
9211,22
9212,5
9213,4
9214,NA
9215,2
9216,NA
9217,1
9218,1
9219,383
9220,1
9221,950
9222,1
9223,2
9224,61
9225,17
9226,NA
9227,1
9228,2
9229,13
9230,6
9231,532
9232,4
9233,1
9234,17
9235,1
9236,12
9237,3
9238,13
9239,17
9240,2
9241,8
9242,1
9243,1
9244,NA
9245,4
9246,44
9247,2
9248,18
9249,1
9250,191
9251,74
9252,1
9253,61
9254,19
9255,1
9256,46
9257,8
9258,2
9259,7
9260,1
9261,NA
9262,1
9263,1
9264,1
9265,3
9266,288
9267,NA
9268,1
9269,NA
9270,10
9271,38
9272,3
9273,3
9274,57
9275,6
9276,12
9277,1
9278,13
9279,53
9280,3
9281,10
9282,2
9283,2
9284,93
9285,9
9286,NA
9287,53
9288,1
9289,21
9290,1
9291,92
9292,13
9293,2
9294,9
9295,2
9296,112
9297,4
9298,4
9299,1
9300,10
9301,4
9302,NA
9303,1
9304,163
9305,8
9306,24
9307,2
9308,184
9309,9
9310,8
9311,2
9312,13
9313,25
9314,NA
9315,1
9316,22
9317,39
9318,5
9319,NA
9320,5
9321,40
9322,1
9323,1
9324,47
9325,6
9326,360
9327,2
9328,2
9329,227
9330,97
9331,8
9332,104
9333,1
9334,11
9335,3
9336,10
9337,2
9338,21
9339,1
9340,1
9341,32
9342,3
9343,19
9344,1
9345,21
9346,2
9347,2
9348,1
9349,21
9350,4
9351,100
9352,1
9353,30
9354,399
9355,2
9356,816
9357,3
9358,2
9359,1
9360,4
9361,254
9362,1
9363,174
9364,1
9365,5
9366,2
9367,1
9368,20
9369,1
9370,6
9371,16
9372,1
9373,1
9374,5
9375,1
9376,32
9377,35
9378,5
9379,3
9380,1
9381,2
9382,169
9383,2
9384,47
9385,366
9386,628
9387,1
9388,1
9389,409
9390,25
9391,10
9392,3
9393,76
9394,79
9395,47
9396,20
9397,6
9398,4
9399,33
9400,59
9401,102
9402,1
9403,3
9404,1
9405,5
9406,12
9407,1
9408,3
9409,5
9410,3
9411,NA
9412,20
9413,5
9414,3
9415,2
9416,22
9417,1
9418,1
9419,23
9420,4
9421,64
9422,29
9423,10
9424,NA
9425,1
9426,12
9427,18
9428,9
9429,1
9430,7
9431,14
9432,2
9433,3
9434,3
9435,2
9436,2
9437,6
9438,2
9439,1
9440,11
9441,6
9442,3
9443,19
9444,1
9445,3
9446,2
9447,3
9448,1
9449,11
9450,1
9451,60
9452,4
9453,14
9454,11
9455,3
9456,2
9457,17
9458,8
9459,43
9460,9
9461,12
9462,12
9463,23
9464,17
9465,13
9466,6
9467,19
9468,2
9469,9
9470,1
9471,8
9472,10
9473,32
9474,3
9475,2
9476,4
9477,1
9478,5
9479,NA
9480,1
9481,2
9482,2
9483,NA
9484,19
9485,10
9486,48
9487,2
9488,3
9489,87
9490,3
9491,2
9492,1
9493,2
9494,121
9495,2
9496,4
9497,1
9498,3
9499,1
9500,62
9501,6
9502,219
9503,17
9504,3
9505,1
9506,6
9507,4
9508,1
9509,NA
9510,266
9511,82
9512,16
9513,15
9514,287
9515,1
9516,240
9517,11
9518,5
9519,21
9520,3
9521,NA
9522,8
9523,1
9524,3
9525,9
9526,2
9527,11
9528,1
9529,15
9530,8
9531,10
9532,1
9533,3
9534,33
9535,1
9536,NA
9537,3
9538,10
9539,685
9540,22
9541,86
9542,12
9543,1
9544,225
9545,2
9546,6
9547,7
9548,14
9549,1
9550,2
9551,18
9552,2
9553,9
9554,431
9555,13
9556,8
9557,1
9558,102
9559,563
9560,1
9561,10
9562,1
9563,2
9564,55
9565,59
9566,170
9567,5
9568,2
9569,37
9570,4
9571,6
9572,6
9573,4
9574,3
9575,1
9576,10
9577,8
9578,1
9579,5
9580,777
9581,294
9582,1
9583,1
9584,893
9585,13
9586,158
9587,6
9588,3
9589,7
9590,5
9591,8
9592,55
9593,2
9594,NA
9595,3
9596,NA
9597,1
9598,NA
9599,NA
9600,2
9601,10
9602,1
9603,1
9604,1
9605,4
9606,22
9607,3
9608,9
9609,3
9610,5
9611,10
9612,5
9613,1
9614,1
9615,6
9616,12
9617,8
9618,6
9619,11
9620,4
9621,2
9622,3
9623,1
9624,7
9625,1
9626,2
9627,4
9628,11
9629,5
9630,18
9631,4
9632,3
9633,1
9634,1
9635,6
9636,2
9637,5
9638,2
9639,1
9640,1
9641,NA
9642,81
9643,2
9644,5
9645,8
9646,4
9647,10
9648,4
9649,5
9650,3
9651,NA
9652,3
9653,14
9654,43
9655,1
9656,20
9657,3
9658,81
9659,1
9660,2
9661,2
9662,2
9663,2
9664,461
9665,4
9666,8
9667,4
9668,151
9669,9
9670,6
9671,2
9672,1
9673,2
9674,77
9675,56
9676,10
9677,1
9678,2
9679,71
9680,2
9681,NA
9682,332
9683,151
9684,5
9685,4
9686,10
9687,NA
9688,11
9689,17
9690,22
9691,6
9692,80
9693,7
9694,1
9695,3
9696,2
9697,1
9698,2
9699,41
9700,4
9701,44
9702,38
9703,19
9704,97
9705,1
9706,942
9707,33
9708,1
9709,5
9710,1
9711,6
9712,1
9713,3
9714,101
9715,2
9716,2
9717,13
9718,6
9719,5
9720,5
9721,10
9722,4
9723,1
9724,905
9725,2
9726,44
9727,3
9728,1
9729,37
9730,3
9731,12
9732,1
9733,18
9734,3
9735,4
9736,2
9737,19
9738,5
9739,133
9740,1
9741,4
9742,30
9743,NA
9744,335
9745,6
9746,112
9747,417
9748,2
9749,9
9750,19
9751,776
9752,8
9753,3
9754,NA
9755,32
9756,132
9757,2
9758,1
9759,65
9760,1
9761,12
9762,5
9763,1
9764,35
9765,5
9766,4
9767,1
9768,8
9769,3
9770,35
9771,2
9772,54
9773,1
9774,19
9775,78
9776,12
9777,13
9778,1
9779,11
9780,2
9781,14
9782,1
9783,26
9784,31
9785,NA
9786,588
9787,151
9788,2
9789,1
9790,5
9791,NA
9792,4
9793,1
9794,1
9795,2
9796,6
9797,15
9798,1
9799,3
9800,14
9801,2
9802,6
9803,37
9804,3
9805,48
9806,2
9807,1
9808,2
9809,1
9810,1
9811,4
9812,7
9813,2
9814,1
9815,24
9816,26
9817,1
9818,98
9819,29
9820,23
9821,4
9822,2
9823,14
9824,3
9825,2
9826,6
9827,1
9828,6
9829,61
9830,102
9831,NA
9832,10
9833,621
9834,5
9835,2
9836,NA
9837,1
9838,1
9839,3
9840,5
9841,70
9842,3
9843,20
9844,1
9845,23
9846,10
9847,1
9848,58
9849,3
9850,814
9851,60
9852,2
9853,5
9854,1
9855,4
9856,8
9857,13
9858,1
9859,57
9860,41
9861,12
9862,1
9863,13
9864,17
9865,NA
9866,NA
9867,3
9868,1
9869,21
9870,12
9871,172
9872,8
9873,3
9874,23
9875,3
9876,52
9877,9
9878,6
9879,127
9880,1
9881,874
9882,4
9883,1
9884,1
9885,2
9886,390
9887,6
9888,207
9889,1
9890,1
9891,2
9892,1
9893,1
9894,1
9895,4
9896,78
9897,3
9898,1
9899,677
9900,92
9901,NA
9902,12
9903,1
9904,3
9905,494
9906,90
9907,2
9908,452
9909,27
9910,1
9911,NA
9912,2
9913,1
9914,NA
9915,1
9916,14
9917,10
9918,15
9919,1
9920,4
9921,2
9922,1
9923,5
9924,7
9925,4
9926,2
9927,1
9928,1
9929,9
9930,5
9931,490
9932,3
9933,9
9934,1
9935,31
9936,14
9937,65
9938,310
9939,1
9940,2
9941,18
9942,1
9943,2
9944,203
9945,1
9946,16
9947,1
9948,2
9949,NA
9950,8
9951,2
9952,1
9953,2
9954,119
9955,7
9956,4
9957,19
9958,26
9959,11
9960,1
9961,6
9962,2
9963,115
9964,365
9965,4
9966,4
9967,1
9968,737
9969,59
9970,10
9971,NA
9972,3
9973,3
9974,21
9975,1
9976,4
9977,3
9978,1
9979,15
9980,31
9981,164
9982,6
9983,31
9984,3
9985,25
9986,8
9987,3
9988,4
9989,697
9990,1
9991,2
9992,42
9993,29
9994,11
9995,3
9996,2
9997,7
9998,1
9999,1
10000,26
