1,1
2,2
3,1
4,1
5,1
6,1
7,1
8,2
9,2
10,1
11,1
12,1
13,1
14,2
15,1
16,2
17,1
18,3
19,1
20,1
21,7
22,1
23,2
24,1
25,1
26,5
27,1
28,3
29,1
30,2
31,11
32,1
33,1
34,1
35,1
36,1
37,10
38,1
39,3
40,2
41,1
42,2
43,4
44,2
45,1
46,1
47,2
48,1
49,1
50,1
51,8
52,1
53,1
54,3
55,1
56,1
57,2
58,15
59,7
60,8
61,1
62,1
63,1
64,2
65,6
66,1
67,1
68,6
69,1
70,1
71,2
72,3
73,3
74,1
75,1
76,3
77,2
78,2
79,3
80,1
81,1
82,1
83,1
84,1
85,2
86,3
87,1
88,3
89,13
90,1
91,1
92,1
93,4
94,4
95,1
96,1
97,3
98,1
99,1
100,4
101,6
102,1
103,1
104,1
105,2
106,1
107,3
108,1
109,1
110,31
111,3
112,1
113,1
114,2
115,1
116,3
117,1
118,1
119,1
120,10
121,8
122,1
123,9
124,1
125,2
126,1
127,6
128,3
129,1
130,1
131,1
132,1
133,1
134,2
135,2
136,95
137,1
138,1
139,4
140,1
141,17
142,2
143,1
144,1
145,5
146,2
147,2
148,1
149,8
150,1
151,1
152,12
153,1
154,14
155,1
156,2
157,4
158,1
159,1
160,2
161,1
162,4
163,3
164,3
165,1
166,1
167,14
168,1
169,106
170,2
171,1
172,1
173,2
174,1
175,1
176,1
177,2
178,15
179,4
180,2
181,1
182,2
183,10
184,3
185,1
186,1
187,1
188,1
189,12
190,1
191,4
192,5
193,1
194,1
195,3
196,3
197,1
198,4
199,6
200,3
201,1
202,4
203,1
204,1
205,3
206,1
207,1
208,1
209,5
210,7
211,4
212,6
213,5
214,2
215,6
216,29
217,1
218,1
219,2
220,1
221,2
222,1
223,2
224,1
225,1
226,2
227,1
228,2
229,1
230,3
231,2
232,1
233,3
234,1
235,1
236,2
237,1
238,2
239,2
240,4
241,1
242,1
243,18
244,1
245,2
246,1
247,4
248,1
249,6
250,3
251,1
252,1
253,1
254,23
255,1
256,7
257,1
258,1
259,1
260,2
261,2
262,1
263,1
264,14
265,1
266,19
267,1
268,2
269,NA
270,2
271,2
272,1
273,2
274,1
275,2
276,1
277,3
278,3
279,9
280,1
281,44
282,2
283,1
284,2
285,1
286,2
287,2
288,1
289,12
290,1
291,1
292,1
293,27
294,1
295,1
296,39
297,1
298,10
299,1
300,1
301,1
302,20
303,2
304,1
305,6
306,48
307,2
308,10
309,1
310,3
311,1
312,1
313,2
314,4
315,3
316,1
317,2
318,10
319,1
320,1
321,1
322,5
323,1
324,2
325,4
326,1
327,29
328,1
329,4
330,2
331,2
332,4
333,4
334,1
335,1
336,2
337,2
338,8
339,5
340,1
341,2
342,1
343,1
344,4
345,5
346,3
347,2
348,3
349,2
350,1
351,1
352,2
353,59
354,1
355,1
356,1
357,1
358,1
359,3
360,1
361,1
362,1
363,2
364,5
365,1
366,2
367,1
368,2
369,1
370,1
371,2
372,10
373,3
374,1
375,3
376,8
377,13
378,3
379,1
380,2
381,1
382,12
383,3
384,2
385,1
386,4
387,2
388,1
389,8
390,1
391,7
392,1
393,1
394,2
395,3
396,3
397,1
398,4
399,2
400,2
401,3
402,11
403,12
404,1
405,1
406,2
407,1
408,9
409,1
410,1
411,1
412,3
413,1
414,4
415,6
416,1
417,2
418,2
419,1
420,4
421,11
422,2
423,1
424,3
425,1
426,14
427,1
428,2
429,3
430,3
431,1
432,1
433,1
434,2
435,1
436,3
437,1
438,1
439,2
440,2
441,1
442,1
443,54
444,1
445,4
446,1
447,13
448,1
449,1
450,2
451,6
452,1
453,3
454,1
455,3
456,1
457,2
458,3
459,3
460,2
461,1
462,1
463,1
464,4
465,5
466,1
467,1
468,7
469,25
470,NA
471,5
472,1
473,1
474,1
475,2
476,2
477,2
478,10
479,1
480,1
481,2
482,2
483,88
484,1
485,3
486,1
487,1
488,19
489,4
490,1
491,2
492,45
493,1
494,1
495,2
496,5
497,1
498,1
499,9
500,5
501,8
502,2
503,1
504,1
505,1
506,4
507,17
508,1
509,1
510,8
511,11
512,5
513,2
514,4
515,4
516,1
517,1
518,3
519,2
520,3
521,6
522,2
523,1
524,1
525,1
526,2
527,8
528,1
529,1
530,1
531,5
532,2
533,2
534,3
535,1
536,21
537,NA
538,1
539,10
540,2
541,2
542,4
543,1
544,7
545,1
546,1
547,4
548,3
549,1
550,19
551,2
552,1
553,2
554,8
555,2
556,1
557,19
558,1
559,7
560,15
561,4
562,2
563,1
564,2
565,3
566,1
567,1
568,1
569,2
570,5
571,3
572,3
573,14
574,1
575,1
576,12
577,1
578,1
579,1
580,1
581,4
582,17
583,9
584,1
585,1
586,1
587,3
588,6
589,2
590,3
591,3
592,33
593,1
594,1
595,2
596,6
597,2
598,6
599,1
600,2
601,1
602,1
603,1
604,4
605,3
606,7
607,1
608,1
609,1
610,2
611,2
612,4
613,1
614,275
615,1
616,7
617,2
618,39
619,1
620,3
621,2
622,15
623,1
624,1
625,17
626,177
627,4
628,3
629,13
630,26
631,1
632,2
633,17
634,1
635,1
636,1
637,1
638,2
639,2
640,21
641,1
642,1
643,178
644,1
645,1
646,2
647,1
648,2
649,1
650,1
651,1
652,2
653,2
654,10
655,3
656,6
657,49
658,8
659,1
660,3
661,1
662,1
663,1
664,2
665,1
666,2
667,29
668,1
669,1
670,1
671,74
672,10
673,5
674,2
675,6
676,1
677,1
678,10
679,1
680,19
681,8
682,1
683,2
684,1
685,3
686,22
687,1
688,11
689,10
690,1
691,6
692,1
693,2
694,1
695,4
696,52
697,4
698,2
699,1
700,2
701,1
702,2
703,1
704,1
705,3
706,39
707,1
708,2
709,2
710,1
711,14
712,1
713,1
714,3
715,2
716,2
717,3
718,1
719,1
720,1
721,5
722,1
723,3
724,7
725,8
726,1
727,1
728,1
729,1
730,5
731,1
732,1
733,3
734,1
735,4
736,19
737,3
738,12
739,3
740,2
741,1
742,1
743,2
744,2
745,1
746,4
747,2
748,1
749,1
750,2
751,2
752,1
753,1
754,200
755,1
756,156
757,2
758,5
759,7
760,8
761,1
762,3
763,1
764,54
765,2
766,1
767,2
768,2
769,1
770,1
771,42
772,4
773,15
774,8
775,1
776,1
777,1
778,1
779,3
780,1
781,2
782,1
783,1
784,2
785,2
786,17
787,29
788,1
789,357
790,2
791,2
792,1
793,6
794,5
795,3
796,2
797,5
798,3
799,56
800,3
801,3
802,2
803,1
804,1
805,4
806,1
807,3
808,7
809,2
810,5
811,1
812,1
813,18
814,2
815,1
816,1
817,1
818,1
819,24
820,1
821,6
822,3
823,1
824,14
825,2
826,1
827,1
828,2
829,4
830,4
831,1
832,17
833,1
834,13
835,56
836,6
837,1
838,2
839,5
840,1
841,8
842,2
843,1
844,1
845,3
846,1
847,1
848,7
849,2
850,1
851,1
852,2
853,1
854,1
855,1
856,4
857,6
858,1
859,2
860,52
861,1
862,1
863,4
864,3
865,4
866,5
867,1
868,13
869,1
870,21
871,1
872,10
873,11
874,2
875,1
876,4
877,16
878,3
879,15
880,2
881,1
882,2
883,1
884,38
885,1
886,1
887,1
888,4
889,5
890,1
891,3
892,4
893,4
894,1
895,3
896,1
897,4
898,2
899,1
900,2
901,1
902,9
903,2
904,1
905,3
906,1
907,1
908,1
909,2
910,5
911,1
912,4
913,1
914,9
915,5
916,1
917,2
918,1
919,11
920,5
921,4
922,27
923,1
924,1
925,1
926,2
927,23
928,4
929,1
930,1
931,5
932,30
933,2
934,1
935,2
936,123
937,1
938,1
939,4
940,6
941,5
942,2
943,3
944,44
945,31
946,5
947,30
948,1
949,1
950,1
951,3
952,3
953,2
954,6
955,1
956,1
957,5
958,2
959,1
960,1
961,2
962,1
963,1
964,2
965,1
966,3
967,1
968,6
969,1
970,42
971,3
972,1
973,5
974,4
975,2
976,4
977,1
978,3
979,1
980,2
981,1
982,2
983,1
984,117
985,1
986,3
987,1
988,6
989,2
990,5
991,1
992,8
993,1
994,1
995,2
996,2
997,3
998,4
999,1
1000,1
1001,1
1002,2
1003,4
1004,15
1005,4
1006,20
1007,1
1008,1
1009,7
1010,5
1011,6
1012,4
1013,2
1014,2
1015,7
1016,1
1017,5
1018,1
1019,1
1020,2
1021,13
1022,1
1023,2
1024,3
1025,1
1026,1
1027,1
1028,2
1029,3
1030,2
1031,2
1032,1
1033,7
1034,1
1035,1
1036,3
1037,1
1038,9
1039,17
1040,4
1041,12
1042,2
1043,39
1044,1
1045,2
1046,4
1047,2
1048,163
1049,2
1050,2
1051,4
1052,18
1053,1
1054,1
1055,2
1056,1
1057,1
1058,1
1059,2
1060,3
1061,10
1062,3
1063,3
1064,2
1065,1
1066,2
1067,1
1068,1
1069,2
1070,1
1071,1
1072,1
1073,2
1074,1
1075,1
1076,5
1077,2
1078,2
1079,1
1080,2
1081,1
1082,1
1083,1
1084,3
1085,2
1086,10
1087,18
1088,1
1089,15
1090,1
1091,2
1092,1
1093,1
1094,2
1095,1
1096,1
1097,14
1098,1
1099,3
1100,10
1101,500
1102,1
1103,10
1104,13
1105,1
1106,1
1107,1
1108,14
1109,1
1110,2
1111,1
1112,2
1113,1
1114,8
1115,78
1116,35
1117,68
1118,2
1119,1
1120,2
1121,4
1122,3
1123,3
1124,2
1125,2
1126,1
1127,1
1128,1
1129,8
1130,1
1131,2
1132,1
1133,1
1134,1
1135,5
1136,4
1137,13
1138,1
1139,12
1140,2
1141,1
1142,4
1143,3
1144,1
1145,1
1146,2
1147,1
1148,2
1149,4
1150,3
1151,1
1152,7
1153,1
1154,1
1155,1
1156,1
1157,3
1158,10
1159,1
1160,1
1161,8
1162,2
1163,2
1164,24
1165,3
1166,2
1167,1
1168,2
1169,1
1170,18
1171,2
1172,166
1173,1
1174,1
1175,1
1176,1
1177,4
1178,3
1179,6
1180,9
1181,2
1182,2
1183,1
1184,1
1185,3
1186,1
1187,4
1188,2
1189,13
1190,1
1191,1
1192,2
1193,9
1194,1
1195,1
1196,2
1197,4
1198,NA
1199,2
1200,1
1201,10
1202,1
1203,1
1204,11
1205,1
1206,62
1207,48
1208,1
1209,1
1210,1
1211,3
1212,30
1213,4
1214,27
1215,1
1216,2
1217,2
1218,4
1219,1
1220,3
1221,1
1222,9
1223,2
1224,19
1225,2
1226,1
1227,2
1228,1
1229,1
1230,1
1231,13
1232,2
1233,48
1234,3
1235,9
1236,2
1237,9
1238,23
1239,2
1240,6
1241,2
1242,1
1243,1
1244,1
1245,1
1246,1
1247,4
1248,2
1249,1
1250,4
1251,1
1252,1
1253,1
1254,1
1255,2
1256,21
1257,1
1258,9
1259,1
1260,1
1261,1
1262,8
1263,17
1264,10
1265,2
1266,1
1267,98
1268,1
1269,5
1270,3
1271,4
1272,17
1273,2
1274,2
1275,4
1276,2
1277,5
1278,1
1279,1
1280,1
1281,9
1282,4
1283,2
1284,3
1285,1
1286,1
1287,2
1288,1
1289,90
1290,2
1291,4
1292,3
1293,87
1294,2
1295,3
1296,5
1297,2
1298,1
1299,1
1300,9
1301,7
1302,1
1303,1
1304,4
1305,1
1306,1
1307,1
1308,15
1309,3
1310,1
1311,5
1312,1
1313,3
1314,2
1315,5
1316,1
1317,1
1318,2
1319,5
1320,1
1321,1
1322,1
1323,4
1324,1
1325,3
1326,1
1327,1
1328,1
1329,3
1330,9
1331,11
1332,8
1333,183
1334,1
1335,3
1336,1
1337,7
1338,1
1339,5
1340,15
1341,2
1342,2
1343,7
1344,15
1345,1
1346,6
1347,1
1348,1
1349,1
1350,1
1351,2
1352,2
1353,3
1354,11
1355,1
1356,2
1357,1
1358,5
1359,1
1360,2
1361,25
1362,9
1363,1
1364,5
1365,2
1366,6
1367,2
1368,1
1369,2
1370,13
1371,2
1372,9
1373,1
1374,2
1375,7
1376,199
1377,1
1378,37
1379,4
1380,1
1381,168
1382,3
1383,15
1384,1
1385,1
1386,6
1387,29
1388,3
1389,4
1390,1
1391,1
1392,1
1393,1
1394,1
1395,6
1396,3
1397,1
1398,1
1399,3
1400,1
1401,1
1402,3
1403,3
1404,16
1405,5
1406,3
1407,1
1408,NA
1409,6
1410,12
1411,4
1412,5
1413,2
1414,2
1415,113
1416,4
1417,1
1418,2
1419,1
1420,19
1421,1
1422,6
1423,5
1424,1
1425,2
1426,1
1427,2
1428,2
1429,1
1430,2
1431,1
1432,1
1433,2
1434,2
1435,2
1436,1
1437,4
1438,3
1439,350
1440,8
1441,1
1442,1
1443,1
1444,2
1445,21
1446,3
1447,2
1448,1
1449,NA
1450,1
1451,5
1452,18
1453,2
1454,5
1455,20
1456,1
1457,4
1458,4
1459,1
1460,9
1461,2
1462,1
1463,11
1464,2
1465,8
1466,1
1467,1
1468,3
1469,1
1470,1
1471,13
1472,10
1473,5
1474,1
1475,2
1476,2
1477,13
1478,1
1479,3
1480,13
1481,38
1482,1
1483,1
1484,6
1485,1
1486,50
1487,1
1488,2
1489,2
1490,26
1491,1
1492,1
1493,8
1494,7
1495,18
1496,1
1497,250
1498,1
1499,7
1500,3
1501,6
1502,1
1503,9
1504,1
1505,2
1506,1
1507,3
1508,1
1509,1
1510,1
1511,999
1512,1
1513,1
1514,2
1515,1
1516,1
1517,9
1518,1
1519,1
1520,1
1521,3
1522,15
1523,1
1524,1
1525,13
1526,5
1527,14
1528,36
1529,1
1530,1
1531,5
1532,1
1533,2
1534,1
1535,3
1536,1
1537,3
1538,7
1539,2
1540,1
1541,5
1542,2
1543,1
1544,9
1545,25
1546,21
1547,1
1548,115
1549,6
1550,1
1551,1
1552,1
1553,1
1554,4
1555,2
1556,6
1557,1
1558,1
1559,1
1560,5
1561,3
1562,1
1563,2
1564,17
1565,1
1566,1
1567,1
1568,12
1569,4
1570,2
1571,1
1572,2
1573,3
1574,3
1575,1
1576,2
1577,2
1578,1
1579,14
1580,1
1581,1
1582,2
1583,1
1584,2
1585,5
1586,1
1587,1
1588,2
1589,2
1590,18
1591,3
1592,5
1593,8
1594,2
1595,2
1596,1
1597,31
1598,4
1599,1
1600,1
1601,1
1602,1
1603,4
1604,5
1605,2
1606,1
1607,451
1608,1
1609,2
1610,1
1611,1
1612,3
1613,7
1614,4
1615,1
1616,1
1617,3
1618,2
1619,4
1620,1
1621,2
1622,1
1623,1
1624,7
1625,1
1626,2
1627,5
1628,1
1629,1
1630,1
1631,1
1632,1
1633,6
1634,1
1635,2
1636,8
1637,1
1638,1
1639,2
1640,2
1641,61
1642,4
1643,1
1644,1
1645,1
1646,1
1647,8
1648,1
1649,1
1650,1
1651,1
1652,5
1653,4
1654,6
1655,6
1656,1
1657,1
1658,19
1659,3
1660,2
1661,4
1662,4
1663,1
1664,29
1665,1
1666,2
1667,1
1668,3
1669,1
1670,1
1671,30
1672,9
1673,1
1674,863
1675,2
1676,6
1677,13
1678,1
1679,3
1680,1
1681,1
1682,3
1683,4
1684,1
1685,1
1686,10
1687,8
1688,1
1689,2
1690,3
1691,19
1692,2
1693,2
1694,2
1695,1
1696,4
1697,3
1698,1
1699,19
1700,3
1701,3
1702,1
1703,4
1704,3
1705,2
1706,3
1707,1
1708,2
1709,11
1710,3
1711,1
1712,27
1713,3
1714,5
1715,1
1716,4
1717,4
1718,95
1719,1
1720,47
1721,33
1722,2
1723,1
1724,2
1725,42
1726,3
1727,1
1728,13
1729,5
1730,7
1731,2
1732,15
1733,26
1734,3
1735,88
1736,1
1737,1
1738,4
1739,3
1740,2
1741,1
1742,1
1743,30
1744,1
1745,5
1746,1
1747,1
1748,87
1749,1
1750,50
1751,2
1752,5
1753,3
1754,4
1755,1
1756,2
1757,1
1758,2
1759,8
1760,4
1761,3
1762,1
1763,1
1764,7
1765,1
1766,2
1767,1
1768,1
1769,49
1770,3
1771,2
1772,1
1773,92
1774,1
1775,22
1776,6
1777,11
1778,18
1779,8
1780,10
1781,23
1782,184
1783,1
1784,1
1785,1
1786,1
1787,3
1788,3
1789,54
1790,2
1791,2
1792,1
1793,1
1794,2
1795,1
1796,38
1797,1
1798,1
1799,1
1800,1
1801,6
1802,6
1803,3
1804,1
1805,1
1806,3
1807,2
1808,29
1809,1
1810,80
1811,3
1812,9
1813,1
1814,2
1815,11
1816,3
1817,1
1818,2
1819,1
1820,1
1821,2
1822,10
1823,1
1824,1
1825,3
1826,8
1827,3
1828,2
1829,6
1830,5
1831,1
1832,2
1833,10
1834,2
1835,6
1836,4
1837,67
1838,1
1839,5
1840,1
1841,1
1842,10
1843,2
1844,6
1845,6
1846,2
1847,2
1848,2
1849,1
1850,2
1851,1
1852,2
1853,1
1854,1
1855,5
1856,1
1857,8
1858,1
1859,2
1860,1
1861,1
1862,2
1863,4
1864,2
1865,1
1866,8
1867,2
1868,1
1869,1
1870,17
1871,2
1872,1
1873,1
1874,3
1875,21
1876,1
1877,8
1878,3
1879,4
1880,3
1881,1
1882,1
1883,3
1884,1
1885,6
1886,1
1887,1
1888,7
1889,58
1890,4
1891,20
1892,5
1893,10
1894,34
1895,15
1896,181
1897,1
1898,1
1899,4
1900,3
1901,3
1902,8
1903,2
1904,3
1905,1
1906,2
1907,1
1908,1
1909,5
1910,1
1911,1
1912,2
1913,6
1914,13
1915,4
1916,1
1917,7
1918,11
1919,7
1920,3
1921,6
1922,2
1923,2
1924,3
1925,1
1926,2
1927,2
1928,1
1929,1
1930,6
1931,1
1932,2
1933,1
1934,186
1935,1
1936,1
1937,1
1938,20
1939,3
1940,2
1941,56
1942,1
1943,1
1944,2
1945,8
1946,1
1947,2
1948,2
1949,1
1950,8
1951,1
1952,1
1953,7
1954,1
1955,3
1956,1
1957,4
1958,1
1959,32
1960,1
1961,6
1962,29
1963,27
1964,3
1965,8
1966,1
1967,155
1968,95
1969,2
1970,1
1971,1
1972,5
1973,7
1974,2
1975,2
1976,15
1977,1
1978,2
1979,3
1980,1
1981,3
1982,10
1983,87
1984,1
1985,1
1986,2
1987,1
1988,1
1989,2
1990,9
1991,3
1992,7
1993,3
1994,1
1995,1
1996,77
1997,2
1998,7
1999,1
2000,1
2001,1
2002,2
2003,1
2004,4
2005,1
2006,9
2007,2
2008,1
2009,5
2010,1
2011,110
2012,3
2013,1
2014,758
2015,3
2016,22
2017,2
2018,12
2019,4
2020,1
2021,1
2022,10
2023,1
2024,1
2025,6
2026,1
2027,108
2028,2
2029,1
2030,1
2031,1
2032,2
2033,5
2034,1
2035,2
2036,131
2037,1
2038,4
2039,3
2040,1
2041,1
2042,5
2043,1
2044,1
2045,2
2046,10
2047,3
2048,3
2049,6
2050,1
2051,1
2052,1
2053,8
2054,5
2055,2
2056,1
2057,2
2058,1
2059,1
2060,4
2061,1
2062,1
2063,3
2064,2
2065,3
2066,2
2067,16
2068,3
2069,2
2070,1
2071,3
2072,1
2073,7
2074,2
2075,1
2076,NA
2077,2
2078,44
2079,1
2080,2
2081,2
2082,1
2083,55
2084,1
2085,2
2086,6
2087,1
2088,6
2089,7
2090,1
2091,1
2092,7
2093,1
2094,80
2095,9
2096,1
2097,1
2098,1
2099,2
2100,2
2101,2
2102,36
2103,1
2104,1
2105,1
2106,4
2107,14
2108,2
2109,2
2110,4
2111,2
2112,1
2113,1
2114,9
2115,1
2116,3
2117,31
2118,1
2119,2
2120,1
2121,1
2122,1
2123,4
2124,3
2125,2
2126,1
2127,2
2128,1
2129,6
2130,3
2131,7
2132,8
2133,1
2134,2
2135,7
2136,1
2137,3
2138,39
2139,2
2140,1
2141,1
2142,5
2143,1
2144,4
2145,4
2146,1
2147,3
2148,1
2149,68
2150,6
2151,2
2152,16
2153,1
2154,1
2155,1
2156,1
2157,16
2158,4
2159,1
2160,8
2161,26
2162,3
2163,1
2164,2
2165,3
2166,3
2167,4
2168,126
2169,1
2170,6
2171,1
2172,41
2173,1
2174,1
2175,1
2176,1
2177,3
2178,4
2179,3
2180,1
2181,1
2182,1
2183,1
2184,98
2185,2
2186,2
2187,13
2188,1
2189,8
2190,1
2191,2
2192,2
2193,18
2194,1
2195,2
2196,1
2197,5
2198,1
2199,1
2200,3
2201,1
2202,2
2203,1
2204,3
2205,1
2206,2
2207,2
2208,5
2209,1
2210,1
2211,2
2212,2
2213,1
2214,20
2215,1
2216,2
2217,1
2218,1
2219,26
2220,1
2221,3
2222,5
2223,1
2224,2
2225,5
2226,1
2227,1
2228,3
2229,1
2230,4
2231,11
2232,4
2233,2
2234,6
2235,3
2236,12
2237,2
2238,1
2239,2
2240,2
2241,2
2242,45
2243,4
2244,14
2245,1
2246,10
2247,1
2248,17
2249,3
2250,1
2251,2
2252,1
2253,10
2254,1
2255,4
2256,3
2257,NA
2258,2
2259,1
2260,1
2261,3
2262,7
2263,228
2264,3
2265,1
2266,8
2267,1
2268,1
2269,4
2270,2
2271,3
2272,1
2273,2
2274,1
2275,1
2276,1
2277,81
2278,4
2279,326
2280,8
2281,2
2282,3
2283,5
2284,15
2285,5
2286,14
2287,2
2288,1
2289,5
2290,1
2291,3
2292,1
2293,1
2294,2
2295,1
2296,1
2297,1
2298,2
2299,1
2300,1
2301,8
2302,3
2303,2
2304,6
2305,4
2306,1
2307,6
2308,2
2309,2
2310,1
2311,59
2312,4
2313,1
2314,8
2315,1
2316,1
2317,3
2318,1
2319,2
2320,4
2321,2
2322,2
2323,1
2324,1
2325,5
2326,8
2327,15
2328,1
2329,78
2330,2
2331,2
2332,1
2333,12
2334,1
2335,1
2336,3
2337,1
2338,2
2339,2
2340,82
2341,5
2342,1
2343,8
2344,1
2345,2
2346,18
2347,2
2348,3
2349,2
2350,6
2351,1
2352,1
2353,1
2354,3
2355,3
2356,2
2357,3
2358,13
2359,1
2360,31
2361,2
2362,1
2363,2
2364,2
2365,1
2366,1
2367,23
2368,9
2369,1
2370,1
2371,1
2372,3
2373,1
2374,1
2375,2
2376,1
2377,2
2378,1
2379,10
2380,1
2381,2
2382,9
2383,1
2384,1
2385,1
2386,1
2387,1
2388,2
2389,2
2390,7
2391,4
2392,3
2393,16
2394,1
2395,1
2396,2
2397,3
2398,1
2399,1
2400,3
2401,3
2402,10
2403,2
2404,1
2405,1
2406,5
2407,1
2408,17
2409,1
2410,2
2411,13
2412,1
2413,6
2414,3
2415,59
2416,1
2417,24
2418,1
2419,6
2420,1
2421,1
2422,1
2423,5
2424,2
2425,5
2426,1
2427,1
2428,4
2429,1
2430,2
2431,3
2432,3
2433,1
2434,3
2435,1
2436,6
2437,2
2438,3
2439,144
2440,2
2441,3
2442,9
2443,3
2444,1
2445,2
2446,4
2447,1
2448,1
2449,1
2450,2
2451,25
2452,3
2453,4
2454,3
2455,15
2456,2
2457,3
2458,1
2459,2
2460,53
2461,3
2462,1
2463,4
2464,NA
2465,1
2466,5
2467,1
2468,1
2469,80
2470,1
2471,3
2472,4
2473,6
2474,4
2475,1
2476,1
2477,1
2478,5
2479,4
2480,142
2481,4
2482,1
2483,11
2484,1
2485,1
2486,4
2487,3
2488,1
2489,3
2490,1
2491,62
2492,12
2493,8
2494,2
2495,4
2496,3
2497,2
2498,3
2499,1
2500,1
2501,2
2502,1
2503,3
2504,1
2505,1
2506,1
2507,1
2508,3
2509,1
2510,4
2511,2
2512,7
2513,5
2514,17
2515,2
2516,5
2517,2
2518,1
2519,2
2520,5
2521,1
2522,2
2523,3
2524,1
2525,3
2526,2
2527,1
2528,1
2529,3
2530,3
2531,1
2532,1
2533,2
2534,2
2535,1
2536,4
2537,1
2538,2
2539,2
2540,1
2541,2
2542,6
2543,47
2544,1
2545,1
2546,1
2547,40
2548,4
2549,1
2550,4
2551,3
2552,1
2553,1
2554,1
2555,1
2556,1
2557,2
2558,4
2559,16
2560,5
2561,4
2562,1
2563,1
2564,2
2565,10
2566,2
2567,3
2568,1
2569,1
2570,5
2571,5
2572,1
2573,1
2574,2
2575,1
2576,14
2577,2
2578,3
2579,3
2580,15
2581,1
2582,1
2583,2
2584,6
2585,2
2586,9
2587,6
2588,1
2589,4
2590,3
2591,1
2592,8
2593,6
2594,4
2595,1
2596,2
2597,1
2598,1
2599,4
2600,3
2601,4
2602,1
2603,1
2604,5
2605,NA
2606,3
2607,4
2608,2
2609,1
2610,2
2611,2
2612,5
2613,15
2614,NA
2615,2
2616,1
2617,26
2618,10
2619,2
2620,3
2621,1
2622,1
2623,26
2624,NA
2625,1
2626,2
2627,18
2628,9
2629,1
2630,2
2631,1
2632,1
2633,1
2634,17
2635,55
2636,1
2637,5
2638,2
2639,12
2640,1
2641,2
2642,4
2643,6
2644,146
2645,1
2646,1
2647,1
2648,2
2649,18
2650,1
2651,11
2652,2
2653,3
2654,10
2655,2
2656,12
2657,3
2658,79
2659,1
2660,4
2661,10
2662,5
2663,1
2664,3
2665,1
2666,2
2667,1
2668,1
2669,5
2670,1
2671,6
2672,1
2673,1
2674,8
2675,1
2676,3
2677,1
2678,3
2679,1
2680,2
2681,12
2682,1
2683,3
2684,6
2685,1
2686,2
2687,9
2688,1
2689,2
2690,6
2691,10
2692,7
2693,1
2694,16
2695,5
2696,53
2697,2
2698,1
2699,4
2700,11
2701,7
2702,1
2703,1
2704,35
2705,1
2706,1
2707,19
2708,2
2709,1
2710,14
2711,3
2712,10
2713,3
2714,2
2715,3
2716,1
2717,8
2718,2
2719,4
2720,15
2721,3
2722,2
2723,1
2724,8
2725,2
2726,1
2727,7
2728,2
2729,5
2730,1
2731,1
2732,4
2733,1
2734,2
2735,1
2736,3
2737,2
2738,2
2739,2
2740,3
2741,1
2742,1
2743,1
2744,7
2745,2
2746,3
2747,1
2748,4
2749,3
2750,1
2751,4
2752,23
2753,2
2754,1
2755,2
2756,5
2757,11
2758,1
2759,6
2760,2
2761,18
2762,2
2763,2
2764,5
2765,5
2766,7
2767,2
2768,7
2769,1
2770,1
2771,1
2772,1
2773,2
2774,2
2775,1
2776,13
2777,1
2778,1
2779,1
2780,2
2781,2
2782,13
2783,3
2784,1
2785,4
2786,1
2787,1
2788,3
2789,42
2790,4
2791,2
2792,1
2793,5
2794,1
2795,41
2796,6
2797,2
2798,1
2799,1
2800,7
2801,148
2802,3
2803,1
2804,1
2805,1
2806,2
2807,1
2808,4
2809,6
2810,7
2811,1
2812,1
2813,19
2814,2
2815,NA
2816,2
2817,1
2818,2
2819,66
2820,4
2821,1
2822,1
2823,50
2824,1
2825,1
2826,143
2827,1
2828,1
2829,4
2830,22
2831,3
2832,3
2833,7
2834,1
2835,1
2836,1
2837,4
2838,3
2839,2
2840,1
2841,1
2842,1
2843,1
2844,69
2845,46
2846,1
2847,2
2848,15
2849,1
2850,10
2851,9
2852,49
2853,1
2854,5
2855,1
2856,4
2857,1
2858,2
2859,1
2860,4
2861,1
2862,2
2863,2
2864,14
2865,16
2866,3
2867,1
2868,8
2869,1
2870,1
2871,300
2872,2
2873,1
2874,7
2875,8
2876,1
2877,16
2878,1
2879,3
2880,17
2881,1
2882,2
2883,74
2884,1
2885,4
2886,2
2887,1
2888,4
2889,3
2890,2
2891,1
2892,2
2893,2
2894,1
2895,1
2896,1
2897,3
2898,1
2899,6
2900,2
2901,1
2902,1
2903,1
2904,1
2905,26
2906,119
2907,4
2908,1
2909,12
2910,6
2911,1
2912,1
2913,1
2914,3
2915,1
2916,3
2917,3
2918,2
2919,2
2920,2
2921,6
2922,1
2923,2
2924,1
2925,1
2926,10
2927,1
2928,4
2929,9
2930,1
2931,1
2932,1
2933,2
2934,1
2935,15
2936,7
2937,2
2938,2
2939,2
2940,2
2941,6
2942,2
2943,1
2944,1
2945,1
2946,4
2947,15
2948,1
2949,32
2950,71
2951,1
2952,7
2953,1
2954,1
2955,5
2956,4
2957,1
2958,1
2959,2
2960,10
2961,1
2962,1
2963,3
2964,3
2965,1
2966,7
2967,5
2968,34
2969,1
2970,3
2971,1
2972,15
2973,87
2974,4
2975,11
2976,40
2977,2
2978,1
2979,1
2980,1
2981,3
2982,3
2983,1
2984,2
2985,3
2986,1
2987,3
2988,2
2989,8
2990,1
2991,2
2992,9
2993,1
2994,1
2995,9
2996,121
2997,1
2998,5
2999,7
3000,66
3001,2
3002,1
3003,7
3004,8
3005,10
3006,1
3007,1
3008,1
3009,1
3010,2
3011,14
3012,2
3013,1
3014,7
3015,1
3016,260
3017,16
3018,187
3019,2
3020,1
3021,2
3022,1
3023,9
3024,2
3025,10
3026,2
3027,1
3028,1
3029,1
3030,3
3031,3
3032,11
3033,2
3034,3
3035,2
3036,3
3037,1
3038,4
3039,2
3040,4
3041,1
3042,2
3043,3
3044,14
3045,1
3046,1
3047,15
3048,11
3049,2
3050,3
3051,2
3052,2
3053,1
3054,3
3055,3
3056,2
3057,3
3058,1
3059,2
3060,1
3061,119
3062,11
3063,14
3064,3
3065,1
3066,1
3067,34
3068,6
3069,10
3070,1
3071,8
3072,1
3073,4
3074,1
3075,2
3076,1
3077,4
3078,38
3079,29
3080,7
3081,187
3082,3
3083,12
3084,1
3085,2
3086,5
3087,5
3088,1
3089,3
3090,9
3091,1
3092,207
3093,3
3094,1
3095,2
3096,2
3097,6
3098,8
3099,3
3100,1
3101,1
3102,1
3103,2
3104,1
3105,1
3106,2
3107,1
3108,1
3109,1
3110,6
3111,1
3112,3
3113,2
3114,14
3115,11
3116,1
3117,2
3118,4
3119,1
3120,3
3121,4
3122,2
3123,2
3124,11
3125,1
3126,6
3127,1
3128,2
3129,13
3130,6
3131,5
3132,1
3133,1
3134,66
3135,1
3136,6
3137,4
3138,2
3139,3
3140,1
3141,1
3142,2
3143,14
3144,2
3145,2
3146,22
3147,9
3148,1
3149,627
3150,6
3151,1
3152,3
3153,1
3154,3
3155,1
3156,5
3157,5
3158,1
3159,2
3160,5
3161,1
3162,9
3163,1
3164,30
3165,1
3166,3
3167,4
3168,1
3169,6
3170,1
3171,3
3172,1
3173,2
3174,1
3175,3
3176,2
3177,4
3178,3
3179,6
3180,2
3181,4
3182,2
3183,3
3184,15
3185,4
3186,1
3187,6
3188,5
3189,2
3190,2
3191,4
3192,9
3193,1
3194,2
3195,3
3196,2
3197,1
3198,4
3199,1
3200,6
3201,3
3202,1
3203,14
3204,1
3205,3
3206,1
3207,1
3208,5
3209,1
3210,3
3211,1
3212,4
3213,2
3214,8
3215,3
3216,4
3217,60
3218,3
3219,1
3220,175
3221,1
3222,8
3223,1
3224,1
3225,1
3226,1
3227,3
3228,7
3229,5
3230,1
3231,1
3232,5
3233,11
3234,1
3235,2
3236,2
3237,3
3238,2
3239,2
3240,2
3241,2
3242,1
3243,8
3244,1
3245,16
3246,1
3247,4
3248,3
3249,1
3250,2
3251,5
3252,2
3253,5
3254,1
3255,1
3256,2
3257,2
3258,3
3259,1
3260,1
3261,2
3262,1
3263,1
3264,10
3265,17
3266,2
3267,47
3268,1
3269,1
3270,130
3271,11
3272,1
3273,6
3274,2
3275,2
3276,1
3277,2
3278,3
3279,1
3280,1
3281,2
3282,53
3283,1
3284,NA
3285,3
3286,1
3287,188
3288,1
3289,4
3290,2
3291,1
3292,2
3293,1
3294,1
3295,6
3296,40
3297,7
3298,2
3299,2
3300,11
3301,1
3302,1
3303,2
3304,1
3305,1
3306,2
3307,3
3308,2
3309,2
3310,1
3311,1
3312,22
3313,2
3314,4
3315,15
3316,1
3317,1
3318,1
3319,4
3320,3
3321,1
3322,16
3323,3
3324,2
3325,1
3326,1
3327,2
3328,1
3329,1
3330,6
3331,1
3332,2
3333,1
3334,5
3335,4
3336,1
3337,1
3338,2
3339,2
3340,7
3341,2
3342,1
3343,2
3344,7
3345,1
3346,5
3347,1
3348,2
3349,1
3350,1
3351,2
3352,1
3353,4
3354,1
3355,9
3356,1
3357,2
3358,2
3359,3
3360,3
3361,1
3362,2
3363,7
3364,4
3365,3
3366,7
3367,2
3368,1
3369,14
3370,3
3371,8
3372,1
3373,1
3374,1
3375,2
3376,17
3377,1
3378,3
3379,3
3380,2
3381,6
3382,2
3383,5
3384,7
3385,3
3386,3
3387,1
3388,3
3389,17
3390,34
3391,3
3392,6
3393,1
3394,7
3395,1
3396,2
3397,10
3398,5
3399,1
3400,1
3401,1
3402,3
3403,5
3404,11
3405,5
3406,1
3407,1
3408,1
3409,28
3410,1
3411,2
3412,3
3413,2
3414,3
3415,4
3416,1
3417,1
3418,2
3419,1
3420,1
3421,8
3422,7
3423,1
3424,1
3425,56
3426,19
3427,1
3428,5
3429,1
3430,1
3431,1
3432,45
3433,4
3434,1
3435,17
3436,1
3437,1
3438,5
3439,54
3440,9
3441,7
3442,2
3443,2
3444,6
3445,1
3446,3
3447,41
3448,1
3449,13
3450,2
3451,2
3452,6
3453,4
3454,6
3455,14
3456,1
3457,1
3458,3
3459,1
3460,3
3461,1
3462,32
3463,1
3464,2
3465,5
3466,1
3467,45
3468,15
3469,6
3470,218
3471,3
3472,1
3473,4
3474,2
3475,1
3476,2
3477,3
3478,1
3479,24
3480,1
3481,2
3482,1
3483,1
3484,1
3485,2
3486,1
3487,1
3488,2
3489,4
3490,1
3491,2
3492,5
3493,1
3494,2
3495,58
3496,1
3497,2
3498,3
3499,1
3500,1
3501,1
3502,4
3503,6
3504,105
3505,1
3506,4
3507,1
3508,1
3509,48
3510,1
3511,8
3512,9
3513,1
3514,3
3515,4
3516,4
3517,5
3518,1
3519,1
3520,3
3521,2
3522,1
3523,22
3524,4
3525,2
3526,97
3527,2
3528,3
3529,5
3530,5
3531,3
3532,1
3533,3
3534,1
3535,7
3536,2
3537,5
3538,1
3539,2
3540,1
3541,4
3542,167
3543,5
3544,2
3545,5
3546,4
3547,1
3548,1
3549,49
3550,19
3551,2
3552,4
3553,1
3554,5
3555,2
3556,2
3557,4
3558,2
3559,3
3560,1
3561,2
3562,100
3563,1
3564,2
3565,2
3566,7
3567,8
3568,1
3569,1
3570,1
3571,5
3572,2
3573,5
3574,7
3575,1
3576,1
3577,6
3578,55
3579,3
3580,16
3581,4
3582,2
3583,1
3584,1
3585,8
3586,2
3587,1
3588,18
3589,2
3590,2
3591,4
3592,1
3593,3
3594,1
3595,1
3596,2
3597,2
3598,3
3599,1
3600,2
3601,3
3602,1
3603,2
3604,15
3605,3
3606,1
3607,2
3608,5
3609,1
3610,1
3611,2
3612,6
3613,8
3614,2
3615,1
3616,1
3617,1
3618,1
3619,2
3620,1
3621,9
3622,1
3623,1
3624,1
3625,1
3626,16
3627,1
3628,4
3629,1
3630,2
3631,2
3632,1
3633,1
3634,1
3635,4
3636,1
3637,1
3638,1
3639,3
3640,2
3641,8
3642,21
3643,17
3644,399
3645,1
3646,4
3647,13
3648,1
3649,3
3650,3
3651,1
3652,1
3653,5
3654,6
3655,499
3656,8
3657,1
3658,1
3659,1
3660,1
3661,2
3662,42
3663,6
3664,5
3665,6
3666,3
3667,3
3668,2
3669,2
3670,18
3671,4
3672,63
3673,1
3674,1
3675,1
3676,1
3677,5
3678,6
3679,1
3680,2
3681,10
3682,16
3683,2
3684,3
3685,17
3686,6
3687,1
3688,3
3689,5
3690,2
3691,2
3692,1
3693,3
3694,1
3695,1
3696,2
3697,1
3698,68
3699,6
3700,6
3701,12
3702,1
3703,1
3704,1
3705,2
3706,1
3707,6
3708,9
3709,5
3710,1
3711,2
3712,2
3713,7
3714,9
3715,2
3716,1
3717,4
3718,1
3719,12
3720,1
3721,1
3722,1
3723,1
3724,1
3725,1
3726,15
3727,1
3728,1
3729,1
3730,2
3731,1
3732,4
3733,5
3734,13
3735,1
3736,1
3737,1
3738,1
3739,18
3740,3
3741,1
3742,19
3743,2
3744,4
3745,2
3746,2
3747,32
3748,1
3749,68
3750,1
3751,5
3752,1
3753,10
3754,4
3755,4
3756,1
3757,2
3758,8
3759,2
3760,1
3761,14
3762,1
3763,10
3764,2
3765,9
3766,4
3767,10
3768,3
3769,4
3770,1
3771,1
3772,5
3773,2
3774,7
3775,2
3776,1
3777,15
3778,5
3779,3
3780,4
3781,2
3782,15
3783,3
3784,56
3785,1
3786,5
3787,1
3788,4
3789,15
3790,4
3791,4
3792,5
3793,9
3794,12
3795,1
3796,4
3797,10
3798,2
3799,1
3800,75
3801,1
3802,2
3803,11
3804,3
3805,2
3806,1
3807,1
3808,1
3809,16
3810,2
3811,1
3812,3
3813,2
3814,2
3815,1
3816,1
3817,6
3818,3
3819,1
3820,6
3821,41
3822,1
3823,1
3824,28
3825,11
3826,2
3827,1
3828,14
3829,1
3830,22
3831,2
3832,1
3833,1
3834,3
3835,4
3836,3
3837,1
3838,2
3839,3
3840,2
3841,1
3842,1
3843,1
3844,1
3845,3
3846,4
3847,1
3848,1
3849,2
3850,2
3851,7
3852,4
3853,1
3854,1
3855,12
3856,10
3857,4
3858,23
3859,5
3860,1
3861,1
3862,8
3863,1
3864,2
3865,2
3866,3
3867,3
3868,2
3869,1
3870,4
3871,1
3872,7
3873,11
3874,1
3875,3
3876,3
3877,8
3878,14
3879,1
3880,30
3881,1
3882,16
3883,1
3884,2
3885,11
3886,7
3887,6
3888,1
3889,2
3890,5
3891,4
3892,1
3893,1
3894,6
3895,3
3896,60
3897,3
3898,2
3899,NA
3900,1
3901,3
3902,5
3903,8
3904,3
3905,1
3906,1
3907,1
3908,2
3909,1
3910,1
3911,1
3912,1
3913,5
3914,7
3915,35
3916,6
3917,9
3918,2
3919,2
3920,1
3921,1
3922,71
3923,1
3924,1
3925,1
3926,3
3927,1
3928,5
3929,3
3930,1
3931,3
3932,13
3933,5
3934,1
3935,4
3936,3
3937,6
3938,1
3939,19
3940,5
3941,65
3942,14
3943,3
3944,5
3945,2
3946,8
3947,45
3948,1
3949,1
3950,2
3951,61
3952,81
3953,6
3954,166
3955,1
3956,5
3957,3
3958,1
3959,1
3960,7
3961,1
3962,2
3963,2
3964,47
3965,6
3966,1
3967,1
3968,4
3969,1
3970,4
3971,8
3972,1
3973,2
3974,1
3975,1
3976,2
3977,29
3978,2
3979,13
3980,1
3981,1
3982,4
3983,2
3984,83
3985,6
3986,1
3987,2
3988,1
3989,19
3990,2
3991,4
3992,2
3993,133
3994,1
3995,2
3996,1
3997,1
3998,1
3999,3
4000,3
4001,2
4002,1
4003,1
4004,4
4005,1
4006,14
4007,1
4008,1
4009,1
4010,7
4011,7
4012,1
4013,2
4014,35
4015,1
4016,1
4017,1
4018,4
4019,1
4020,2
4021,48
4022,9
4023,9
4024,1
4025,2
4026,1
4027,4
4028,9
4029,1
4030,11
4031,1
4032,7
4033,4
4034,27
4035,21
4036,2
4037,49
4038,2
4039,2
4040,1
4041,3
4042,1
4043,1
4044,1
4045,1
4046,1
4047,2
4048,2
4049,6
4050,1
4051,2
4052,1
4053,15
4054,4
4055,5
4056,3
4057,1
4058,1
4059,235
4060,1
4061,4
4062,4
4063,13
4064,15
4065,1
4066,8
4067,3
4068,2
4069,21
4070,4
4071,3
4072,5
4073,1
4074,1
4075,11
4076,9
4077,5
4078,2
4079,3
4080,1
4081,1
4082,1
4083,6
4084,5
4085,3
4086,3
4087,4
4088,2
4089,19
4090,9
4091,6
4092,1
4093,2
4094,1
4095,1
4096,1
4097,2
4098,10
4099,8
4100,1
4101,1
4102,3
4103,1
4104,3
4105,1
4106,2
4107,2
4108,1
4109,2
4110,1
4111,9
4112,1
4113,7
4114,12
4115,5
4116,1
4117,1
4118,4
4119,1
4120,2
4121,30
4122,1
4123,8
4124,1
4125,2
4126,1
4127,1
4128,1
4129,1
4130,1
4131,2
4132,2
4133,1
4134,2
4135,1
4136,3
4137,1
4138,10
4139,2
4140,3
4141,2
4142,3
4143,5
4144,11
4145,5
4146,2
4147,3
4148,6
4149,1
4150,1
4151,1
4152,1
4153,NA
4154,1
4155,NA
4156,2
4157,28
4158,3
4159,2
4160,4
4161,1
4162,1
4163,31
4164,2
4165,5
4166,1
4167,8
4168,7
4169,32
4170,7
4171,3
4172,3
4173,1
4174,2
4175,NA
4176,14
4177,2
4178,8
4179,1
4180,1
4181,5
4182,4
4183,1
4184,1
4185,1
4186,1
4187,1
4188,4
4189,4
4190,388
4191,3
4192,1
4193,1
4194,4
4195,10
4196,5
4197,1
4198,1
4199,4
4200,15
4201,24
4202,2
4203,4
4204,3
4205,1
4206,1
4207,1
4208,12
4209,2
4210,3
4211,1
4212,1
4213,3
4214,9
4215,1
4216,2
4217,3
4218,13
4219,1
4220,3
4221,2
4222,4
4223,3
4224,1
4225,14
4226,1
4227,5
4228,2
4229,1
4230,81
4231,4
4232,15
4233,9
4234,1
4235,1
4236,1
4237,5
4238,1
4239,4
4240,2
4241,3
4242,2
4243,12
4244,12
4245,5
4246,2
4247,1
4248,10
4249,1
4250,1
4251,6
4252,3
4253,1
4254,3
4255,3
4256,1
4257,1
4258,3
4259,15
4260,8
4261,1
4262,15
4263,3
4264,2
4265,2
4266,1
4267,1
4268,7
4269,2
4270,3
4271,1
4272,2
4273,1
4274,1
4275,2
4276,11
4277,4
4278,1
4279,29
4280,1
4281,4
4282,2
4283,1
4284,2
4285,2
4286,14
4287,125
4288,1
4289,8
4290,5
4291,1
4292,2
4293,340
4294,1
4295,2
4296,5
4297,2
4298,1
4299,1
4300,2
4301,24
4302,1
4303,2
4304,1
4305,1
4306,11
4307,11
4308,3
4309,26
4310,3
4311,1
4312,1
4313,1
4314,9
4315,5
4316,1
4317,2
4318,1
4319,66
4320,1
4321,4
4322,5
4323,2
4324,1
4325,1
4326,1
4327,2
4328,5
4329,1
4330,1
4331,12
4332,2
4333,1
4334,2
4335,20
4336,113
4337,1
4338,3
4339,3
4340,7
4341,1
4342,4
4343,3
4344,2
4345,1
4346,4
4347,3
4348,4
4349,9
4350,10
4351,1
4352,1
4353,5
4354,1
4355,7
4356,NA
4357,126
4358,1
4359,23
4360,2
4361,3
4362,2
4363,3
4364,4
4365,8
4366,13
4367,1
4368,2
4369,361
4370,14
4371,3
4372,12
4373,3
4374,1
4375,1
4376,1
4377,10
4378,15
4379,1
4380,3
4381,2
4382,1
4383,8
4384,2
4385,6
4386,1
4387,1
4388,3
4389,2
4390,1
4391,6
4392,6
4393,1
4394,2
4395,2
4396,1
4397,2
4398,10
4399,1
4400,15
4401,2
4402,1
4403,3
4404,5
4405,124
4406,1
4407,12
4408,18
4409,1
4410,2
4411,7
4412,2
4413,25
4414,2
4415,2
4416,1
4417,2
4418,2
4419,4
4420,1
4421,3
4422,1
4423,4
4424,128
4425,10
4426,4
4427,1
4428,1
4429,128
4430,1
4431,3
4432,1
4433,2
4434,6
4435,1
4436,1
4437,2
4438,1
4439,2
4440,154
4441,1
4442,1
4443,5
4444,1
4445,1
4446,4
4447,2
4448,22
4449,1
4450,1
4451,1
4452,4
4453,1
4454,4
4455,3
4456,74
4457,2
4458,7
4459,3
4460,5
4461,5
4462,3
4463,2
4464,2
4465,2
4466,1
4467,7
4468,39
4469,1
4470,3
4471,1
4472,1
4473,1
4474,2
4475,3
4476,1
4477,3
4478,2
4479,1
4480,7
4481,2
4482,2
4483,1
4484,2
4485,1
4486,2
4487,44
4488,5
4489,3
4490,774
4491,2
4492,1
4493,34
4494,11
4495,5
4496,12
4497,11
4498,6
4499,1
4500,2
4501,1
4502,1
4503,21
4504,1
4505,3
4506,1
4507,179
4508,4
4509,8
4510,4
4511,1
4512,1
4513,25
4514,44
4515,1
4516,10
4517,2
4518,10
4519,1
4520,2
4521,11
4522,8
4523,1
4524,4
4525,1
4526,6
4527,9
4528,2
4529,3
4530,2
4531,2
4532,1
4533,1
4534,7
4535,1
4536,1
4537,6
4538,10
4539,3
4540,3
4541,2
4542,3
4543,4
4544,1
4545,3
4546,3
4547,8
4548,3
4549,4
4550,1
4551,1
4552,2
4553,1
4554,33
4555,1
4556,28
4557,8
4558,4
4559,105
4560,1
4561,1
4562,2
4563,1
4564,3
4565,2
4566,2
4567,1
4568,1
4569,2
4570,20
4571,2
4572,1
4573,2
4574,3
4575,1
4576,5
4577,4
4578,3
4579,1
4580,2
4581,7
4582,3
4583,2
4584,1
4585,2
4586,10
4587,2
4588,1
4589,9
4590,1
4591,1
4592,1
4593,1
4594,12
4595,1
4596,1
4597,12
4598,1
4599,2
4600,16
4601,2
4602,7
4603,4
4604,1
4605,1
4606,1
4607,1
4608,11
4609,48
4610,2
4611,3
4612,1
4613,1
4614,4
4615,3
4616,3
4617,1
4618,1
4619,2
4620,11
4621,43
4622,5
4623,1
4624,2
4625,5
4626,2
4627,2
4628,1
4629,11
4630,1
4631,2
4632,41
4633,2
4634,1
4635,4
4636,3
4637,3
4638,2
4639,7
4640,1
4641,5
4642,10
4643,2
4644,5
4645,14
4646,31
4647,1
4648,9
4649,2
4650,3
4651,9
4652,1
4653,1
4654,4
4655,6
4656,2
4657,2
4658,3
4659,6
4660,3
4661,1
4662,1
4663,1
4664,4
4665,1
4666,1
4667,7
4668,7
4669,1
4670,41
4671,2
4672,4
4673,15
4674,9
4675,1
4676,2
4677,10
4678,4
4679,1
4680,2
4681,20
4682,1
4683,1
4684,10
4685,2
4686,1
4687,6
4688,3
4689,NA
4690,1
4691,84
4692,46
4693,5
4694,1
4695,5
4696,1
4697,3
4698,4
4699,3
4700,9
4701,19
4702,1
4703,4
4704,9
4705,1
4706,2
4707,1
4708,1
4709,6
4710,1
4711,1
4712,4
4713,8
4714,3
4715,6
4716,12
4717,1
4718,3
4719,4
4720,17
4721,43
4722,1
4723,3
4724,2
4725,4
4726,24
4727,9
4728,22
4729,1
4730,11
4731,1
4732,1
4733,139
4734,78
4735,34
4736,9
4737,1
4738,1
4739,2
4740,1
4741,249
4742,4
4743,3
4744,1
4745,5
4746,7
4747,16
4748,3
4749,1
4750,2
4751,1
4752,2
4753,1
4754,1
4755,3
4756,1
4757,1
4758,114
4759,1
4760,1
4761,1
4762,21
4763,1
4764,3
4765,1
4766,4
4767,1
4768,2
4769,NA
4770,3
4771,2
4772,1
4773,2
4774,24
4775,5
4776,2
4777,51
4778,1
4779,9
4780,1
4781,1
4782,1
4783,4
4784,1
4785,1
4786,13
4787,3
4788,34
4789,5
4790,9
4791,3
4792,2
4793,1
4794,1
4795,1
4796,2
4797,3
4798,7
4799,1
4800,1
4801,3
4802,10
4803,4
4804,4
4805,3
4806,1
4807,1
4808,4
4809,17
4810,2
4811,21
4812,1
4813,10
4814,2
4815,4
4816,1
4817,1
4818,2
4819,1
4820,NA
4821,2
4822,1
4823,1
4824,31
4825,2
4826,4
4827,12
4828,3
4829,1
4830,1
4831,5
4832,6
4833,1
4834,1
4835,1
4836,4
4837,3
4838,12
4839,237
4840,1
4841,3
4842,9
4843,1
4844,30
4845,19
4846,2
4847,3
4848,2
4849,1
4850,1
4851,21
4852,24
4853,9
4854,3
4855,1
4856,2
4857,1
4858,19
4859,2
4860,4
4861,3
4862,37
4863,3
4864,3
4865,1
4866,6
4867,5
4868,1
4869,1
4870,17
4871,19
4872,1
4873,1
4874,2
4875,1
4876,1
4877,2
4878,1
4879,1
4880,2
4881,4
4882,1
4883,NA
4884,15
4885,2
4886,2
4887,2
4888,3
4889,4
4890,13
4891,1
4892,4
4893,1
4894,1
4895,2
4896,1
4897,2
4898,27
4899,1
4900,1
4901,1
4902,4
4903,1
4904,8
4905,2
4906,1
4907,2
4908,2
4909,2
4910,27
4911,2
4912,2
4913,1
4914,7
4915,1
4916,3
4917,1
4918,1
4919,6
4920,2
4921,3
4922,2
4923,2
4924,1
4925,1
4926,2
4927,26
4928,1
4929,1
4930,6
4931,1
4932,1
4933,8
4934,1
4935,6
4936,1
4937,3
4938,6
4939,74
4940,6
4941,7
4942,7
4943,2
4944,2
4945,45
4946,1
4947,1
4948,19
4949,1
4950,1
4951,41
4952,12
4953,3
4954,1
4955,7
4956,3
4957,1
4958,4
4959,16
4960,31
4961,7
4962,1
4963,1
4964,2
4965,3
4966,1
4967,1
4968,1
4969,2
4970,4
4971,2
4972,3
4973,6
4974,1
4975,2
4976,2
4977,2
4978,10
4979,24
4980,5
4981,3
4982,1
4983,3
4984,1
4985,5
4986,10
4987,1
4988,1
4989,3
4990,2
4991,1
4992,1
4993,12
4994,1
4995,1
4996,26
4997,1
4998,6
4999,2
5000,2
5001,1
5002,1
5003,1
5004,1
5005,1
5006,14
5007,2
5008,4
5009,3
5010,1
5011,2
5012,1
5013,1
5014,2
5015,6
5016,2
5017,1
5018,11
5019,6
5020,23
5021,9
5022,6
5023,1
5024,NA
5025,1
5026,2
5027,5
5028,2
5029,1
5030,1
5031,3
5032,1
5033,1
5034,1
5035,6
5036,6
5037,12
5038,1
5039,2
5040,1
5041,7
5042,9
5043,1
5044,21
5045,2
5046,5
5047,1
5048,2
5049,2
5050,3
5051,1
5052,1
5053,8
5054,1
5055,1
5056,3
5057,3
5058,7
5059,2
5060,2
5061,7
5062,1
5063,2
5064,5
5065,3
5066,2
5067,1
5068,30
5069,1
5070,3
5071,7
5072,1
5073,18
5074,1
5075,7
5076,25
5077,2
5078,1
5079,1
5080,1
5081,1
5082,1
5083,18
5084,8
5085,3
5086,2
5087,1
5088,1
5089,28
5090,1
5091,17
5092,162
5093,2
5094,27
5095,1
5096,8
5097,1
5098,4
5099,1
5100,4
5101,1
5102,218
5103,1
5104,5
5105,3
5106,1
5107,7
5108,1
5109,2
5110,1
5111,1
5112,2
5113,4
5114,12
5115,6
5116,2
5117,2
5118,17
5119,9
5120,3
5121,1
5122,2
5123,1
5124,3
5125,1
5126,3
5127,1
5128,1
5129,6
5130,1
5131,3
5132,30
5133,2
5134,5
5135,2
5136,2
5137,7
5138,38
5139,4
5140,2
5141,1
5142,1
5143,6
5144,1
5145,7
5146,1
5147,2
5148,1
5149,1
5150,3
5151,14
5152,2
5153,8
5154,3
5155,4
5156,1
5157,5
5158,1
5159,1
5160,2
5161,5
5162,1
5163,3
5164,3
5165,4
5166,1
5167,22
5168,56
5169,5
5170,9
5171,1
5172,4
5173,1
5174,89
5175,50
5176,1
5177,2
5178,1
5179,10
5180,4
5181,1
5182,15
5183,4
5184,3
5185,1
5186,5
5187,1
5188,8
5189,8
5190,69
5191,1
5192,1
5193,3
5194,2
5195,1
5196,2
5197,9
5198,12
5199,1
5200,NA
5201,1
5202,1
5203,5
5204,18
5205,1
5206,3
5207,2
5208,2
5209,2
5210,2
5211,4
5212,2
5213,2
5214,2
5215,19
5216,1
5217,4
5218,3
5219,1
5220,2
5221,1
5222,1
5223,1
5224,14
5225,7
5226,1
5227,32
5228,3
5229,3
5230,1
5231,3
5232,7
5233,1
5234,2
5235,1
5236,1
5237,1
5238,2
5239,19
5240,4
5241,1
5242,2
5243,1
5244,1
5245,3
5246,4
5247,1
5248,1
5249,3
5250,1
5251,2
5252,4
5253,1
5254,31
5255,1
5256,3
5257,1
5258,2
5259,3
5260,1
5261,1
5262,5
5263,1
5264,14
5265,6
5266,5
5267,7
5268,10
5269,831
5270,1
5271,1
5272,11
5273,21
5274,3
5275,2
5276,1
5277,3
5278,4
5279,5
5280,57
5281,1
5282,2
5283,19
5284,3
5285,1
5286,4
5287,3
5288,15
5289,2
5290,2
5291,1
5292,7
5293,4
5294,2
5295,1
5296,56
5297,1
5298,3
5299,6
5300,1
5301,2
5302,1
5303,2
5304,11
5305,2
5306,2
5307,2
5308,3
5309,1
5310,6
5311,5
5312,1
5313,2
5314,8
5315,3
5316,4
5317,33
5318,1
5319,2
5320,1
5321,2
5322,336
5323,3
5324,3
5325,3
5326,1
5327,15
5328,46
5329,3
5330,5
5331,1
5332,1
5333,3
5334,NA
5335,1
5336,4
5337,37
5338,1
5339,13
5340,1
5341,5
5342,5
5343,2
5344,16
5345,1
5346,1
5347,2
5348,3
5349,1
5350,6
5351,3
5352,57
5353,2
5354,21
5355,38
5356,2
5357,2
5358,1
5359,7
5360,3
5361,NA
5362,2
5363,4
5364,5
5365,1
5366,4
5367,48
5368,1
5369,2
5370,1
5371,4
5372,1
5373,1
5374,1
5375,1
5376,3
5377,1
5378,2
5379,3
5380,3
5381,8
5382,2
5383,4
5384,1
5385,2
5386,3
5387,4
5388,1
5389,3
5390,62
5391,10
5392,8
5393,1
5394,1
5395,2
5396,1
5397,2
5398,2
5399,9
5400,30
5401,1
5402,1
5403,2
5404,1
5405,1
5406,2
5407,3
5408,1
5409,1
5410,5
5411,6
5412,5
5413,28
5414,3
5415,3
5416,33
5417,2
5418,6
5419,16
5420,2
5421,1
5422,2
5423,9
5424,1
5425,1
5426,5
5427,5
5428,4
5429,1
5430,19
5431,1
5432,3
5433,1
5434,20
5435,1
5436,7
5437,2
5438,1
5439,2
5440,1
5441,3
5442,NA
5443,4
5444,1
5445,4
5446,2
5447,10
5448,3
5449,429
5450,1
5451,1
5452,2
5453,2
5454,1
5455,2
5456,41
5457,1
5458,1
5459,2
5460,2
5461,8
5462,2
5463,5
5464,2
5465,11
5466,3
5467,1
5468,37
5469,4
5470,10
5471,12
5472,25
5473,1
5474,6
5475,1
5476,3
5477,7
5478,1
5479,3
5480,5
5481,1
5482,7
5483,15
5484,5
5485,1
5486,3
5487,1
5488,2
5489,5
5490,2
5491,1
5492,1
5493,3
5494,9
5495,368
5496,26
5497,8
5498,5
5499,6
5500,3
5501,1
5502,10
5503,1
5504,4
5505,3
5506,1
5507,1
5508,1
5509,1
5510,2
5511,2
5512,3
5513,2
5514,2
5515,2
5516,9
5517,2
5518,6
5519,6
5520,1
5521,5
5522,5
5523,2
5524,2
5525,4
5526,1
5527,2
5528,3
5529,8
5530,5
5531,2
5532,14
5533,1
5534,3
5535,3
5536,1
5537,1
5538,1
5539,3
5540,1
5541,2
5542,1
5543,1
5544,1
5545,5
5546,3
5547,1
5548,1
5549,7
5550,2
5551,2
5552,1
5553,2
5554,34
5555,1
5556,1
5557,9
5558,1
5559,1
5560,35
5561,1
5562,2
5563,19
5564,34
5565,5
5566,1
5567,2
5568,3
5569,69
5570,1
5571,1
5572,2
5573,1
5574,172
5575,4
5576,1
5577,1
5578,1
5579,1
5580,8
5581,2
5582,4
5583,9
5584,1
5585,56
5586,6
5587,1
5588,2
5589,5
5590,7
5591,1
5592,10
5593,2
5594,7
5595,10
5596,3
5597,6
5598,1
5599,1
5600,2
5601,10
5602,6
5603,5
5604,1
5605,2
5606,1
5607,2
5608,5
5609,81
5610,1
5611,6
5612,2
5613,4
5614,8
5615,5
5616,2
5617,1
5618,6
5619,30
5620,8
5621,6
5622,10
5623,488
5624,4
5625,1
5626,7
5627,1
5628,1
5629,4
5630,5
5631,5
5632,7
5633,1
5634,7
5635,9
5636,2
5637,6
5638,6
5639,12
5640,1
5641,4
5642,7
5643,2
5644,39
5645,17
5646,1
5647,2
5648,1
5649,1
5650,1
5651,23
5652,3
5653,7
5654,1
5655,1
5656,1
5657,1
5658,4
5659,1
5660,1
5661,2
5662,1
5663,3
5664,2
5665,3
5666,5
5667,1
5668,1
5669,1
5670,19
5671,1
5672,11
5673,5
5674,1
5675,3
5676,2
5677,1
5678,2
5679,14
5680,1
5681,18
5682,8
5683,2
5684,1
5685,10
5686,299
5687,19
5688,9
5689,5
5690,2
5691,1
5692,1
5693,2
5694,1
5695,14
5696,152
5697,1
5698,431
5699,1
5700,17
5701,3
5702,3
5703,1
5704,4
5705,1
5706,5
5707,2
5708,1
5709,12
5710,5
5711,1
5712,10
5713,1
5714,590
5715,34
5716,1
5717,3
5718,2
5719,1
5720,1
5721,8
5722,1
5723,34
5724,1
5725,1
5726,2
5727,2
5728,2
5729,3
5730,2
5731,3
5732,1
5733,1
5734,1
5735,2
5736,3
5737,24
5738,2
5739,3
5740,3
5741,11
5742,2
5743,1
5744,1
5745,1
5746,2
5747,6
5748,1
5749,2
5750,1
5751,2
5752,1
5753,1
5754,4
5755,10
5756,5
5757,1
5758,3
5759,2
5760,8
5761,7
5762,10
5763,2
5764,3
5765,NA
5766,1
5767,1
5768,4
5769,2
5770,11
5771,91
5772,4
5773,1
5774,2
5775,12
5776,2
5777,5
5778,6
5779,1
5780,1
5781,10
5782,2
5783,4
5784,263
5785,4
5786,410
5787,1
5788,4
5789,3
5790,2
5791,14
5792,6
5793,2
5794,1
5795,14
5796,2
5797,2
5798,10
5799,9
5800,1
5801,1
5802,1
5803,1
5804,8
5805,NA
5806,5
5807,4
5808,2
5809,1
5810,3
5811,1
5812,2
5813,1
5814,8
5815,1
5816,8
5817,1
5818,133
5819,2
5820,7
5821,1
5822,1
5823,2
5824,3
5825,6
5826,3
5827,11
5828,465
5829,1
5830,4
5831,1
5832,1
5833,5
5834,6
5835,3
5836,1
5837,3
5838,33
5839,47
5840,3
5841,5
5842,1
5843,1
5844,1
5845,1
5846,1
5847,28
5848,6
5849,1
5850,19
5851,2
5852,1
5853,1
5854,63
5855,1
5856,3
5857,NA
5858,1
5859,1
5860,6
5861,2
5862,1
5863,14
5864,2
5865,2
5866,102
5867,4
5868,2
5869,1
5870,30
5871,2
5872,27
5873,2
5874,12
5875,3
5876,4
5877,2
5878,3
5879,5
5880,1
5881,70
5882,3
5883,7
5884,2
5885,6
5886,1
5887,2
5888,16
5889,8
5890,307
5891,6
5892,3
5893,5
5894,1
5895,83
5896,3
5897,6
5898,1
5899,1
5900,1
5901,1
5902,1
5903,76
5904,1
5905,9
5906,1
5907,2
5908,5
5909,1
5910,14
5911,5
5912,1
5913,2
5914,4
5915,1
5916,4
5917,2
5918,4
5919,4
5920,1
5921,2
5922,2
5923,8
5924,3
5925,4
5926,1
5927,1
5928,1
5929,3
5930,4
5931,2
5932,3
5933,1
5934,15
5935,1
5936,2
5937,4
5938,2
5939,7
5940,8
5941,2
5942,2
5943,1
5944,59
5945,2
5946,1
5947,1
5948,1
5949,3
5950,15
5951,1
5952,3
5953,1
5954,1
5955,1
5956,1
5957,2
5958,4
5959,2
5960,1
5961,4
5962,39
5963,2
5964,2
5965,26
5966,2
5967,5
5968,22
5969,1
5970,3
5971,3
5972,1
5973,4
5974,1
5975,39
5976,2
5977,5
5978,1
5979,10
5980,2
5981,1
5982,1
5983,1
5984,1
5985,11
5986,4
5987,2
5988,27
5989,24
5990,5
5991,1
5992,3
5993,2
5994,2
5995,1
5996,1
5997,1
5998,25
5999,1
6000,1
6001,2
6002,15
6003,1
6004,3
6005,9
6006,12
6007,53
6008,6
6009,1
6010,3
6011,6
6012,5
6013,4
6014,2
6015,2
6016,1
6017,12
6018,1
6019,1
6020,4
6021,6
6022,32
6023,1
6024,12
6025,2
6026,7
6027,4
6028,1
6029,35
6030,1
6031,NA
6032,1
6033,49
6034,2
6035,1
6036,2
6037,12
6038,1
6039,3
6040,2
6041,2
6042,2
6043,8
6044,11
6045,3
6046,2
6047,3
6048,4
6049,1
6050,5
6051,3
6052,1
6053,1
6054,3
6055,2
6056,8
6057,3
6058,10
6059,1
6060,264
6061,2
6062,1
6063,2
6064,9
6065,1
6066,2
6067,133
6068,7
6069,1
6070,1
6071,6
6072,1
6073,4
6074,1
6075,2
6076,1
6077,8
6078,4
6079,5
6080,56
6081,1
6082,75
6083,16
6084,1
6085,38
6086,4
6087,1
6088,1
6089,4
6090,3
6091,4
6092,2
6093,1
6094,30
6095,3
6096,1
6097,1
6098,4
6099,2
6100,1
6101,6
6102,2
6103,2
6104,6
6105,658
6106,21
6107,1
6108,4
6109,1
6110,1
6111,1
6112,2
6113,3
6114,3
6115,1
6116,2
6117,2
6118,2
6119,5
6120,23
6121,3
6122,1
6123,1
6124,4
6125,1
6126,4
6127,10
6128,1
6129,3
6130,12
6131,8
6132,1
6133,1
6134,2
6135,1
6136,1
6137,3
6138,3
6139,3
6140,1
6141,3
6142,1
6143,1
6144,1
6145,4
6146,5
6147,1
6148,6
6149,7
6150,1
6151,1
6152,5
6153,9
6154,1
6155,8
6156,21
6157,3
6158,32
6159,1
6160,1
6161,7
6162,2
6163,7
6164,2
6165,30
6166,3
6167,1
6168,22
6169,6
6170,1
6171,1
6172,41
6173,20
6174,1
6175,13
6176,2
6177,3
6178,2
6179,1
6180,7
6181,1
6182,4
6183,4
6184,1
6185,1
6186,5
6187,2
6188,2
6189,2
6190,3
6191,1
6192,4
6193,6
6194,1
6195,4
6196,18
6197,2
6198,1
6199,4
6200,1
6201,1
6202,1
6203,14
6204,3
6205,4
6206,1
6207,242
6208,1
6209,25
6210,1
6211,2
6212,1
6213,1
6214,2
6215,11
6216,1
6217,1
6218,2
6219,5
6220,24
6221,1
6222,2
6223,3
6224,8
6225,3
6226,17
6227,1
6228,1
6229,1
6230,3
6231,2
6232,2
6233,1
6234,3
6235,2
6236,1
6237,8
6238,1
6239,2
6240,1
6241,3
6242,6
6243,1
6244,1
6245,1
6246,6
6247,1
6248,6
6249,1
6250,2
6251,1
6252,1
6253,2
6254,33
6255,1
6256,9
6257,5
6258,11
6259,1
6260,3
6261,4
6262,1
6263,2
6264,15
6265,4
6266,1
6267,35
6268,1
6269,24
6270,3
6271,1
6272,2
6273,1
6274,2
6275,3
6276,1
6277,1
6278,1
6279,1
6280,2
6281,3
6282,3
6283,1
6284,8
6285,4
6286,4
6287,2
6288,5
6289,NA
6290,1
6291,105
6292,1
6293,4
6294,5
6295,6
6296,4
6297,1
6298,1
6299,2
6300,1
6301,2
6302,3
6303,1
6304,3
6305,2
6306,2
6307,1
6308,2
6309,5
6310,18
6311,48
6312,1
6313,1
6314,2
6315,6
6316,45
6317,6
6318,1
6319,11
6320,3
6321,1
6322,6
6323,3
6324,1
6325,1
6326,2
6327,1
6328,1
6329,8
6330,11
6331,9
6332,2
6333,7
6334,1
6335,2
6336,1
6337,3
6338,4
6339,37
6340,2
6341,2
6342,3
6343,1
6344,5
6345,1
6346,1
6347,2
6348,5
6349,3
6350,8
6351,3
6352,17
6353,8
6354,1
6355,2
6356,2
6357,1
6358,12
6359,1
6360,3
6361,1
6362,1
6363,1
6364,7
6365,2
6366,12
6367,3
6368,2
6369,79
6370,1
6371,5
6372,2
6373,18
6374,1
6375,29
6376,3
6377,2
6378,8
6379,3
6380,1
6381,1
6382,1
6383,1
6384,31
6385,6
6386,6
6387,11
6388,1
6389,2
6390,1
6391,1
6392,2
6393,2
6394,1
6395,1
6396,1
6397,1
6398,3
6399,1
6400,14
6401,5
6402,2
6403,3
6404,1
6405,8
6406,1
6407,5
6408,1
6409,2
6410,1
6411,1
6412,2
6413,1
6414,4
6415,16
6416,1
6417,15
6418,46
6419,1
6420,2
6421,3
6422,1
6423,4
6424,216
6425,2
6426,1
6427,5
6428,3
6429,9
6430,6
6431,11
6432,2
6433,4
6434,11
6435,2
6436,1
6437,1
6438,1
6439,2
6440,59
6441,1
6442,6
6443,3
6444,1
6445,6
6446,65
6447,4
6448,6
6449,4
6450,1
6451,3
6452,59
6453,1
6454,1
6455,2
6456,17
6457,1
6458,1
6459,1
6460,1
6461,1
6462,20
6463,2
6464,4
6465,1
6466,1
6467,2
6468,1
6469,5
6470,2
6471,7
6472,10
6473,2
6474,2
6475,1
6476,1
6477,21
6478,3
6479,1
6480,1
6481,4
6482,1
6483,1
6484,12
6485,71
6486,15
6487,1
6488,2
6489,3
6490,17
6491,9
6492,1
6493,1
6494,6
6495,1
6496,3
6497,2
6498,9
6499,1
6500,2
6501,3
6502,2
6503,22
6504,1
6505,3
6506,1
6507,1
6508,1
6509,2
6510,1
6511,1
6512,2
6513,3
6514,3
6515,1
6516,1
6517,3
6518,2
6519,22
6520,7
6521,12
6522,1
6523,4
6524,1
6525,10
6526,4
6527,1
6528,2
6529,1
6530,1
6531,1
6532,4
6533,2
6534,1
6535,1
6536,1
6537,7
6538,5
6539,25
6540,2
6541,1
6542,34
6543,38
6544,1
6545,30
6546,1
6547,4
6548,3
6549,7
6550,1
6551,3
6552,1
6553,1
6554,5
6555,1
6556,4
6557,2
6558,146
6559,1
6560,1
6561,11
6562,1
6563,82
6564,105
6565,1
6566,1
6567,48
6568,2
6569,1
6570,8
6571,2
6572,10
6573,4
6574,2
6575,16
6576,3
6577,1
6578,15
6579,1
6580,2
6581,1
6582,9
6583,1
6584,2
6585,1
6586,2
6587,1
6588,5
6589,8
6590,1
6591,3
6592,2
6593,1
6594,1
6595,7
6596,11
6597,1
6598,2
6599,1
6600,3
6601,4
6602,1
6603,3
6604,71
6605,18
6606,1
6607,5
6608,5
6609,16
6610,15
6611,4
6612,6
6613,1
6614,5
6615,1
6616,1
6617,11
6618,10
6619,2
6620,5
6621,2
6622,5
6623,2
6624,2
6625,10
6626,2
6627,8
6628,2
6629,4
6630,13
6631,6
6632,53
6633,2
6634,NA
6635,2
6636,1
6637,5
6638,3
6639,23
6640,1
6641,5
6642,1
6643,1
6644,1
6645,2
6646,1
6647,2
6648,1
6649,1
6650,3
6651,1
6652,9
6653,24
6654,1
6655,3
6656,7
6657,13
6658,1
6659,3
6660,5
6661,8
6662,1
6663,1
6664,3
6665,1
6666,5
6667,1
6668,8
6669,20
6670,1
6671,2
6672,6
6673,6
6674,3
6675,1
6676,19
6677,1
6678,3
6679,13
6680,4
6681,3
6682,2
6683,1
6684,26
6685,9
6686,4
6687,15
6688,3
6689,10
6690,26
6691,1
6692,2
6693,42
6694,5
6695,11
6696,1
6697,1
6698,1
6699,1
6700,1
6701,2
6702,1
6703,1
6704,1
6705,1
6706,2
6707,5
6708,3
6709,6
6710,1
6711,2
6712,3
6713,1
6714,2
6715,59
6716,3
6717,2
6718,1
6719,5
6720,4
6721,1
6722,4
6723,3
6724,3
6725,1
6726,1
6727,1
6728,4
6729,3
6730,1
6731,15
6732,8
6733,1
6734,2
6735,2
6736,4
6737,10
6738,8
6739,2
6740,1
6741,5
6742,25
6743,3
6744,1
6745,2
6746,2
6747,13
6748,2
6749,1
6750,2
6751,1
6752,1
6753,1
6754,1
6755,6
6756,49
6757,3
6758,12
6759,1
6760,15
6761,1
6762,1
6763,4
6764,28
6765,7
6766,7
6767,3
6768,16
6769,7
6770,20
6771,10
6772,1
6773,1
6774,1
6775,2
6776,1
6777,2
6778,2
6779,4
6780,1
6781,57
6782,4
6783,2
6784,8
6785,2
6786,1
6787,1
6788,2
6789,4
6790,1
6791,1
6792,2
6793,5
6794,1
6795,2
6796,2
6797,4
6798,1
6799,3
6800,1
6801,1
6802,2
6803,1
6804,4
6805,1
6806,8
6807,1
6808,28
6809,5
6810,206
6811,16
6812,2
6813,3
6814,107
6815,2
6816,2
6817,14
6818,1
6819,1
6820,3
6821,27
6822,4
6823,2
6824,3
6825,1
6826,16
6827,3
6828,1
6829,231
6830,2
6831,1
6832,1
6833,611
6834,3
6835,NA
6836,1
6837,20
6838,1
6839,3
6840,1
6841,5
6842,3
6843,2
6844,15
6845,1
6846,1
6847,1
6848,2
6849,1
6850,7
6851,236
6852,1
6853,3
6854,1
6855,3
6856,1
6857,75
6858,1
6859,8
6860,4
6861,2
6862,5
6863,1
6864,2
6865,2
6866,1
6867,5
6868,1
6869,10
6870,1
6871,262
6872,1
6873,2
6874,4
6875,17
6876,2
6877,3
6878,1
6879,1
6880,4
6881,2
6882,1
6883,8
6884,3
6885,3
6886,27
6887,1
6888,1
6889,4
6890,2
6891,19
6892,4
6893,7
6894,2
6895,16
6896,7
6897,41
6898,1
6899,6
6900,1
6901,2
6902,2
6903,1
6904,4
6905,4
6906,24
6907,1
6908,4
6909,1
6910,1
6911,30
6912,1
6913,12
6914,3
6915,1
6916,1
6917,1
6918,14
6919,1
6920,2
6921,2
6922,3
6923,5
6924,1
6925,4
6926,1
6927,1
6928,12
6929,1
6930,1
6931,72
6932,4
6933,4
6934,1
6935,1
6936,2
6937,2
6938,2
6939,4
6940,6
6941,6
6942,1
6943,1
6944,2
6945,10
6946,2
6947,4
6948,1
6949,18
6950,1
6951,26
6952,5
6953,2
6954,5
6955,1
6956,8
6957,28
6958,1
6959,2
6960,4
6961,1
6962,109
6963,2
6964,2
6965,1
6966,8
6967,3
6968,191
6969,764
6970,2
6971,1
6972,33
6973,4
6974,6
6975,59
6976,1
6977,2
6978,10
6979,206
6980,1
6981,11
6982,1
6983,2
6984,1
6985,1
6986,3
6987,1
6988,5
6989,27
6990,25
6991,1
6992,4
6993,3
6994,2
6995,17
6996,3
6997,1
6998,2
6999,1
7000,4
7001,1
7002,5
7003,1
7004,4
7005,1
7006,1
7007,4
7008,1
7009,2
7010,15
7011,1
7012,6
7013,3
7014,8
7015,380
7016,3
7017,7
7018,1
7019,1
7020,1
7021,1
7022,1
7023,3
7024,1
7025,3
7026,1
7027,3
7028,1
7029,4
7030,4
7031,1
7032,4
7033,111
7034,1
7035,1
7036,2
7037,2
7038,7
7039,2
7040,2
7041,3
7042,1
7043,4
7044,2
7045,3
7046,3
7047,3
7048,1
7049,1
7050,4
7051,2
7052,1
7053,4
7054,1
7055,1
7056,3
7057,2
7058,16
7059,1
7060,15
7061,1
7062,2
7063,2
7064,13
7065,2
7066,1
7067,1
7068,2
7069,2
7070,7
7071,1
7072,6
7073,1
7074,1
7075,1
7076,1
7077,1
7078,11
7079,5
7080,7
7081,20
7082,14
7083,1
7084,1
7085,1
7086,5
7087,1
7088,15
7089,3
7090,1
7091,2
7092,2
7093,3
7094,19
7095,1
7096,2
7097,3
7098,4
7099,2
7100,21
7101,1
7102,3
7103,98
7104,4
7105,5
7106,2
7107,8
7108,5
7109,2
7110,1
7111,3
7112,3
7113,7
7114,2
7115,4
7116,1
7117,1
7118,3
7119,1
7120,2
7121,9
7122,3
7123,2
7124,2
7125,1
7126,1
7127,4
7128,3
7129,3
7130,3
7131,1
7132,16
7133,1
7134,1
7135,3
7136,1
7137,8
7138,6
7139,3
7140,1
7141,67
7142,4
7143,1
7144,7
7145,1
7146,2
7147,1
7148,1
7149,18
7150,1
7151,3
7152,2
7153,3
7154,1
7155,4
7156,3
7157,10
7158,9
7159,5
7160,1
7161,3
7162,2
7163,3
7164,120
7165,3
7166,7
7167,7
7168,1
7169,7
7170,2
7171,1
7172,1
7173,1
7174,2
7175,10
7176,1
7177,3
7178,3
7179,4
7180,5
7181,7
7182,71
7183,4
7184,2
7185,1
7186,2
7187,1
7188,1
7189,2
7190,1
7191,6
7192,3
7193,3
7194,1
7195,11
7196,1
7197,12
7198,2
7199,1
7200,2
7201,1
7202,1
7203,5
7204,1
7205,5
7206,1
7207,7
7208,1
7209,2
7210,6
7211,1
7212,5
7213,1
7214,3
7215,3
7216,NA
7217,7
7218,2
7219,6
7220,34
7221,1
7222,3
7223,1
7224,6
7225,1
7226,2
7227,1
7228,105
7229,3
7230,2
7231,4
7232,1
7233,2
7234,3
7235,1
7236,1
7237,352
7238,2
7239,2
7240,2
7241,7
7242,1
7243,1
7244,1
7245,1
7246,324
7247,27
7248,4
7249,6
7250,17
7251,4
7252,29
7253,2
7254,5
7255,1
7256,1
7257,1
7258,1
7259,1
7260,30
7261,6
7262,4
7263,6
7264,7
7265,63
7266,2
7267,1
7268,4
7269,17
7270,1
7271,3
7272,1
7273,1
7274,1
7275,6
7276,3
7277,10
7278,1
7279,9
7280,12
7281,2
7282,8
7283,3
7284,1
7285,645
7286,2
7287,3
7288,1
7289,17
7290,1
7291,1
7292,1
7293,2
7294,1
7295,5
7296,8
7297,5
7298,12
7299,2
7300,1
7301,1
7302,5
7303,3
7304,144
7305,1
7306,23
7307,1
7308,30
7309,1
7310,3
7311,1
7312,1
7313,1
7314,13
7315,3
7316,5
7317,2
7318,36
7319,6
7320,2
7321,17
7322,48
7323,2
7324,2
7325,5
7326,2
7327,8
7328,1
7329,3
7330,23
7331,4
7332,7
7333,4
7334,6
7335,1
7336,4
7337,1
7338,2
7339,75
7340,4
7341,7
7342,10
7343,1
7344,1
7345,3
7346,262
7347,7
7348,5
7349,1
7350,1
7351,1
7352,4
7353,3
7354,1
7355,111
7356,1
7357,2
7358,12
7359,6
7360,4
7361,1
7362,1
7363,1
7364,7
7365,1
7366,2
7367,1
7368,15
7369,11
7370,10
7371,2
7372,6
7373,2
7374,NA
7375,7
7376,1
7377,2
7378,1
7379,6
7380,2
7381,3
7382,1
7383,1
7384,3
7385,10
7386,1
7387,5
7388,3
7389,4
7390,1
7391,2
7392,1
7393,16
7394,2
7395,23
7396,1
7397,1
7398,5
7399,87
7400,1
7401,39
7402,4
7403,3
7404,3
7405,3
7406,1
7407,43
7408,2
7409,1
7410,1
7411,1
7412,2
7413,10
7414,17
7415,2
7416,1
7417,2
7418,14
7419,1
7420,3
7421,4
7422,11
7423,3
7424,2
7425,7
7426,1
7427,1
7428,1
7429,3
7430,5
7431,2
7432,2
7433,1
7434,1
7435,1
7436,15
7437,16
7438,28
7439,7
7440,1
7441,10
7442,2
7443,332
7444,7
7445,1
7446,3
7447,1
7448,1
7449,1
7450,23
7451,7
7452,1
7453,1
7454,3
7455,4
7456,2
7457,3
7458,10
7459,1
7460,3
7461,1
7462,2
7463,7
7464,2
7465,4
7466,1
7467,5
7468,2
7469,9
7470,1
7471,4
7472,5
7473,1
7474,1
7475,1
7476,2
7477,11
7478,2
7479,11
7480,8
7481,1
7482,1
7483,2
7484,140
7485,5
7486,1
7487,1
7488,2
7489,2
7490,1
7491,1
7492,2
7493,1
7494,4
7495,1
7496,1
7497,1
7498,2
7499,4
7500,3
7501,1
7502,1
7503,1
7504,1
7505,4
7506,3
7507,3
7508,3
7509,1
7510,13
7511,10
7512,2
7513,27
7514,7
7515,7
7516,8
7517,1
7518,9
7519,1
7520,3
7521,9
7522,1
7523,8
7524,1
7525,2
7526,7
7527,192
7528,1
7529,16
7530,2
7531,1
7532,1
7533,8
7534,2
7535,3
7536,2
7537,6
7538,1
7539,4
7540,32
7541,2
7542,1
7543,1
7544,1
7545,21
7546,5
7547,1
7548,9
7549,3
7550,1
7551,1
7552,3
7553,12
7554,1
7555,20
7556,4
7557,2
7558,5
7559,3
7560,1
7561,1
7562,20
7563,1
7564,3
7565,3
7566,2
7567,1
7568,2
7569,6
7570,1
7571,1
7572,6
7573,1
7574,4
7575,2
7576,3
7577,1
7578,2
7579,1
7580,2
7581,3
7582,1
7583,24
7584,1
7585,4
7586,1
7587,2
7588,1
7589,4
7590,6
7591,21
7592,16
7593,1
7594,119
7595,1
7596,7
7597,2
7598,3
7599,7
7600,1
7601,4
7602,93
7603,5
7604,16
7605,1
7606,1
7607,1
7608,2
7609,3
7610,1
7611,12
7612,1
7613,13
7614,24
7615,1
7616,4
7617,1
7618,3
7619,30
7620,1
7621,2
7622,1
7623,2
7624,8
7625,2
7626,1
7627,1
7628,5
7629,1
7630,1
7631,1
7632,4
7633,1
7634,1
7635,1
7636,4
7637,3
7638,2
7639,2
7640,16
7641,1
7642,7
7643,1
7644,4
7645,6
7646,4
7647,3
7648,6
7649,2
7650,1
7651,1
7652,1
7653,3
7654,6
7655,1
7656,2
7657,5
7658,1
7659,7
7660,2
7661,5
7662,1
7663,1
7664,7
7665,5
7666,212
7667,2
7668,6
7669,616
7670,9
7671,8
7672,7
7673,2
7674,3
7675,1
7676,10
7677,1
7678,2
7679,1
7680,5
7681,6
7682,72
7683,1
7684,1
7685,3
7686,65
7687,4
7688,9
7689,7
7690,3
7691,1
7692,1
7693,22
7694,1
7695,2
7696,1
7697,9
7698,2
7699,1
7700,2
7701,2
7702,77
7703,6
7704,1
7705,1
7706,8
7707,4
7708,1
7709,10
7710,3
7711,4
7712,21
7713,5
7714,2
7715,2
7716,4
7717,269
7718,1
7719,1
7720,1
7721,1
7722,1
7723,2
7724,1
7725,36
7726,2
7727,2
7728,1
7729,1
7730,3
7731,1
7732,4
7733,1
7734,1
7735,4
7736,5
7737,5
7738,1
7739,14
7740,8
7741,1
7742,10
7743,1
7744,4
7745,1
7746,1
7747,26
7748,8
7749,6
7750,2
7751,2
7752,1
7753,3
7754,9
7755,1
7756,1
7757,1
7758,2
7759,10
7760,1
7761,5
7762,7
7763,2
7764,2
7765,15
7766,6
7767,32
7768,2
7769,1
7770,1
7771,43
7772,2
7773,12
7774,3
7775,9
7776,2
7777,1
7778,4
7779,16
7780,1
7781,2
7782,2
7783,1
7784,15
7785,5
7786,3
7787,1
7788,1
7789,3
7790,11
7791,2
7792,4
7793,2
7794,1
7795,2
7796,5
7797,2
7798,1
7799,1
7800,15
7801,1
7802,1
7803,44
7804,13
7805,6
7806,2
7807,3
7808,76
7809,1
7810,6
7811,2
7812,2
7813,4
7814,3
7815,3
7816,1
7817,1
7818,NA
7819,2
7820,83
7821,3
7822,1
7823,1
7824,3
7825,1
7826,1
7827,4
7828,8
7829,3
7830,2
7831,1
7832,8
7833,1
7834,1
7835,8
7836,1
7837,1
7838,3
7839,2
7840,12
7841,1
7842,8
7843,1
7844,2
7845,129
7846,2
7847,3
7848,28
7849,77
7850,1
7851,2
7852,1
7853,1
7854,4
7855,1
7856,3
7857,5
7858,7
7859,8
7860,1
7861,2
7862,1
7863,6
7864,5
7865,1
7866,33
7867,2
7868,56
7869,10
7870,3
7871,1
7872,1
7873,1
7874,4
7875,3
7876,1
7877,2
7878,4
7879,1
7880,2
7881,4
7882,1
7883,1
7884,17
7885,1
7886,8
7887,2
7888,1
7889,2
7890,2
7891,6
7892,3
7893,2
7894,36
7895,9
7896,1
7897,2
7898,3
7899,3
7900,1
7901,2
7902,1
7903,1
7904,11
7905,3
7906,34
7907,6
7908,1
7909,1
7910,1
7911,1
7912,5
7913,1
7914,4
7915,1
7916,1
7917,1
7918,12
7919,14
7920,9
7921,1
7922,1
7923,1
7924,1
7925,4
7926,5
7927,7
7928,2
7929,3
7930,4
7931,2
7932,8
7933,2
7934,1
7935,2
7936,1
7937,2
7938,5
7939,5
7940,3
7941,42
7942,2
7943,6
7944,4
7945,3
7946,5
7947,10
7948,11
7949,34
7950,1
7951,9
7952,2
7953,1
7954,5
7955,1
7956,28
7957,1
7958,4
7959,27
7960,1
7961,2
7962,1
7963,3
7964,2
7965,15
7966,2
7967,2
7968,15
7969,5
7970,6
7971,1
7972,3
7973,5
7974,2
7975,2
7976,15
7977,1
7978,6
7979,1
7980,1
7981,1
7982,2
7983,11
7984,1
7985,5
7986,7
7987,1
7988,1
7989,2
7990,4
7991,1
7992,3
7993,3
7994,1
7995,1
7996,3
7997,1
7998,1
7999,3
8000,1
8001,2
8002,2
8003,2
8004,1
8005,22
8006,2
8007,2
8008,9
8009,30
8010,27
8011,4
8012,12
8013,6
8014,4
8015,1
8016,32
8017,2
8018,28
8019,9
8020,13
8021,2
8022,4
8023,1
8024,NA
8025,310
8026,74
8027,3
8028,417
8029,1
8030,1
8031,4
8032,4
8033,12
8034,15
8035,4
8036,2
8037,1
8038,2
8039,5
8040,1
8041,2
8042,1
8043,2
8044,1
8045,89
8046,1
8047,1
8048,1
8049,43
8050,4
8051,2
8052,3
8053,4
8054,68
8055,1
8056,143
8057,3
8058,25
8059,3
8060,4
8061,1
8062,1
8063,1
8064,17
8065,2
8066,2
8067,4
8068,1
8069,2
8070,1
8071,1
8072,12
8073,23
8074,7
8075,1
8076,3
8077,14
8078,1
8079,14
8080,2
8081,3
8082,1
8083,2
8084,2
8085,1
8086,6
8087,36
8088,1
8089,58
8090,21
8091,1
8092,1
8093,5
8094,5
8095,3
8096,3
8097,1
8098,1
8099,1
8100,1
8101,5
8102,6
8103,1
8104,3
8105,1
8106,125
8107,4
8108,2
8109,5
8110,2
8111,1
8112,2
8113,57
8114,2
8115,3
8116,3
8117,24
8118,8
8119,1
8120,4
8121,11
8122,4
8123,61
8124,12
8125,174
8126,69
8127,3
8128,1
8129,34
8130,15
8131,16
8132,2
8133,1
8134,2
8135,7
8136,2
8137,4
8138,6
8139,2
8140,1
8141,1
8142,1
8143,21
8144,7
8145,12
8146,1
8147,1
8148,1
8149,2
8150,3
8151,73
8152,14
8153,3
8154,3
8155,2
8156,1
8157,3
8158,4
8159,1
8160,1
8161,22
8162,2
8163,1
8164,65
8165,15
8166,12
8167,31
8168,1
8169,15
8170,4
8171,11
8172,4
8173,7
8174,1
8175,34
8176,4
8177,5
8178,14
8179,9
8180,1
8181,1
8182,3
8183,1
8184,5
8185,124
8186,354
8187,1
8188,23
8189,105
8190,1
8191,59
8192,2
8193,23
8194,1
8195,1
8196,3
8197,2
8198,7
8199,14
8200,1
8201,1
8202,1
8203,3
8204,1
8205,1
8206,8
8207,7
8208,4
8209,1
8210,4
8211,1
8212,1
8213,5
8214,4
8215,4
8216,6
8217,1
8218,33
8219,12
8220,10
8221,1
8222,3
8223,1
8224,1
8225,2
8226,2
8227,2
8228,3
8229,8
8230,2
8231,7
8232,1
8233,1
8234,3
8235,133
8236,3
8237,140
8238,2
8239,8
8240,1
8241,5
8242,16
8243,2
8244,1
8245,1
8246,8
8247,10
8248,2
8249,1
8250,1
8251,25
8252,5
8253,1
8254,4
8255,6
8256,1
8257,1
8258,1
8259,20
8260,1
8261,157
8262,4
8263,6
8264,3
8265,7
8266,3
8267,7
8268,2
8269,10
8270,3
8271,2
8272,2
8273,1
8274,12
8275,1
8276,3
8277,1
8278,1
8279,11
8280,49
8281,1
8282,1
8283,3
8284,12
8285,3
8286,5
8287,1
8288,2
8289,10
8290,2
8291,11
8292,1
8293,2
8294,1
8295,1
8296,1
8297,2
8298,11
8299,1
8300,3
8301,3
8302,2
8303,1
8304,NA
8305,3
8306,1
8307,1
8308,4
8309,26
8310,1
8311,15
8312,7
8313,12
8314,17
8315,1
8316,4
8317,4
8318,18
8319,1
8320,1
8321,14
8322,2
8323,1
8324,16
8325,3
8326,1
8327,3
8328,1
8329,1
8330,5
8331,5
8332,4
8333,1
8334,7
8335,1
8336,1
8337,31
8338,1
8339,2
8340,1
8341,3
8342,92
8343,4
8344,2
8345,23
8346,2
8347,1
8348,1
8349,9
8350,5
8351,9
8352,1
8353,2
8354,1
8355,2
8356,6
8357,2
8358,1
8359,1
8360,3
8361,3
8362,2
8363,1
8364,4
8365,1
8366,5
8367,3
8368,13
8369,2
8370,2
8371,1
8372,1
8373,2
8374,327
8375,1
8376,16
8377,1
8378,2
8379,1
8380,5
8381,6
8382,5
8383,1
8384,1
8385,1
8386,9
8387,1
8388,4
8389,425
8390,2
8391,11
8392,1
8393,3
8394,16
8395,5
8396,1
8397,2
8398,1
8399,3
8400,9
8401,1
8402,4
8403,5
8404,1
8405,1
8406,1
8407,4
8408,5
8409,6
8410,1
8411,235
8412,12
8413,5
8414,9
8415,1
8416,2
8417,1
8418,1
8419,6
8420,3
8421,16
8422,1
8423,3
8424,4
8425,1
8426,3
8427,32
8428,3
8429,1
8430,8
8431,4
8432,1
8433,1
8434,3
8435,160
8436,1
8437,2
8438,6
8439,3
8440,1
8441,5
8442,6
8443,40
8444,9
8445,1
8446,14
8447,2
8448,2
8449,2
8450,167
8451,3
8452,3
8453,1
8454,1
8455,5
8456,4
8457,22
8458,2
8459,1
8460,2
8461,1
8462,1
8463,5
8464,22
8465,4
8466,1
8467,70
8468,3
8469,1
8470,5
8471,2
8472,2
8473,1
8474,1
8475,21
8476,2
8477,1
8478,1
8479,4
8480,4
8481,1
8482,1
8483,73
8484,2
8485,10
8486,2
8487,47
8488,1
8489,7
8490,1
8491,9
8492,14
8493,22
8494,1
8495,2
8496,1
8497,1
8498,1
8499,34
8500,2
8501,1
8502,9
8503,1
8504,1
8505,3
8506,4
8507,2
8508,1
8509,2
8510,14
8511,3
8512,2
8513,2
8514,2
8515,30
8516,22
8517,3
8518,10
8519,6
8520,4
8521,3
8522,3
8523,1
8524,2
8525,1
8526,6
8527,1
8528,14
8529,1
8530,2
8531,1
8532,1
8533,3
8534,2
8535,5
8536,1
8537,9
8538,7
8539,2
8540,2
8541,2
8542,2
8543,3
8544,6
8545,1
8546,5
8547,1
8548,20
8549,2
8550,1
8551,1
8552,5
8553,2
8554,1
8555,6
8556,2
8557,3
8558,2
8559,1
8560,11
8561,4
8562,4
8563,2
8564,4
8565,14
8566,2
8567,7
8568,1
8569,1
8570,11
8571,4
8572,8
8573,6
8574,1
8575,5
8576,12
8577,2
8578,1
8579,9
8580,2
8581,1
8582,1
8583,6
8584,23
8585,15
8586,1
8587,33
8588,2
8589,25
8590,13
8591,2
8592,3
8593,2
8594,31
8595,9
8596,11
8597,2
8598,4
8599,6
8600,1
8601,1
8602,5
8603,10
8604,8
8605,8
8606,1
8607,3
8608,7
8609,7
8610,8
8611,6
8612,8
8613,3
8614,3
8615,5
8616,1
8617,1
8618,1
8619,4
8620,1
8621,1
8622,1
8623,7
8624,1
8625,1
8626,4
8627,94
8628,32
8629,1
8630,1
8631,2
8632,1
8633,4
8634,1
8635,2
8636,2
8637,1
8638,1
8639,2
8640,4
8641,4
8642,1
8643,6
8644,2
8645,2
8646,1
8647,3
8648,129
8649,1
8650,1
8651,1
8652,2
8653,1
8654,6
8655,1
8656,3
8657,1
8658,2
8659,1
8660,4
8661,2
8662,3
8663,1
8664,2
8665,2
8666,3
8667,1
8668,4
8669,126
8670,1
8671,2
8672,8
8673,1
8674,32
8675,9
8676,18
8677,1
8678,1
8679,19
8680,1
8681,2
8682,5
8683,3
8684,3
8685,2
8686,1
8687,1
8688,1
8689,2
8690,65
8691,4
8692,1
8693,1
8694,1
8695,1
8696,3
8697,1
8698,112
8699,1
8700,1
8701,21
8702,6
8703,5
8704,99
8705,7
8706,1
8707,2
8708,27
8709,65
8710,24
8711,30
8712,2
8713,229
8714,2
8715,55
8716,1
8717,3
8718,3
8719,6
8720,33
8721,33
8722,1
8723,2
8724,3
8725,13
8726,2
8727,5
8728,1
8729,1
8730,2
8731,4
8732,1
8733,1
8734,60
8735,2
8736,1
8737,90
8738,6
8739,3
8740,13
8741,17
8742,4
8743,2
8744,1
8745,4
8746,4
8747,3
8748,9
8749,3
8750,5
8751,5
8752,4
8753,4
8754,1
8755,1
8756,1
8757,152
8758,1
8759,17
8760,3
8761,2
8762,9
8763,2
8764,3
8765,8
8766,3
8767,4
8768,1
8769,1
8770,1
8771,5
8772,2
8773,11
8774,6
8775,6
8776,3
8777,1
8778,120
8779,1
8780,3
8781,11
8782,1
8783,5
8784,5
8785,20
8786,1
8787,2
8788,6
8789,8
8790,8
8791,9
8792,6
8793,1
8794,2
8795,1
8796,2
8797,3
8798,3
8799,3
8800,2
8801,2
8802,3
8803,2
8804,14
8805,4
8806,1
8807,1
8808,8
8809,1
8810,13
8811,1
8812,5
8813,4
8814,28
8815,4
8816,1
8817,6
8818,3
8819,1
8820,2
8821,10
8822,3
8823,1
8824,8
8825,1
8826,1
8827,3
8828,1
8829,99
8830,1
8831,3
8832,15
8833,3
8834,2
8835,22
8836,9
8837,7
8838,7
8839,5
8840,3
8841,2
8842,2
8843,17
8844,1
8845,2
8846,3
8847,1
8848,1
8849,112
8850,82
8851,1
8852,4
8853,5
8854,3
8855,16
8856,12
8857,3
8858,3
8859,3
8860,3
8861,46
8862,2
8863,126
8864,4
8865,1
8866,8
8867,2
8868,1
8869,1
8870,2
8871,2
8872,13
8873,1
8874,2
8875,3
8876,12
8877,1
8878,6
8879,1
8880,8
8881,1
8882,1
8883,6
8884,1
8885,5
8886,6
8887,1
8888,1
8889,20
8890,1
8891,1
8892,6
8893,1
8894,2
8895,8
8896,1
8897,5
8898,1
8899,27
8900,5
8901,1
8902,1
8903,1
8904,1
8905,1
8906,8
8907,1
8908,2
8909,3
8910,1
8911,3
8912,4
8913,3
8914,29
8915,7
8916,17
8917,13
8918,46
8919,1
8920,2
8921,3
8922,7
8923,2
8924,1
8925,2
8926,31
8927,3
8928,5
8929,3
8930,1
8931,2
8932,6
8933,1
8934,5
8935,1
8936,2
8937,3
8938,4
8939,2
8940,1
8941,6
8942,9
8943,1
8944,1
8945,27
8946,1
8947,8
8948,5
8949,1
8950,2
8951,15
8952,1
8953,1
8954,4
8955,3
8956,4
8957,1
8958,3
8959,1
8960,8
8961,2
8962,3
8963,1
8964,13
8965,1
8966,1
8967,3
8968,12
8969,2
8970,3
8971,1
8972,2
8973,1
8974,1
8975,1
8976,94
8977,1
8978,3
8979,6
8980,1
8981,1
8982,5
8983,8
8984,1
8985,16
8986,7
8987,1
8988,1
8989,2
8990,26
8991,1
8992,1
8993,1
8994,5
8995,1
8996,2
8997,4
8998,1
8999,1
9000,8
9001,2
9002,10
9003,24
9004,28
9005,120
9006,1
9007,31
9008,4
9009,6
9010,2
9011,2
9012,1
9013,2
9014,29
9015,2
9016,1
9017,1
9018,2
9019,61
9020,4
9021,7
9022,1
9023,1
9024,6
9025,41
9026,1
9027,51
9028,8
9029,1
9030,1
9031,1
9032,2
9033,1
9034,1
9035,11
9036,2
9037,3
9038,30
9039,2
9040,4
9041,1
9042,2
9043,1
9044,5
9045,2
9046,14
9047,7
9048,1
9049,1
9050,1
9051,1
9052,1
9053,3
9054,1
9055,13
9056,1
9057,2
9058,5
9059,8
9060,6
9061,6
9062,1
9063,1
9064,33
9065,3
9066,2
9067,5
9068,1
9069,6
9070,43
9071,1
9072,5
9073,2
9074,2
9075,40
9076,2
9077,3
9078,1
9079,6
9080,1
9081,11
9082,1
9083,1
9084,2
9085,1
9086,3
9087,4
9088,24
9089,3
9090,1
9091,11
9092,1
9093,5
9094,1
9095,4
9096,1
9097,1
9098,1
9099,1
9100,1
9101,74
9102,9
9103,3
9104,14
9105,1
9106,20
9107,3
9108,2
9109,2
9110,5
9111,127
9112,1
9113,26
9114,17
9115,1
9116,8
9117,7
9118,2
9119,1
9120,15
9121,3
9122,6
9123,9
9124,3
9125,1
9126,1
9127,1
9128,4
9129,1
9130,3
9131,1
9132,1
9133,1
9134,1
9135,9
9136,1
9137,2
9138,4
9139,3
9140,8
9141,2
9142,2
9143,4
9144,2
9145,9
9146,3
9147,7
9148,1
9149,1
9150,1
9151,140
9152,3
9153,4
9154,1
9155,2
9156,2
9157,5
9158,2
9159,1
9160,22
9161,2
9162,11
9163,1
9164,2
9165,9
9166,1
9167,1
9168,2
9169,2
9170,1
9171,7
9172,3
9173,4
9174,3
9175,1
9176,1
9177,1
9178,409
9179,98
9180,36
9181,1
9182,17
9183,1
9184,1
9185,31
9186,12
9187,5
9188,14
9189,3
9190,2
9191,1
9192,1
9193,2
9194,4
9195,4
9196,11
9197,1
9198,2
9199,18
9200,2
9201,19
9202,10
9203,1
9204,1
9205,1
9206,4
9207,4
9208,7
9209,1
9210,1
9211,5
9212,1
9213,10
9214,2
9215,1
9216,3
9217,5
9218,1
9219,2
9220,1
9221,5
9222,1
9223,50
9224,2
9225,1
9226,3
9227,5
9228,4
9229,1
9230,7
9231,2
9232,1
9233,1
9234,1
9235,5
9236,21
9237,3
9238,1
9239,4
9240,3
9241,1
9242,18
9243,4
9244,1
9245,53
9246,13
9247,110
9248,5
9249,3
9250,1
9251,1
9252,1
9253,1
9254,4
9255,7
9256,2
9257,3
9258,4
9259,1
9260,2
9261,35
9262,1
9263,4
9264,4
9265,26
9266,1
9267,10
9268,3
9269,20
9270,6
9271,1
9272,1
9273,2
9274,7
9275,17
9276,1
9277,3
9278,1
9279,3
9280,1
9281,1
9282,1
9283,1
9284,2
9285,1
9286,1
9287,5
9288,1
9289,2
9290,1
9291,2
9292,9
9293,2
9294,1
9295,1
9296,6
9297,162
9298,5
9299,28
9300,3
9301,2
9302,3
9303,1
9304,4
9305,6
9306,16
9307,1
9308,3
9309,5
9310,5
9311,1
9312,NA
9313,1
9314,338
9315,2
9316,2
9317,11
9318,4
9319,16
9320,1
9321,1
9322,1
9323,3
9324,1
9325,4
9326,2
9327,22
9328,4
9329,1
9330,7
9331,2
9332,12
9333,6
9334,1
9335,1
9336,2
9337,1
9338,4
9339,2
9340,3
9341,1
9342,2
9343,1
9344,1
9345,2
9346,2
9347,26
9348,4
9349,1
9350,3
9351,3
9352,1
9353,2
9354,4
9355,5
9356,2
9357,3
9358,2
9359,2
9360,1
9361,4
9362,3
9363,1
9364,8
9365,4
9366,3
9367,2
9368,9
9369,9
9370,1
9371,3
9372,1
9373,1
9374,1
9375,15
9376,6
9377,1
9378,17
9379,1
9380,2
9381,58
9382,8
9383,1
9384,2
9385,2
9386,1
9387,1
9388,6
9389,3
9390,1
9391,1
9392,2
9393,7
9394,1
9395,2
9396,2
9397,16
9398,1
9399,1
9400,1
9401,1
9402,7
9403,2
9404,1
9405,1
9406,2
9407,4
9408,1
9409,1
9410,32
9411,1
9412,3
9413,1
9414,9
9415,2
9416,2
9417,18
9418,3
9419,2
9420,1
9421,2
9422,16
9423,2
9424,16
9425,1
9426,2
9427,8
9428,1
9429,16
9430,6
9431,2
9432,1
9433,18
9434,1
9435,3
9436,1
9437,1
9438,2
9439,252
9440,1
9441,1
9442,2
9443,27
9444,12
9445,2
9446,1
9447,4
9448,48
9449,16
9450,1
9451,1
9452,8
9453,3
9454,1
9455,1
9456,1
9457,1
9458,1
9459,2
9460,3
9461,15
9462,2
9463,9
9464,2
9465,2
9466,2
9467,126
9468,2
9469,1
9470,2
9471,1
9472,2
9473,12
9474,3
9475,1
9476,1
9477,1
9478,13
9479,5
9480,6
9481,5
9482,2
9483,21
9484,5
9485,1
9486,2
9487,6
9488,6
9489,2
9490,1
9491,2
9492,3
9493,1
9494,12
9495,46
9496,9
9497,3
9498,479
9499,1
9500,59
9501,6
9502,3
9503,2
9504,1
9505,5
9506,3
9507,6
9508,8
9509,3
9510,1
9511,2
9512,2
9513,1
9514,2
9515,34
9516,1
9517,2
9518,1
9519,1
9520,5
9521,2
9522,2
9523,4
9524,1
9525,1
9526,4
9527,1
9528,2
9529,28
9530,3
9531,146
9532,1
9533,3
9534,5
9535,1
9536,21
9537,3
9538,1
9539,2
9540,3
9541,11
9542,1
9543,12
9544,12
9545,2
9546,5
9547,2
9548,1
9549,1
9550,12
9551,4
9552,1
9553,9
9554,3
9555,42
9556,2
9557,4
9558,3
9559,3
9560,3
9561,4
9562,2
9563,5
9564,4
9565,1
9566,1
9567,1
9568,8
9569,1
9570,4
9571,4
9572,1
9573,1
9574,6
9575,40
9576,2
9577,1
9578,9
9579,1
9580,147
9581,1
9582,2
9583,3
9584,2
9585,16
9586,1
9587,1
9588,2
9589,2
9590,1
9591,32
9592,3
9593,12
9594,1
9595,1
9596,1
9597,2
9598,1
9599,2
9600,4
9601,1
9602,35
9603,1
9604,11
9605,1
9606,2
9607,3
9608,33
9609,1
9610,1
9611,1
9612,6
9613,2
9614,4
9615,2
9616,3
9617,15
9618,3
9619,1
9620,12
9621,3
9622,55
9623,1
9624,1
9625,1
9626,1
9627,3
9628,1
9629,1
9630,3
9631,2
9632,3
9633,10
9634,3
9635,5
9636,1
9637,1
9638,1
9639,3
9640,1
9641,5
9642,3
9643,6
9644,1
9645,2
9646,10
9647,191
9648,4
9649,6
9650,3
9651,1
9652,19
9653,3
9654,4
9655,2
9656,1
9657,6
9658,1
9659,7
9660,7
9661,1
9662,6
9663,4
9664,2
9665,3
9666,4
9667,1
9668,5
9669,4
9670,15
9671,2
9672,3
9673,4
9674,16
9675,2
9676,3
9677,7
9678,2
9679,1
9680,4
9681,7
9682,14
9683,29
9684,1
9685,1
9686,9
9687,5
9688,7
9689,2
9690,6
9691,6
9692,2
9693,1
9694,5
9695,9
9696,1
9697,2
9698,1
9699,2
9700,6
9701,1
9702,1
9703,2
9704,3
9705,1
9706,12
9707,1
9708,7
9709,1
9710,1
9711,5
9712,1
9713,4
9714,5
9715,40
9716,8
9717,5
9718,2
9719,1
9720,1
9721,5
9722,8
9723,1
9724,7
9725,6
9726,4
9727,10
9728,1
9729,33
9730,2
9731,1
9732,3
9733,3
9734,1
9735,7
9736,1
9737,11
9738,5
9739,15
9740,4
9741,1
9742,1
9743,1
9744,1
9745,6
9746,2
9747,1
9748,1
9749,6
9750,5
9751,1
9752,1
9753,2
9754,5
9755,9
9756,2
9757,5
9758,1
9759,1
9760,4
9761,1
9762,7
9763,1
9764,3
9765,1
9766,1
9767,3
9768,4
9769,1
9770,7
9771,2
9772,9
9773,1
9774,47
9775,1
9776,16
9777,2
9778,2
9779,1
9780,1
9781,9
9782,4
9783,8
9784,2
9785,3
9786,1
9787,2
9788,15
9789,4
9790,2
9791,6
9792,1
9793,1
9794,1
9795,14
9796,1
9797,3
9798,1
9799,1
9800,3
9801,4
9802,3
9803,3
9804,4
9805,1
9806,3
9807,1
9808,31
9809,8
9810,9
9811,1
9812,1
9813,1
9814,3
9815,5
9816,64
9817,6
9818,20
9819,5
9820,10
9821,9
9822,2
9823,28
9824,28
9825,21
9826,21
9827,1
9828,1
9829,4
9830,5
9831,81
9832,7
9833,14
9834,7
9835,2
9836,2
9837,8
9838,3
9839,4
9840,1
9841,1
9842,1
9843,1
9844,9
9845,1
9846,2
9847,9
9848,1
9849,4
9850,4
9851,15
9852,16
9853,1
9854,1
9855,7
9856,3
9857,1
9858,6
9859,5
9860,1
9861,1
9862,2
9863,2
9864,12
9865,9
9866,3
9867,1
9868,1
9869,2
9870,2
9871,1
9872,28
9873,35
9874,1
9875,2
9876,43
9877,2
9878,5
9879,5
9880,1
9881,9
9882,8
9883,1
9884,1
9885,1
9886,5
9887,1
9888,1
9889,3
9890,1
9891,8
9892,1
9893,2
9894,22
9895,3
9896,2
9897,1
9898,6
9899,2
9900,2
9901,3
9902,2
9903,2
9904,4
9905,1
9906,1
9907,2
9908,1
9909,93
9910,2
9911,1
9912,13
9913,4
9914,5
9915,3
9916,3
9917,2
9918,5
9919,2
9920,52
9921,9
9922,1
9923,3
9924,2
9925,19
9926,20
9927,2
9928,2
9929,1
9930,45
9931,3
9932,62
9933,1
9934,1
9935,9
9936,10
9937,4
9938,1
9939,15
9940,3
9941,42
9942,4
9943,5
9944,9
9945,1
9946,2
9947,12
9948,8
9949,3
9950,1
9951,3
9952,1
9953,2
9954,3
9955,4
9956,4
9957,1
9958,2
9959,2
9960,1
9961,2
9962,1
9963,9
9964,10
9965,2
9966,14
9967,8
9968,3
9969,1
9970,8
9971,3
9972,1
9973,1
9974,2
9975,1
9976,1
9977,15
9978,1
9979,4
9980,1
9981,2
9982,9
9983,1
9984,2
9985,1
9986,1
9987,3
9988,2
9989,4
9990,4
9991,2
9992,1
9993,1
9994,6
9995,1
9996,2
9997,24
9998,9
9999,6
10000,1
