1,2
6,1
11,1
16,3
21,4
26,1
31,4
36,1
41,1
46,2
51,1
56,2
61,96
66,1
71,1
76,1
81,5
86,2
91,1
96,22
101,1
106,1
111,1
116,2
121,1
126,1
131,1
136,3
141,2
146,2
151,1
156,1
161,1
166,11
171,8
176,1
181,1
186,4
191,1
196,5
201,1
206,4
211,5
216,1
221,1
226,2
231,1
236,2
241,1
246,1
251,10
256,1
261,1
266,1
271,1
276,3
281,15
286,1
291,1
296,1
301,4
306,8
311,4
316,1
321,1
326,5
331,3
336,1
341,2
346,1
351,21
356,1
361,205
366,5
371,1
376,1
381,1
386,3
391,7
396,3
401,3
406,NA
411,1
416,8
421,7
426,2
431,1
436,1
441,1
446,1
451,1
456,1
461,1
466,1
471,3
476,1
481,2
486,17
491,1
496,3
501,83
506,22
511,81
516,1
521,16
526,2
531,1
536,8
541,1
546,1
551,1
556,1
561,2
566,28
571,1
576,1
581,3
586,1
591,8
596,3
601,2
606,1
611,2
616,3
621,1
626,1
631,1
636,53
641,2
646,9
651,2
656,3
661,1
666,3
671,4
676,1
681,9
686,10
691,3
696,1
701,1
706,1
711,3
716,1
721,1
726,1
731,5
736,2
741,4
746,12
751,1
756,1
761,2
766,11
771,1
776,1
781,1
786,5
791,33
796,3
801,5
806,6
811,6
816,1
821,3
826,4
831,3
836,1
841,1
846,1
851,1
856,4
861,5
866,2
871,4
876,1
881,3
886,2
891,1
896,20
901,6
906,4
911,10
916,2
921,1
926,9
931,2
936,2
941,2
946,2
951,1
956,1
961,5
966,3
971,1
976,1
981,2
986,1
991,2
996,2
1001,1
1006,8
1011,4
1016,1
1021,2
1026,1
1031,1
1036,1
1041,4
1046,2
1051,1
1056,3
1061,1
1066,1
1071,16
1076,2
1081,1
1086,1
1091,5
1096,5
1101,13
1106,2
1111,1
1116,1
1121,2
1126,3
1131,7
1136,1
1141,1
1146,1
1151,1
1156,1
1161,8
1166,1
1171,2
1176,1
1181,1
1186,8
1191,1
1196,1
1201,1
1206,1
1211,1
1216,1
1221,3
1226,2
1231,9
1236,1
1241,9
1246,12
1251,3
1256,9
1261,9
1266,3
1271,1
1276,19
1281,36
1286,2
1291,1
1296,3
1301,4
1306,1
1311,1
1316,11
1321,1
1326,2
1331,4
1336,3
1341,3
1346,5
1351,5
1356,1
1361,1
1366,5
1371,1
1376,2
1381,2
1386,6
1391,1
1396,14
1401,5
1406,2
1411,7
1416,2
1421,1
1426,1
1431,1
1436,1
1441,1
1446,936
1451,4
1456,1
1461,2
1466,1
1471,4
1476,31
1481,1
1486,1
1491,1
1496,1
1501,2
1506,1
1511,3
1516,27
1521,1
1526,1
1531,8
1536,1
1541,1
1546,1
1551,1
1556,162
1561,2
1566,8
1571,3
1576,5
1581,1
1586,3
1591,1
1596,2
1601,1
1606,1
1611,1
1616,62
1621,1
1626,284
1631,5
1636,1
1641,3
1646,1
1651,279
1656,4
1661,2
1666,1
1671,5
1676,1
1681,3
1686,1
1691,11
1696,3
1701,1
1706,8
1711,1
1716,7
1721,3
1726,1
1731,4
1736,4
1741,2
1746,7
1751,12
1756,2
1761,6
1766,2
1771,2
1776,1
1781,2
1786,1
1791,2
1796,1
1801,4
1806,3
1811,5
1816,1
1821,17
1826,1
1831,1
1836,6
1841,6
1846,12
1851,5
1856,1
1861,163
1866,3
1871,1
1876,2
1881,7
1886,1
1891,1
1896,1
1901,2
1906,51
1911,1
1916,4
1921,1
1926,27
1931,1
1936,1
1941,7
1946,4
1951,1
1956,2
1961,1
1966,2
1971,1
1976,2
1981,1
1986,1
1991,2
1996,2
2001,1
2006,1
2011,4
2016,2
2021,1
2026,1
2031,14
2036,1
2041,3
2046,2
2051,1
2056,4
2061,3
2066,2
2071,1
2076,1
2081,2
2086,1
2091,56
2096,5
2101,1
2106,3
2111,1
2116,1
2121,2
2126,1
2131,16
2136,5
2141,15
2146,178
2151,3
2156,1
2161,188
2166,1
2171,1
2176,358
2181,2
2186,2
2191,1
2196,1
2201,1
2206,9
2211,1
2216,1
2221,4
2226,5
2231,2
2236,4
2241,1
2246,1
2251,1
2256,2
2261,2
2266,2
2271,15
2276,1
2281,9
2286,14
2291,2
2296,1
2301,1
2306,1
2311,1
2316,1
2321,2
2326,2
2331,1
2336,13
2341,2
2346,1
2351,6
2356,30
2361,1
2366,38
2371,4
2376,7
2381,3
2386,1
2391,29
2396,3
2401,1
2406,1
2411,1
2416,17
2421,6
2426,1
2431,1
2436,2
2441,9
2446,3
2451,12
2456,4
2461,1
2466,1
2471,4
2476,1
2481,23
2486,14
2491,1
2496,3
2501,1
2506,3
2511,1
2516,2
2521,2
2526,2
2531,1
2536,1
2541,1
2546,5
2551,2
2556,4
2561,8
2566,1
2571,4
2576,1
2581,28
2586,1
2591,1
2596,1
2601,1
2606,5
2611,4
2616,2
2621,71
2626,1
2631,1
2636,3
2641,1
2646,3
2651,2
2656,1
2661,1
2666,116
2671,2
2676,1
2681,8
2686,4
2691,12
2696,1
2701,1
2706,4
2711,3
2716,1
2721,20
2726,423
2731,1
2736,1
2741,1
2746,2
2751,2
2756,4
2761,2
2766,37
2771,1
2776,3
2781,3
2786,1
2791,22
2796,1
2801,2
2806,2
2811,2
2816,15
2821,1
2826,1
2831,1
2836,3
2841,1
2846,1
2851,1
2856,1
2861,73
2866,1
2871,2
2876,153
2881,8
2886,1
2891,3
2896,5
2901,1
2906,2
2911,3
2916,1
2921,1
2926,1
2931,2
2936,6
2941,6
2946,2
2951,2
2956,8
2961,2
2966,4
2971,1
2976,6
2981,2
2986,10
2991,4
2996,4
3001,4
3006,42
3011,2
3016,1
3021,1
3026,2
3031,4
3036,1
3041,5
3046,3
3051,1
3056,83
3061,1
3066,1
3071,3
3076,2
3081,1
3086,8
3091,1
3096,13
3101,1
3106,3
3111,2
3116,9
3121,1
3126,2
3131,1
3136,969
3141,1
3146,1
3151,1
3156,1
3161,1
3166,4
3171,5
3176,1
3181,4
3186,1
3191,6
3196,2
3201,6
3206,3
3211,1
3216,1
3221,3
3226,2
3231,1
3236,1
3241,5
3246,1
3251,2
3256,1
3261,15
3266,2
3271,8
3276,2
3281,11
3286,25
3291,2
3296,1
3301,34
3306,1
3311,1
3316,1
3321,1
3326,1
3331,2
3336,1
3341,2
3346,1
3351,1
3356,21
3361,1
3366,4
3371,3
3376,99
3381,1
3386,2
3391,1
3396,2
3401,2
3406,1
3411,2
3416,1
3421,1
3426,188
3431,1
3436,1
3441,18
3446,46
3451,1
3456,6
3461,2
3466,9
3471,2
3476,1
3481,1
3486,6
3491,1
3496,3
3501,1
3506,3
3511,11
3516,2
3521,1
3526,17
3531,31
3536,1
3541,3
3546,4
3551,3
3556,1
3561,6
3566,NA
3571,1
3576,4
3581,3
3586,31
3591,3
3596,1
3601,1
3606,3
3611,1
3616,2
3621,1
3626,2
3631,NA
3636,9
3641,1
3646,5
3651,1
3656,15
3661,4
3666,1
3671,2
3676,2
3681,1
3686,6
3691,2
3696,1
3701,193
3706,14
3711,3
3716,2
3721,NA
3726,16
3731,3
3736,2
3741,1
3746,1
3751,2
3756,1
3761,1
3766,1
3771,7
3776,1
3781,468
3786,21
3791,2
3796,2
3801,1
3806,1
3811,15
3816,30
3821,1
3826,34
3831,16
3836,1
3841,6
3846,2
3851,6
3856,1
3861,8
3866,1
3871,1
3876,1
3881,2
3886,1
3891,77
3896,1
3901,1
3906,3
3911,4
3916,2
3921,1
3926,2
3931,4
3936,2
3941,2
3946,1
3951,1
3956,2
3961,1
3966,4
3971,1
3976,6
3981,54
3986,1
3991,2
3996,1
4001,2
4006,10
4011,5
4016,1
4021,3
4026,4
4031,1
4036,2
4041,1
4046,2
4051,5
4056,5
4061,1
4066,3
4071,8
4076,1
4081,1
4086,1
4091,1
4096,215
4101,2
4106,1
4111,3
4116,1
4121,4
4126,1
4131,3
4136,4
4141,8
4146,1
4151,1
4156,10
4161,2
4166,2
4171,188
4176,3
4181,1
4186,3
4191,1
4196,28
4201,9
4206,4
4211,14
4216,1
4221,4
4226,2
4231,1
4236,1
4241,3
4246,2
4251,75
4256,1
4261,1
4266,4
4271,10
4276,21
4281,1
4286,1
4291,8
4296,43
4301,3
4306,2
4311,1
4316,8
4321,2
4326,1
4331,1
4336,1
4341,26
4346,1
4351,1
4356,109
4361,1
4366,1
4371,26
4376,19
4381,6
4386,1
4391,48
4396,3
4401,2
4406,1
4411,8
4416,NA
4421,1
4426,1
4431,400
4436,NA
4441,1
4446,3
4451,1
4456,1
4461,4
4466,1
4471,2
4476,2
4481,1
4486,8
4491,1
4496,4
4501,3
4506,2
4511,4
4516,5
4521,5
4526,1
4531,2
4536,36
4541,2
4546,7
4551,1
4556,3
4561,25
4566,3
4571,336
4576,1
4581,17
4586,17
4591,1
4596,NA
4601,1
4606,3
4611,4
4616,5
4621,3
4626,1
4631,3
4636,1
4641,1
4646,8
4651,2
4656,1
4661,2
4666,17
4671,1
4676,1
4681,4
4686,2
4691,1
4696,6
4701,4
4706,7
4711,1
4716,1
4721,2
4726,1
4731,2
4736,4
4741,3
4746,2
4751,1
4756,1
4761,35
4766,1
4771,2
4776,1
4781,18
4786,1
4791,3
4796,14
4801,1
4806,13
4811,10
4816,18
4821,2
4826,2
4831,3
4836,1
4841,1
4846,89
4851,4
4856,3
4861,1
4866,10
4871,27
4876,589
4881,1
4886,1
4891,2
4896,1
4901,2
4906,1
4911,1
4916,4
4921,13
4926,3
4931,2
4936,43
4941,1
4946,27
4951,1
4956,8
4961,1
4966,3
4971,1
4976,19
4981,2
4986,2
4991,5
4996,1
5001,3
5006,1
5011,2
5016,7
5021,8
5026,5
5031,1
5036,2
5041,1
5046,14
5051,1
5056,3
5061,29
5066,1
5071,2
5076,1
5081,NA
5086,3
5091,5
5096,5
5101,3
5106,2
5111,4
5116,1
5121,1
5126,1
5131,45
5136,19
5141,1
5146,48
5151,6
5156,3
5161,1
5166,1
5171,6
5176,5
5181,10
5186,1
5191,2
5196,9
5201,2
5206,2
5211,1
5216,3
5221,3
5226,1
5231,8
5236,1
5241,11
5246,1
5251,4
5256,2
5261,10
5266,182
5271,6
5276,1
5281,2
5286,2
5291,2
5296,2
5301,1
5306,1
5311,3
5316,1
5321,1
5326,3
5331,1
5336,61
5341,1
5346,5
5351,2
5356,4
5361,13
5366,2
5371,1
5376,1
5381,1
5386,1
5391,13
5396,1
5401,12
5406,3
5411,8
5416,1
5421,2
5426,11
5431,1
5436,1
5441,70
5446,1
5451,2
5456,1
5461,5
5466,1
5471,1
5476,197
5481,2
5486,1
5491,1
5496,2
5501,27
5506,3
5511,2
5516,3
5521,3
5526,1
5531,2
5536,41
5541,57
5546,1
5551,6
5556,3
5561,2
5566,1
5571,3
5576,6
5581,6
5586,3
5591,1
5596,4
5601,1
5606,3
5611,1
5616,7
5621,1
5626,103
5631,6
5636,16
5641,2
5646,2
5651,34
5656,2
5661,1
5666,3
5671,2
5676,1
5681,11
5686,1
5691,1
5696,5
5701,75
5706,1
5711,9
5716,3
5721,1
5726,1
5731,3
5736,2
5741,3
5746,11
5751,3
5756,10
5761,1
5766,1
5771,3
5776,7
5781,1
5786,1
5791,1
5796,1
5801,66
5806,2
5811,1
5816,1
5821,3
5826,1
5831,1
5836,16
5841,88
5846,1
5851,7
5856,1
5861,3
5866,2
5871,1
5876,1
5881,1
5886,2
5891,2
5896,1
5901,1
5906,2
5911,1
5916,10
5921,211
5926,1
5931,15
5936,4
5941,1
5946,1
5951,3
5956,1
5961,1
5966,1
5971,4
5976,1
5981,1
5986,1
5991,6
5996,2
6001,66
6006,2
6011,1
6016,1
6021,1
6026,NA
6031,24
6036,2
6041,NA
6046,2
6051,1
6056,3
6061,2
6066,2
6071,1
6076,61
6081,22
6086,2
6091,5
6096,2
6101,2
6106,1
6111,1
6116,2
6121,2
6126,2
6131,1
6136,2
6141,1
6146,5
6151,4
6156,2
6161,2
6166,1
6171,1
6176,2
6181,5
6186,1
6191,3
6196,1
6201,1
6206,2
6211,63
6216,47
6221,3
6226,1
6231,6
6236,9
6241,1
6246,8
6251,1
6256,24
6261,4
6266,4
6271,1
6276,2
6281,15
6286,1
6291,2
6296,4
6301,4
6306,7
6311,2
6316,72
6321,9
6326,1
6331,1
6336,1
6341,1
6346,3
6351,1
6356,2
6361,2
6366,1
6371,8
6376,1
6381,2
6386,20
6391,1
6396,20
6401,1
6406,8
6411,10
6416,1
6421,4
6426,6
6431,9
6436,14
6441,2
6446,1
6451,3
6456,1
6461,3
6466,27
6471,2
6476,4
6481,1
6486,12
6491,1
6496,45
6501,1
6506,16
6511,3
6516,36
6521,4
6526,2
6531,1
6536,1
6541,23
6546,4
6551,21
6556,1
6561,3
6566,1
6571,1
6576,74
6581,29
6586,2
6591,2
6596,1
6601,6
6606,1
6611,1
6616,1
6621,1
6626,1
6631,10
6636,6
6641,5
6646,5
6651,1
6656,14
6661,13
6666,2
6671,1
6676,1
6681,4
6686,2
6691,4
6696,4
6701,1
6706,1
6711,2
6716,1
6721,1
6726,2
6731,2
6736,9
6741,23
6746,2
6751,2
6756,6
6761,2
6766,1
6771,3
6776,122
6781,1
6786,1
6791,3
6796,9
6801,12
6806,2
6811,1
6816,1
6821,1
6826,1
6831,3
6836,2
6841,5
6846,1
6851,2
6856,19
6861,3
6866,1
6871,1
6876,3
6881,17
6886,30
6891,38
6896,1
6901,1
6906,2
6911,1
6916,2
6921,4
6926,2
6931,8
6936,9
6941,2
6946,1
6951,3
6956,1
6961,4
6966,1
6971,2
6976,1
6981,3
6986,1
6991,2
6996,1
7001,1
7006,1
7011,1
7016,4
7021,2
7026,2
7031,2
7036,5
7041,1
7046,4
7051,1
7056,1
7061,2
7066,3
7071,2
7076,5
7081,1
7086,1
7091,1
7096,1
7101,2
7106,8
7111,8
7116,2
7121,3
7126,2
7131,4
7136,1
7141,1
7146,88
7151,29
7156,1
7161,4
7166,6
7171,4
7176,3
7181,4
7186,1
7191,1
7196,4
7201,1
7206,2
7211,1
7216,8
7221,2
7226,3
7231,5
7236,10
7241,1
7246,1
7251,1
7256,1
7261,2
7266,17
7271,2
7276,1
7281,2
7286,493
7291,13
7296,2
7301,3
7306,1
7311,2
7316,2
7321,1
7326,1
7331,2
7336,2
7341,1
7346,10
7351,1
7356,1
7361,2
7366,7
7371,1
7376,2
7381,37
7386,5
7391,1
7396,1
7401,2
7406,4
7411,1
7416,1
7421,1
7426,8
7431,4
7436,1
7441,1
7446,1
7451,4
7456,9
7461,1
7466,1
7471,234
7476,2
7481,12
7486,2
7491,3
7496,3
7501,1
7506,1
7511,2
7516,2
7521,1
7526,12
7531,5
7536,4
7541,16
7546,1
7551,2
7556,6
7561,1
7566,3
7571,9
7576,1
7581,6
7586,3
7591,3
7596,2
7601,10
7606,1
7611,2
7616,3
7621,9
7626,1
7631,2
7636,4
7641,1
7646,59
7651,1
7656,1
7661,1
7666,1
7671,625
7676,2
7681,2
7686,95
7691,1
7696,1
7701,7
7706,6
7711,3
7716,1
7721,1
7726,3
7731,7
7736,2
7741,4
7746,10
7751,14
7756,2
7761,3
7766,2
7771,2
7776,1
7781,1
7786,50
7791,2
7796,1
7801,1
7806,11
7811,1
7816,65
7821,1
7826,1
7831,1
7836,30
7841,4
7846,2
7851,1
7856,1
7861,1
7866,1
7871,1
7876,NA
7881,8
7886,5
7891,3
7896,5
7901,1
7906,3
7911,1
7916,1
7921,3
7926,3
7931,2
7936,566
7941,2
7946,26
7951,2
7956,2
7961,3
7966,3
7971,1
7976,83
7981,1
7986,1
7991,3
7996,1
8001,3
8006,5
8011,170
8016,2
8021,1
8026,5
8031,1
8036,5
8041,2
8046,2
8051,1
8056,1
8061,NA
8066,11
8071,3
8076,2
8081,1
8086,1
8091,12
8096,1
8101,1
8106,2
8111,1
8116,994
8121,6
8126,1
8131,4
8136,161
8141,2
8146,4
8151,1
8156,2
8161,1
8166,1
8171,52
8176,2
8181,2
8186,25
8191,1
8196,7
8201,1
8206,3
8211,1
8216,6
8221,1
8226,7
8231,4
8236,1
8241,1
8246,1
8251,1
8256,NA
8261,3
8266,3
8271,2
8276,111
8281,117
8286,1
8291,1
8296,15
8301,5
8306,1
8311,2
8316,1
8321,25
8326,2
8331,8
8336,NA
8341,1
8346,1
8351,1
8356,2
8361,4
8366,1
8371,2
8376,1
8381,100
8386,4
8391,3
8396,9
8401,3
8406,57
8411,2
8416,4
8421,1
8426,1
8431,1
8436,1
8441,6
8446,7
8451,2
8456,1
8461,1
8466,2
8471,3
8476,1
8481,1
8486,1
8491,1
8496,651
8501,3
8506,1
8511,7
8516,1
8521,1
8526,14
8531,6
8536,4
8541,2
8546,1
8551,3
8556,2
8561,1
8566,1
8571,4
8576,1
8581,208
8586,5
8591,1
8596,15
8601,7
8606,239
8611,2
8616,7
8621,5
8626,3
8631,5
8636,3
8641,19
8646,16
8651,3
8656,1
8661,6
8666,44
8671,1
8676,6
8681,1
8686,1
8691,2
8696,2
8701,1
8706,180
8711,1
8716,13
8721,38
8726,39
8731,1
8736,1
8741,2
8746,1
8751,1
8756,7
8761,22
8766,1
8771,6
8776,2
8781,1
8786,2
8791,11
8796,1
8801,1
8806,7
8811,4
8816,1
8821,1
8826,1
8831,3
8836,NA
8841,1
8846,1
8851,3
8856,3
8861,6
8866,1
8871,1
8876,2
8881,59
8886,2
8891,59
8896,2
8901,10
8906,2
8911,2
8916,1
8921,27
8926,1
8931,1
8936,46
8941,5
8946,6
8951,7
8956,3
8961,3
8966,1
8971,2
8976,10
8981,60
8986,2
8991,6
8996,2
9001,4
9006,2
9011,4
9016,84
9021,6
9026,1
9031,1
9036,1
9041,14
9046,4
9051,42
9056,1
9061,1
9066,106
9071,3
9076,3
9081,1
9086,4
9091,1
9096,3
9101,1
9106,3
9111,9
9116,6
9121,1
9126,1
9131,1
9136,1
9141,1
9146,1
9151,4
9156,3
9161,3
9166,NA
9171,1
9176,8
9181,6
9186,2
9191,1
9196,5
9201,75
9206,3
9211,1
9216,3
9221,5
9226,1
9231,1
9236,94
9241,9
9246,8
9251,2
9256,1
9261,17
9266,14
9271,30
9276,1
9281,1
9286,1
9291,4
9296,1
9301,1
9306,1
9311,3
9316,5
9321,6
9326,2
9331,181
9336,17
9341,3
9346,1
9351,1
9356,15
9361,13
9366,76
9371,5
9376,6
9381,2
9386,1
9391,1
9396,1
9401,1
9406,4
9411,1
9416,1
9421,1
9426,1
9431,35
9436,4
9441,14
9446,1
9451,2
9456,1
9461,1
9466,2
9471,2
9476,2
9481,1
9486,6
9491,7
9496,2
9501,2
9506,17
9511,3
9516,1
9521,1
9526,7
9531,6
9536,3
9541,1
9546,8
9551,16
9556,1
9561,2
9566,2
9571,3
9576,2
9581,1
9586,1
9591,2
9596,195
9601,2
9606,NA
9611,1
9616,24
9621,1
9626,4
9631,2
9636,12
9641,8
9646,4
9651,NA
9656,69
9661,60
9666,1
9671,1
9676,1
9681,7
9686,1
9691,2
9696,1
9701,9
9706,3
9711,3
9716,1
9721,39
9726,1
9731,2
9736,2
9741,1
9746,799
9751,1
9756,1
9761,1
9766,24
9771,5
9776,10
9781,18
9786,1
9791,2
9796,2
9801,21
9806,17
9811,3
9816,1
9821,2
9826,1
9831,6
9836,4
9841,1
9846,1
9851,12
9856,1
9861,6
9866,60
9871,1
9876,4
9881,2
9886,1
9891,1
9896,9
9901,646
9906,11
9911,2
9916,2
9921,19
9926,3
9931,5
9936,NA
9941,15
9946,2
9951,1
9956,8
9961,2
9966,1
9971,2
9976,3
9981,265
9986,5
9991,4
9996,4
10001,4
10006,1
10011,1
10016,8
10021,8
10026,2
10031,2
10036,16
10041,2
10046,1
10051,2
10056,6
10061,1
10066,31
10071,1
10076,146
10081,1
10086,8
10091,59
10096,17
10101,1
10106,10
10111,2
10116,15
10121,1
10126,8
10131,2
10136,3
10141,2
10146,1
10151,4
10156,2
10161,1
10166,16
10171,48
10176,1
10181,1
10186,1
10191,1
10196,1
10201,1
10206,4
10211,2
10216,1
10221,24
10226,1
10231,6
10236,1
10241,8
10246,18
10251,1
10256,20
10261,3
10266,1
10271,8
10276,8
10281,10
10286,6
10291,2
10296,1
10301,3
10306,2
10311,1
10316,2
10321,1
10326,2
10331,145
10336,1
10341,11
10346,3
10351,9
10356,21
10361,5
10366,1
10371,5
10376,1
10381,1
10386,31
10391,3
10396,7
10401,52
10406,1
10411,7
10416,2
10421,3
10426,2
10431,20
10436,3
10441,4
10446,1
10451,1
10456,1
10461,156
10466,8
10471,1
10476,4
10481,2
10486,6
10491,2
10496,4
10501,3
10506,2
10511,2
10516,1
10521,1
10526,1
10531,1
10536,15
10541,9
10546,8
10551,3
10556,2
10561,1
10566,6
10571,3
10576,12
10581,1
10586,1
10591,4
10596,2
10601,2
10606,1
10611,11
10616,1
10621,1
10626,1
10631,1
10636,3
10641,1
10646,7
10651,1
10656,1
10661,5
10666,1
10671,1
10676,5
10681,6
10686,3
10691,1
10696,1
10701,3
10706,1
10711,2
10716,2
10721,3
10726,1
10731,1
10736,1
10741,2
10746,1
10751,1
10756,2
10761,1
10766,6
10771,1
10776,1
10781,4
10786,1
10791,7
10796,1
10801,1
10806,18
10811,2
10816,1
10821,2
10826,1
10831,10
10836,1
10841,1
10846,5
10851,492
10856,40
10861,1
10866,3
10871,12
10876,6
10881,1
10886,6
10891,1
10896,1
10901,1
10906,1
10911,1
10916,1
10921,2
10926,2
10931,1
10936,8
10941,2
10946,16
10951,3
10956,1
10961,22
10966,1
10971,6
10976,352
10981,1
10986,1
10991,2
10996,1
11001,3
11006,8
11011,2
11016,1
11021,4
11026,10
11031,179
11036,2
11041,1
11046,9
11051,1
11056,1
11061,5
11066,2
11071,10
11076,1
11081,3
11086,5
11091,12
11096,1
11101,1
11106,3
11111,3
11116,11
11121,1
11126,5
11131,3
11136,1
11141,5
11146,1
11151,7
11156,1
11161,92
11166,2
11171,1
11176,3
11181,1
11186,1
11191,3
11196,44
11201,1
11206,1
11211,3
11216,2
11221,1
11226,7
11231,9
11236,5
11241,18
11246,8
11251,22
11256,15
11261,3
11266,4
11271,29
11276,2
11281,3
11286,1
11291,2
11296,1
11301,1
11306,7
11311,26
11316,2
11321,1
11326,5
11331,4
11336,1
11341,14
11346,17
11351,4
11356,1
11361,25
11366,NA
11371,6
11376,1
11381,1
11386,1
11391,5
11396,1
11401,2
11406,3
11411,1
11416,310
11421,4
11426,1
11431,1
11436,4
11441,1
11446,8
11451,1
11456,36
11461,1
11466,8
11471,7
11476,1
11481,58
11486,2
11491,1
11496,2
11501,1
11506,1
11511,2
11516,2
11521,21
11526,3
11531,34
11536,1
11541,39
11546,1
11551,1
11556,2
11561,1
11566,28
11571,5
11576,3
11581,4
11586,2
11591,1
11596,5
11601,3
11606,1
11611,120
11616,5
11621,1
11626,1
11631,81
11636,5
11641,10
11646,6
11651,27
11656,2
11661,2
11666,1
11671,20
11676,15
11681,2
11686,4
11691,2
11696,NA
11701,5
11706,1
11711,177
11716,2
11721,3
11726,3
11731,6
11736,2
11741,1
11746,3
11751,22
11756,1
11761,1
11766,1
11771,2
11776,1
11781,3
11786,127
11791,1
11796,4
11801,5
11806,5
11811,3
11816,4
11821,1
11826,3
11831,4
11836,2
11841,73
11846,2
11851,1
11856,2
11861,1
11866,3
11871,9
11876,1
11881,1
11886,1
11891,1
11896,2
11901,1
11906,6
11911,2
11916,2
11921,2
11926,1
11931,1
11936,1
11941,7
11946,1
11951,2
11956,10
11961,4
11966,12
11971,1
11976,5
11981,19
11986,6
11991,1
11996,1
12001,1
12006,1
12011,5
12016,3
12021,147
12026,1
12031,31
12036,1
12041,2
12046,8
12051,1
12056,21
12061,1
12066,1
12071,4
12076,29
12081,6
12086,3
12091,16
12096,21
12101,2
12106,104
12111,2
12116,8
12121,1
12126,4
12131,18
12136,4
12141,4
12146,4
12151,18
12156,1
12161,1
12166,7
12171,5
12176,3
12181,6
12186,33
12191,40
12196,1
12201,1
12206,2
12211,2
12216,1
12221,1
12226,2
12231,17
12236,9
12241,37
12246,2
12251,4
12256,1
12261,2
12266,3
12271,3
12276,1
12281,1
12286,152
12291,4
12296,7
12301,21
12306,1
12311,1
12316,1
12321,1
12326,4
12331,1
12336,1
12341,10
12346,3
12351,52
12356,1
12361,2
12366,2
12371,1
12376,124
12381,7
12386,2
12391,1
12396,2
12401,1
12406,8
12411,1
12416,NA
12421,1
12426,1
12431,2
12436,1
12441,7
12446,1
12451,1
12456,3
12461,5
12466,4
12471,6
12476,6
12481,2
12486,4
12491,2
12496,6
12501,1
12506,2
12511,4
12516,4
12521,1
12526,1
12531,7
12536,1
12541,1
12546,4
12551,11
12556,2
12561,24
12566,1
12571,4
12576,22
12581,2
12586,24
12591,5
12596,1
12601,4
12606,1
12611,1
12616,1
12621,16
12626,3
12631,1
12636,2
12641,4
12646,1
12651,1
12656,3
12661,1
12666,1
12671,4
12676,5
12681,3
12686,1
12691,2
12696,3
12701,1
12706,2
12711,1
12716,54
12721,2
12726,2
12731,1
12736,4
12741,1
12746,1
12751,1
12756,15
12761,1
12766,4
12771,1
12776,2
12781,3
12786,4
12791,5
12796,1
12801,3
12806,5
12811,8
12816,1
12821,6
12826,4
12831,1
12836,1
12841,10
12846,2
12851,4
12856,4
12861,1
12866,1
12871,8
12876,1
12881,42
12886,5
12891,2
12896,1
12901,4
12906,1
12911,3
12916,3
12921,5
12926,1
12931,1
12936,1
12941,1
12946,6
12951,3
12956,3
12961,1
12966,3
12971,1
12976,4
12981,36
12986,1
12991,5
12996,1
13001,5
13006,NA
13011,2
13016,NA
13021,1
13026,1
13031,1
13036,2
13041,1
13046,6
13051,1
13056,5
13061,3
13066,2
13071,2
13076,2
13081,8
13086,17
13091,9
13096,1
13101,1
13106,1
13111,3
13116,4
13121,29
13126,9
13131,82
13136,1
13141,1
13146,296
13151,2
13156,11
13161,7
13166,5
13171,1
13176,4
13181,1
13186,1
13191,3
13196,2
13201,1
13206,1
13211,2
13216,7
13221,3
13226,4
13231,10
13236,16
13241,1
13246,2
13251,15
13256,376
13261,1
13266,10
13271,1
13276,18
13281,1
13286,2
13291,29
13296,9
13301,2
13306,11
13311,7
13316,3
13321,1
13326,17
13331,1
13336,11
13341,8
13346,70
13351,1
13356,1
13361,3
13366,1
13371,2
13376,2
13381,1
13386,1
13391,1
13396,2
13401,6
13406,2
13411,1
13416,2
13421,3
13426,15
13431,1
13436,5
13441,3
13446,1
13451,25
13456,1
13461,2
13466,2
13471,3
13476,2
13481,63
13486,4
13491,2
13496,17
13501,69
13506,10
13511,1
13516,4
13521,25
13526,1
13531,4
13536,2
13541,1
13546,2
13551,15
13556,6
13561,13
13566,1
13571,2
13576,3
13581,1
13586,106
13591,3
13596,7
13601,2
13606,1
13611,10
13616,18
13621,2
13626,4
13631,15
13636,1
13641,4
13646,4
13651,4
13656,30
13661,1
13666,6
13671,27
13676,1
13681,2
13686,1
13691,5
13696,1
13701,5
13706,10
13711,1
13716,1
13721,1
13726,4
13731,2
13736,1
13741,43
13746,1
13751,4
13756,1
13761,5
13766,1
13771,2
13776,1
13781,13
13786,2
13791,1
13796,17
13801,1
13806,7
13811,5
13816,1
13821,17
13826,21
13831,6
13836,2
13841,4
13846,1
13851,1
13856,1
13861,2
13866,1
13871,23
13876,6
13881,1
13886,1
13891,3
13896,1
13901,1
13906,1
13911,10
13916,3
13921,1
13926,152
13931,1
13936,32
13941,5
13946,2
13951,1
13956,1
13961,2
13966,3
13971,1
13976,1
13981,2
13986,15
13991,6
13996,14
14001,2
14006,1
14011,8
14016,1
14021,1
14026,7
14031,4
14036,3
14041,1
14046,14
14051,13
14056,12
14061,1
14066,1
14071,12
14076,2
14081,2
14086,3
14091,1
14096,40
14101,1
14106,89
14111,2
14116,1
14121,14
14126,9
14131,1
14136,6
14141,2
14146,1
14151,2
14156,1
14161,13
14166,3
14171,1
14176,4
14181,5
14186,12
14191,1
14196,1
14201,4
14206,46
14211,2
14216,1
14221,2
14226,1
14231,18
14236,1
14241,23
14246,1
14251,2
14256,3
14261,1
14266,2
14271,10
14276,12
14281,4
14286,1
14291,5
14296,558
14301,1
14306,1
14311,1
14316,8
14321,10
14326,4
14331,3
14336,2
14341,4
14346,4
14351,5
14356,43
14361,19
14366,2
14371,5
14376,2
14381,14
14386,3
14391,5
14396,6
14401,7
14406,2
14411,1
14416,7
14421,2
14426,1
14431,17
14436,6
14441,3
14446,27
14451,5
14456,1
14461,1
14466,1
14471,1
14476,1
14481,1
14486,2
14491,1
14496,4
14501,25
14506,3
14511,9
14516,4
14521,1
14526,4
14531,1
14536,1
14541,1
14546,3
14551,2
14556,1
14561,4
14566,10
14571,1
14576,2
14581,12
14586,22
14591,2
14596,1
14601,1
14606,3
14611,1
14616,1
14621,34
14626,11
14631,4
14636,5
14641,9
14646,1
14651,4
14656,1
14661,3
14666,2
14671,1
14676,2
14681,1
14686,4
14691,1
14696,6
14701,1
14706,2
14711,88
14716,4
14721,5
14726,1
14731,4
14736,7
14741,7
14746,2
14751,1
14756,1
14761,3
14766,3
14771,3
14776,1
14781,1
14786,1
14791,1
14796,1
14801,1
14806,3
14811,2
14816,1
14821,1
14826,10
14831,NA
14836,26
14841,3
14846,5
14851,8
14856,2
14861,2
14866,6
14871,2
14876,4
14881,4
14886,1
14891,1
14896,7
14901,6
14906,1
14911,1
14916,2
14921,1
14926,1
14931,4
14936,3
14941,124
14946,1
14951,1
14956,1
14961,2
14966,2
14971,12
14976,1
14981,1
14986,8
14991,24
14996,4
15001,1
15006,1
15011,1
15016,134
15021,2
15026,1
15031,3
15036,42
15041,1
15046,15
15051,2
15056,48
15061,23
15066,1
15071,2
15076,1
15081,1
15086,6
15091,4
15096,6
15101,4
15106,21
15111,1
15116,31
15121,5
15126,2
15131,1
15136,4
15141,3
15146,2
15151,3
15156,2
15161,6
15166,3
15171,130
15176,1
15181,2
15186,4
15191,1
15196,1
15201,2
15206,3
15211,29
15216,2
15221,7
15226,5
15231,1
15236,19
15241,17
15246,68
15251,1
15256,5
15261,1
15266,3
15271,76
15276,1
15281,1
15286,3
15291,68
15296,2
15301,2
15306,13
15311,1
15316,41
15321,3
15326,1
15331,6
15336,3
15341,4
15346,1
15351,1
15356,12
15361,42
15366,NA
15371,5
15376,3
15381,7
15386,1
15391,1
15396,3
15401,1
15406,1
15411,59
15416,1
15421,104
15426,1
15431,3
15436,4
15441,2
15446,4
15451,10
15456,2
15461,9
15466,1
15471,5
15476,1
15481,4
15486,50
15491,1
15496,1
15501,2
15506,1
15511,1
15516,4
15521,4
15526,3
15531,9
15536,8
15541,793
15546,42
15551,2
15556,1
15561,2
15566,1
15571,1
15576,2
15581,2
15586,1
15591,1
15596,NA
15601,4
15606,1
15611,12
15616,2
15621,1
15626,171
15631,1
15636,2
15641,1
15646,5
15651,2
15656,821
15661,33
15666,2
15671,7
15676,4
15681,2
15686,1
15691,10
15696,2
15701,1
15706,8
15711,2
15716,1
15721,11
15726,1
15731,2
15736,1
15741,22
15746,6
15751,1
15756,1
15761,2
15766,1
15771,1
15776,5
15781,2
15786,1
15791,3
15796,1
15801,915
15806,1
15811,81
15816,34
15821,10
15826,4
15831,1
15836,1
15841,387
15846,4
15851,1
15856,1
15861,13
15866,9
15871,3
15876,5
15881,3
15886,3
15891,12
15896,1
15901,1
15906,9
15911,11
15916,5
15921,1
15926,2
15931,19
15936,1
15941,3
15946,1
15951,2
15956,1
15961,9
15966,1
15971,95
15976,16
15981,33
15986,1
15991,61
15996,2
16001,8
16006,2
16011,2
16016,1
16021,1
16026,3
16031,1
16036,3
16041,5
16046,4
16051,1
16056,7
16061,2
16066,3
16071,2
16076,1
16081,1
16086,46
16091,35
16096,2
16101,2
16106,1
16111,1
16116,1
16121,2
16126,2
16131,1
16136,2
16141,3
16146,77
16151,1
16156,6
16161,1
16166,1
16171,1
16176,1
16181,6
16186,40
16191,6
16196,5
16201,132
16206,4
16211,2
16216,1
16221,1
16226,12
16231,1
16236,218
16241,12
16246,10
16251,1
16256,19
16261,1
16266,107
16271,1
16276,1
16281,1
16286,5
16291,2
16296,1
16301,2
16306,6
16311,3
16316,11
16321,10
16326,2
16331,2
16336,1
16341,2
16346,1
16351,2
16356,1
16361,3
16366,19
16371,2
16376,3
16381,2
16386,3
16391,1
16396,29
16401,2
16406,2
16411,1
16416,1
16421,4
16426,1
16431,1
16436,3
16441,1
16446,109
16451,1
16456,1
16461,36
16466,2
16471,1
16476,2
16481,5
16486,1
16491,2
16496,5
16501,1
16506,1
16511,1
16516,5
16521,2
16526,5
16531,4
16536,5
16541,1
16546,3
16551,1
16556,3
16561,1
16566,10
16571,12
16576,2
16581,10
16586,17
16591,9
16596,1
16601,7
16606,1
16611,1
16616,3
16621,1
16626,1
16631,2
16636,NA
16641,433
16646,6
16651,1
16656,54
16661,2
16666,4
16671,2
16676,1
16681,1
16686,3
16691,1
16696,12
16701,42
16706,8
16711,28
16716,2
16721,2
16726,1
16731,1
16736,37
16741,3
16746,3
16751,7
16756,9
16761,1
16766,64
16771,16
16776,1
16781,1
16786,17
16791,1
16796,1
16801,3
16806,14
16811,5
16816,1
16821,3
16826,19
16831,7
16836,1
16841,5
16846,1
16851,2
16856,1
16861,18
16866,2
16871,1
16876,1
16881,5
16886,4
16891,1
16896,1
16901,73
16906,3
16911,3
16916,50
16921,2
16926,2
16931,1
16936,1
16941,1
16946,1
16951,3
16956,2
16961,1
16966,5
16971,69
16976,4
16981,8
16986,1
16991,1
16996,1
17001,1
17006,1
17011,1
17016,26
17021,45
17026,3
17031,1
17036,14
17041,2
17046,2
17051,4
17056,2
17061,1
17066,93
17071,23
17076,4
17081,2
17086,7
17091,4
17096,1
17101,5
17106,4
17111,3
17116,12
17121,1
17126,4
17131,3
17136,2
17141,2
17146,15
17151,1
17156,4
17161,1
17166,13
17171,2
17176,62
17181,1
17186,1
17191,2
17196,2
17201,1
17206,3
17211,8
17216,4
17221,10
17226,10
17231,1
17236,1
17241,3
17246,8
17251,1
17256,2
17261,1
17266,1
17271,2
17276,1
17281,1
17286,271
17291,1
17296,1
17301,2
17306,11
17311,164
17316,3
17321,103
17326,1
17331,1
17336,3
17341,1
17346,8
17351,NA
17356,4
17361,1
17366,4
17371,3
17376,15
17381,1
17386,2
17391,1
17396,120
17401,1
17406,1
17411,63
17416,6
17421,1
17426,6
17431,8
17436,NA
17441,6
17446,1
17451,3
17456,1
17461,3
17466,2
17471,1
17476,1
17481,9
17486,2
17491,1
17496,8
17501,44
17506,3
17511,2
17516,1
17521,2
17526,4
17531,2
17536,1
17541,1
17546,4
17551,8
17556,3
17561,1
17566,2
17571,1
17576,4
17581,1
17586,1
17591,1
17596,1
17601,4
17606,4
17611,7
17616,35
17621,5
17626,10
17631,5
17636,10
17641,1
17646,9
17651,4
17656,2
17661,24
17666,1
17671,13
17676,1
17681,8
17686,5
17691,5
17696,3
17701,1
17706,1
17711,3
17716,2
17721,1
17726,6
17731,2
17736,4
17741,12
17746,10
17751,20
17756,1
17761,5
17766,1
17771,1
17776,1
17781,3
17786,1
17791,119
17796,2
17801,4
17806,4
17811,2
17816,3
17821,14
17826,NA
17831,2
17836,10
17841,3
17846,40
17851,3
17856,1
17861,16
17866,1
17871,1
17876,19
17881,1
17886,1
17891,6
17896,91
17901,3
17906,2
17911,17
17916,125
17921,1
17926,11
17931,19
17936,1
17941,2
17946,1
17951,1
17956,75
17961,12
17966,71
17971,1
17976,1
17981,3
17986,1
17991,2
17996,4
18001,NA
18006,35
18011,1
18016,14
18021,17
18026,32
18031,3
18036,1
18041,7
18046,1
18051,1
18056,1
18061,2
18066,1
18071,2
18076,4
18081,3
18086,21
18091,2
18096,12
18101,1
18106,5
18111,2
18116,1
18121,1
18126,9
18131,1
18136,8
18141,1
18146,1
18151,3
18156,3
18161,6
18166,2
18171,7
18176,3
18181,4
18186,2
18191,29
18196,6
18201,1
18206,1
18211,1
18216,9
18221,1
18226,4
18231,1
18236,3
18241,141
18246,3
18251,1
18256,1
18261,106
18266,4
18271,3
18276,1
18281,11
18286,4
18291,2
18296,1
18301,1
18306,2
18311,1
18316,8
18321,1
18326,1
18331,2
18336,1
18341,4
18346,18
18351,1
18356,1
18361,1
18366,12
18371,112
18376,1
18381,3
18386,5
18391,1
18396,1
18401,9
18406,1
18411,3
18416,3
18421,2
18426,1
18431,26
18436,1
18441,3
18446,13
18451,1
18456,33
18461,4
18466,2
18471,1
18476,68
18481,1
18486,7
18491,3
18496,3
18501,3
18506,13
18511,39
18516,1
18521,1
18526,1
18531,3
18536,7
18541,2
18546,5
18551,1
18556,1
18561,1
18566,2
18571,NA
18576,2
18581,1
18586,9
18591,1
18596,1
18601,2
18606,78
18611,5
18616,4
18621,23
18626,5
18631,1
18636,1
18641,1
18646,1
18651,13
18656,1
18661,43
18666,2
18671,11
18676,4
18681,2
18686,1
18691,4
18696,1
18701,1
18706,1
18711,7
18716,16
18721,1
18726,1
18731,2
18736,96
18741,1
18746,1
18751,2
18756,82
18761,2
18766,2
18771,2
18776,6
18781,3
18786,2
18791,1
18796,1
18801,3
18806,1
18811,1
18816,1
18821,1
18826,22
18831,1
18836,1
18841,7
18846,15
18851,1
18856,3
18861,1
18866,2
18871,1
18876,2
18881,18
18886,1
18891,3
18896,5
18901,1
18906,32
18911,19
18916,1
18921,13
18926,3
18931,6
18936,2
18941,1
18946,1
18951,10
18956,5
18961,4
18966,3
18971,1
18976,7
18981,1
18986,3
18991,1
18996,3
19001,109
19006,4
19011,20
19016,3
19021,5
19026,1
19031,1
19036,5
19041,1
19046,52
19051,1
19056,5
19061,2
19066,1
19071,6
19076,5
19081,3
19086,1
19091,1
19096,13
19101,1
19106,480
19111,35
19116,19
19121,1
19126,26
19131,1
19136,1
19141,2
19146,2
19151,2
19156,1
19161,2
19166,4
19171,4
19176,10
19181,6
19186,17
19191,8
19196,8
19201,7
19206,1
19211,1
19216,1
19221,1
19226,7
19231,1
19236,3
19241,17
19246,1
19251,27
19256,2
19261,4
19266,2
19271,2
19276,1
19281,3
19286,7
19291,1
19296,2
19301,34
19306,1
19311,1
19316,2
19321,21
19326,2
19331,8
19336,13
19341,4
19346,3
19351,2
19356,6
19361,1
19366,3
19371,1
19376,1
19381,1
19386,5
19391,137
19396,1
19401,2
19406,4
19411,1
19416,1
19421,1
19426,2
19431,15
19436,13
19441,1
19446,5
19451,2
19456,3
19461,1
19466,1
19471,2
19476,4
19481,1
19486,2
19491,6
19496,1
19501,143
19506,9
19511,1
19516,3
19521,4
19526,1
19531,204
19536,3
19541,25
19546,25
19551,41
19556,2
19561,25
19566,74
19571,75
19576,1
19581,2
19586,1
19591,1
19596,6
19601,180
19606,6
19611,122
19616,2
19621,14
19626,31
19631,11
19636,12
19641,4
19646,3
19651,1
19656,7
19661,1
19666,7
19671,39
19676,45
19681,68
19686,NA
19691,27
19696,1
19701,7
19706,2
19711,3
19716,31
19721,2
19726,2
19731,2
19736,3
19741,1
19746,3
19751,615
19756,1
19761,1
19766,1
19771,3
19776,5
19781,12
19786,3
19791,1
19796,1
19801,3
19806,51
19811,2
19816,1
19821,301
19826,1
19831,3
19836,30
19841,2
19846,1
19851,1
19856,9
19861,2
19866,2
19871,3
19876,3
19881,1
19886,7
19891,5
19896,6
19901,4
19906,5
19911,2
19916,2
19921,17
19926,3
19931,1
19936,5
19941,38
19946,344
19951,46
19956,2
19961,1
19966,7
19971,3
19976,39
19981,138
19986,1
19991,5
19996,NA
20001,1
20006,1
20011,4
20016,1
20021,7
20026,1
20031,47
20036,3
20041,1
20046,1
20051,24
20056,1
20061,1
20066,1
20071,4
20076,1
20081,7
20086,13
20091,26
20096,26
20101,140
20106,33
20111,1
20116,8
20121,1
20126,1
20131,1
20136,4
20141,5
20146,31
20151,1
20156,3
20161,2
20166,42
20171,6
20176,2
20181,9
20186,2
20191,4
20196,24
20201,16
20206,9
20211,1
20216,NA
20221,1
20226,1
20231,2
20236,1
20241,1
20246,1
20251,4
20256,1
20261,3
20266,3
20271,5
20276,1
20281,2
20286,4
20291,1
20296,2
20301,1
20306,1
20311,13
20316,1
20321,255
20326,4
20331,26
20336,1
20341,1
20346,7
20351,3
20356,17
20361,2
20366,13
20371,6
20376,5
20381,7
20386,1
20391,13
20396,11
20401,6
20406,253
20411,1
20416,5
20421,6
20426,68
20431,13
20436,7
20441,2
20446,22
20451,6
20456,7
20461,2
20466,2
20471,3
20476,137
20481,2
20486,1
20491,38
20496,1
20501,2
20506,3
20511,1
20516,1
20521,1
20526,1
20531,1
20536,1
20541,8
20546,370
20551,1
20556,2
20561,1
20566,5
20571,1
20576,1
20581,3
20586,1
20591,1
20596,4
20601,900
20606,5
20611,2
20616,1
20621,5
20626,2
20631,2
20636,2
20641,16
20646,1
20651,3
20656,8
20661,4
20666,3
20671,7
20676,1
20681,1
20686,8
20691,3
20696,1
20701,2
20706,1
20711,7
20716,21
20721,8
20726,1
20731,16
20736,7
20741,1
20746,2
20751,2
20756,2
20761,1
20766,2
20771,2
20776,1
20781,1
20786,3
20791,138
20796,3
20801,2
20806,2
20811,2
20816,3
20821,2
20826,2
20831,1
20836,9
20841,1
20846,2
20851,2
20856,1
20861,1
20866,2
20871,1
20876,2
20881,11
20886,2
20891,1
20896,7
20901,1
20906,1
20911,1
20916,10
20921,1
20926,1
20931,2
20936,6
20941,2
20946,3
20951,7
20956,1
20961,1
20966,3
20971,1
20976,10
20981,3
20986,3
20991,1
20996,49
21001,1
21006,3
21011,2
21016,1
21021,3
21026,1
21031,1
21036,11
21041,4
21046,1
21051,5
21056,6
21061,2
21066,3
21071,1
21076,5
21081,78
21086,2
21091,10
21096,5
21101,1
21106,1
21111,1
21116,4
21121,1
21126,5
21131,1
21136,2
21141,6
21146,4
21151,2
21156,9
21161,1
21166,12
21171,1
21176,1
21181,6
21186,1
21191,1
21196,11
21201,1
21206,17
21211,5
21216,12
21221,2
21226,1
21231,4
21236,4
21241,1
21246,1
21251,3
21256,4
21261,3
21266,7
21271,2
21276,16
21281,1
21286,1
21291,1
21296,2
21301,1
21306,NA
21311,1
21316,NA
21321,2
21326,6
21331,80
21336,5
21341,1
21346,1
21351,1
21356,441
21361,1
21366,1
21371,5
21376,25
21381,1
21386,1
21391,67
21396,6
21401,3
21406,2
21411,291
21416,7
21421,3
21426,2
21431,1
21436,1
21441,2
21446,3
21451,4
21456,1
21461,3
21466,3
21471,2
21476,4
21481,8
21486,1
21491,6
21496,1
21501,1
21506,1
21511,4
21516,8
21521,2
21526,5
21531,3
21536,2
21541,2
21546,7
21551,3
21556,7
21561,3
21566,1
21571,2
21576,853
21581,1
21586,1
21591,89
21596,62
21601,1
21606,1
21611,11
21616,1
21621,2
21626,1
21631,3
21636,3
21641,9
21646,218
21651,1
21656,1
21661,2
21666,19
21671,1
21676,3
21681,1
21686,57
21691,1
21696,1
21701,4
21706,4
21711,5
21716,120
21721,1
21726,2
21731,4
21736,1
21741,33
21746,1
21751,15
21756,25
21761,12
21766,1
21771,1
21776,1
21781,3
21786,3
21791,6
21796,1
21801,4
21806,1
21811,5
21816,2
21821,3
21826,2
21831,84
21836,1
21841,7
21846,1
21851,1
21856,2
21861,13
21866,3
21871,2
21876,1
21881,7
21886,2
21891,1
21896,4
21901,31
21906,1
21911,6
21916,1
21921,32
21926,46
21931,3
21936,1
21941,1
21946,4
21951,5
21956,6
21961,1
21966,1
21971,5
21976,20
21981,1
21986,104
21991,3
21996,1
22001,2
22006,9
22011,1
22016,1
22021,8
22026,170
22031,NA
22036,1
22041,2
22046,3
22051,2
22056,2
22061,5
22066,100
22071,2
22076,1
22081,1
22086,2
22091,1
22096,1
22101,4
22106,15
22111,1
22116,5
22121,1
22126,1
22131,9
22136,5
22141,9
22146,26
22151,1
22156,2
22161,1
22166,1
22171,7
22176,1
22181,2
22186,12
22191,1
22196,7
22201,1
22206,1
22211,2
22216,3
22221,149
22226,1
22231,1
22236,3
22241,2
22246,3
22251,9
22256,5
22261,1
22266,1
22271,1
22276,28
22281,4
22286,1
22291,1
22296,34
22301,1
22306,12
22311,2
22316,3
22321,2
22326,38
22331,3
22336,168
22341,3
22346,1
22351,58
22356,3
22361,4
22366,1
22371,2
22376,2
22381,11
22386,1
22391,2
22396,2
22401,1
22406,13
22411,3
22416,2
22421,19
22426,1
22431,1
22436,1
22441,2
22446,12
22451,1
22456,1
22461,2
22466,4
22471,3
22476,1
22481,1
22486,51
22491,5
22496,2
22501,3
22506,2
22511,1
22516,9
22521,1
22526,5
22531,20
22536,3
22541,1
22546,3
22551,1
22556,28
22561,3
22566,7
22571,11
22576,1
22581,4
22586,2
22591,22
22596,1
22601,1
22606,1
22611,1
22616,4
22621,1
22626,1
22631,8
22636,3
22641,1
22646,3
22651,1
22656,2
22661,121
22666,2
22671,2
22676,33
22681,15
22686,8
22691,2
22696,1
22701,8
22706,4
22711,12
22716,8
22721,2
22726,2
22731,1
22736,2
22741,14
22746,4
22751,275
22756,1
22761,10
22766,2
22771,1
22776,2
22781,1
22786,6
22791,2
22796,3
22801,3
22806,1
22811,9
22816,1
22821,2
22826,3
22831,26
22836,6
22841,1
22846,3
22851,11
22856,4
22861,7
22866,1
22871,2
22876,1
22881,2
22886,1
22891,6
22896,2
22901,1
22906,3
22911,2
22916,1
22921,11
22926,1
22931,33
22936,3
22941,3
22946,175
22951,23
22956,9
22961,53
22966,5
22971,4
22976,5
22981,40
22986,4
22991,2
22996,1
23001,3
23006,25
23011,1
23016,18
23021,2
23026,5
23031,1
23036,2
23041,1
23046,1
23051,1
23056,13
23061,1
23066,1
23071,16
23076,4
23081,16
23086,1
23091,5
23096,11
23101,23
23106,4
23111,15
23116,38
23121,1
23126,1
23131,2
23136,9
23141,1
23146,1
23151,1
23156,8
23161,1
23166,1
23171,1
23176,7
23181,3
23186,8
23191,2
23196,68
23201,1
23206,1
23211,1
23216,1
23221,2
23226,6
23231,4
23236,1
23241,2
23246,1
23251,2
23256,1
23261,4
23266,3
23271,1
23276,11
23281,21
23286,2
23291,1
23296,24
23301,1
23306,2
23311,1
23316,1
23321,3
23326,1
23331,10
23336,40
23341,2
23346,13
23351,30
23356,1
23361,5
23366,7
23371,1
23376,1
23381,2
23386,1
23391,1
23396,1
23401,370
23406,2
23411,2
23416,6
23421,5
23426,2
23431,2
23436,3
23441,1
23446,1
23451,3
23456,1
23461,90
23466,NA
23471,1
23476,2
23481,20
23486,1
23491,1
23496,1
23501,1
23506,1
23511,4
23516,2
23521,2
23526,1
23531,8
23536,3
23541,1
23546,2
23551,13
23556,5
23561,3
23566,1
23571,3
23576,2
23581,1
23586,1
23591,7
23596,46
23601,13
23606,3
23611,101
23616,1
23621,24
23626,19
23631,11
23636,1
23641,3
23646,2
23651,4
23656,3
23661,1
23666,3
23671,10
23676,3
23681,79
23686,2
23691,2
23696,12
23701,4
23706,1
23711,8
23716,1
23721,1
23726,4
23731,23
23736,4
23741,21
23746,1
23751,14
23756,1
23761,1
23766,1
23771,4
23776,1
23781,1
23786,1
23791,29
23796,6
23801,6
23806,2
23811,2
23816,3
23821,1
23826,2
23831,6
23836,4
23841,3
23846,20
23851,1
23856,2
23861,1
23866,1
23871,17
23876,3
23881,1
23886,5
23891,2
23896,1
23901,4
23906,1
23911,3
23916,46
23921,35
23926,1
23931,3
23936,6
23941,153
23946,3
23951,1
23956,4
23961,1
23966,3
23971,1
23976,8
23981,9
23986,2
23991,2
23996,1
24001,NA
24006,26
24011,5
24016,5
24021,1
24026,11
24031,4
24036,1
24041,3
24046,3
24051,448
24056,2
24061,39
24066,2
24071,1
24076,1
24081,2
24086,1
24091,1
24096,1
24101,1
24106,1
24111,16
24116,1
24121,4
24126,9
24131,153
24136,2
24141,6
24146,9
24151,1
24156,3
24161,1
24166,5
24171,8
24176,NA
24181,1
24186,1
24191,1
24196,3
24201,2
24206,1
24211,4
24216,1
24221,2
24226,1
24231,2
24236,2
24241,286
24246,344
24251,4
24256,4
24261,3
24266,3
24271,22
24276,6
24281,50
24286,4
24291,1
24296,1
24301,1
24306,1
24311,1
24316,1
24321,1
24326,20
24331,1
24336,1
24341,8
24346,4
24351,168
24356,7
24361,3
24366,3
24371,10
24376,1
24381,6
24386,1
24391,14
24396,3
24401,2
24406,1
24411,2
24416,8
24421,3
24426,2
24431,1
24436,3
24441,232
24446,3
24451,3
24456,41
24461,2
24466,4
24471,1
24476,26
24481,5
24486,2
24491,3
24496,2
24501,1
24506,25
24511,1
24516,8
24521,2
24526,2
24531,2
24536,4
24541,2
24546,1
24551,1
24556,5
24561,2
24566,4
24571,1
24576,1
24581,5
24586,6
24591,1
24596,1
24601,1
24606,2
24611,1
24616,50
24621,2
24626,2
24631,6
24636,1
24641,3
24646,2
24651,2
24656,7
24661,34
24666,1
24671,2
24676,1
24681,2
24686,24
24691,3
24696,4
24701,1
24706,NA
24711,2
24716,6
24721,11
24726,13
24731,1
24736,37
24741,21
24746,15
24751,11
24756,1
24761,1
24766,17
24771,1
24776,3
24781,2
24786,1
24791,2
24796,1
24801,28
24806,1
24811,1
24816,12
24821,1
24826,7
24831,10
24836,5
24841,2
24846,2
24851,22
24856,2
24861,8
24866,1
24871,1
24876,2
24881,2
24886,5
24891,112
24896,1
24901,5
24906,3
24911,6
24916,49
24921,4
24926,1
24931,1
24936,6
24941,3
24946,4
24951,1
24956,3
24961,7
24966,1
24971,32
24976,48
24981,3
24986,2
24991,1
24996,1
25001,398
25006,1
25011,4
25016,2
25021,1
25026,1
25031,2
25036,1
25041,5
25046,2
25051,1
25056,4
25061,1
25066,8
25071,1
25076,2
25081,1
25086,3
25091,2
25096,2
25101,3
25106,NA
25111,13
25116,1
25121,4
25126,3
25131,5
25136,1
25141,2
25146,9
25151,1
25156,1
25161,18
25166,5
25171,29
25176,2
25181,5
25186,1
25191,4
25196,1
25201,6
25206,7
25211,1
25216,3
25221,4
25226,1
25231,1
25236,6
25241,1
25246,6
25251,1
25256,4
25261,80
25266,3
25271,1
25276,2
25281,709
25286,5
25291,12
25296,1
25301,3
25306,1
25311,2
25316,8
25321,3
25326,1
25331,5
25336,1
25341,8
25346,1
25351,5
25356,1
25361,19
25366,50
25371,2
25376,1
25381,1
25386,13
25391,1
25396,25
25401,1
25406,1
25411,6
25416,1
25421,4
25426,1
25431,5
25436,13
25441,164
25446,1
25451,1
25456,1
25461,2
25466,2
25471,15
25476,1
25481,1
25486,1
25491,1
25496,2
25501,2
25506,20
25511,1
25516,10
25521,1
25526,12
25531,2
25536,1
25541,1
25546,83
25551,2
25556,2
25561,59
25566,12
25571,2
25576,1
25581,6
25586,1
25591,10
25596,1
25601,5
25606,4
25611,1
25616,3
25621,1
25626,3
25631,1
25636,1
25641,2
25646,2
25651,1
25656,5
25661,12
25666,26
25671,1
25676,53
25681,1
25686,17
25691,2
25696,4
25701,1
25706,32
25711,1
25716,18
25721,29
25726,5
25731,3
25736,3
25741,79
25746,5
25751,2
25756,2
25761,5
25766,14
25771,5
25776,21
25781,21
25786,7
25791,2
25796,1
25801,102
25806,29
25811,3
25816,1
25821,71
25826,5
25831,14
25836,1
25841,1
25846,2
25851,6
25856,16
25861,1
25866,6
25871,2
25876,1
25881,2
25886,NA
25891,1
25896,13
25901,14
25906,1
25911,1
25916,1
25921,1
25926,8
25931,1
25936,5
25941,1
25946,85
25951,5
25956,3
25961,48
25966,1
25971,5
25976,3
25981,3
25986,3
25991,4
25996,12
26001,1
26006,1
26011,140
26016,2
26021,2
26026,1
26031,3
26036,25
26041,8
26046,14
26051,1
26056,3
26061,1
26066,8
26071,1
26076,2
26081,17
26086,10
26091,1
26096,8
26101,288
26106,34
26111,4
26116,1
26121,2
26126,3
26131,7
26136,7
26141,1
26146,5
26151,16
26156,2
26161,2
26166,5
26171,40
26176,1
26181,1
26186,4
26191,1
26196,7
26201,8
26206,1
26211,54
26216,1
26221,1
26226,2
26231,9
26236,2
26241,19
26246,3
26251,2
26256,36
26261,1
26266,2
26271,1
26276,120
26281,1
26286,1
26291,2
26296,340
26301,4
26306,5
26311,1
26316,1
26321,760
26326,NA
26331,1
26336,2
26341,15
26346,3
26351,9
26356,2
26361,12
26366,2
26371,1
26376,7
26381,4
26386,30
26391,1
26396,1
26401,9
26406,3
26411,1
26416,5
26421,6
26426,1
26431,14
26436,1
26441,2
26446,1
26451,243
26456,179
26461,3
26466,50
26471,2
26476,1
26481,1
26486,4
26491,11
26496,1
26501,1
26506,4
26511,4
26516,1
26521,8
26526,1
26531,1
26536,3
26541,4
26546,1
26551,3
26556,2
26561,2
26566,1
26571,5
26576,2
26581,13
26586,4
26591,6
26596,4
26601,2
26606,1
26611,1
26616,3
26621,1
26626,1
26631,6
26636,2
26641,1
26646,18
26651,2
26656,2
26661,8
26666,9
26671,9
26676,2
26681,11
26686,8
26691,7
26696,8
26701,30
26706,3
26711,1
26716,2
26721,3
26726,1
26731,11
26736,1
26741,4
26746,2
26751,2
26756,3
26761,8
26766,5
26771,3
26776,1
26781,11
26786,2
26791,1
26796,6
26801,1
26806,1
26811,9
26816,4
26821,1
26826,3
26831,2
26836,3
26841,6
26846,4
26851,1
26856,1
26861,3
26866,6
26871,5
26876,1
26881,2
26886,5
26891,4
26896,1
26901,1
26906,15
26911,1
26916,70
26921,1
26926,3
26931,5
26936,13
26941,6
26946,1
26951,11
26956,3
26961,1
26966,15
26971,1
26976,4
26981,2
26986,2
26991,3
26996,1
27001,3
27006,13
27011,2
27016,1
27021,1
27026,10
27031,38
27036,127
27041,22
27046,16
27051,1
27056,8
27061,156
27066,1
27071,5
27076,1
27081,6
27086,90
27091,2
27096,1
27101,6
27106,1
27111,17
27116,1
27121,60
27126,56
27131,1
27136,4
27141,193
27146,3
27151,1
27156,6
27161,2
27166,3
27171,2
27176,2
27181,1
27186,38
27191,6
27196,1
27201,525
27206,1
27211,1
27216,30
27221,1
27226,1
27231,4
27236,5
27241,1
27246,2
27251,15
27256,9
27261,1
27266,3
27271,16
27276,9
27281,1
27286,4
27291,4
27296,NA
27301,1
27306,1
27311,2
27316,2
27321,4
27326,1
27331,1
27336,1
27341,2
27346,5
27351,1
27356,67
27361,3
27366,2
27371,6
27376,45
27381,8
27386,1
27391,2
27396,2
27401,1
27406,11
27411,1
27416,14
27421,4
27426,55
27431,4
27436,7
27441,2
27446,3
27451,15
27456,1
27461,1
27466,9
27471,1
27476,9
27481,1
27486,1
27491,16
27496,7
27501,242
27506,9
27511,252
27516,1
27521,1
27526,1
27531,8
27536,169
27541,1
27546,4
27551,15
27556,3
27561,71
27566,5
27571,1
27576,3
27581,3
27586,17
27591,1
27596,4
27601,1
27606,948
27611,2
27616,35
27621,3
27626,1
27631,8
27636,1
27641,5
27646,1
27651,1
27656,2
27661,2
27666,3
27671,4
27676,1
27681,5
27686,1
27691,8
27696,3
27701,12
27706,2
27711,4
27716,5
27721,2
27726,1
27731,1
27736,3
27741,1
27746,259
27751,420
27756,40
27761,4
27766,133
27771,20
27776,1
27781,1
27786,11
27791,3
27796,1
27801,10
27806,3
27811,1
27816,1
27821,1
27826,2
27831,1
27836,170
27841,1
27846,1
27851,10
27856,14
27861,5
27866,2
27871,1
27876,1
27881,9
27886,4
27891,1
27896,2
27901,8
27906,1
27911,1
27916,3
27921,2
27926,13
27931,1
27936,3
27941,11
27946,192
27951,2
27956,36
27961,1
27966,15
27971,17
27976,2
27981,2
27986,1
27991,7
27996,1
28001,3
28006,1
28011,13
28016,1
28021,11
28026,3
28031,6
28036,1
28041,1
28046,2
28051,3
28056,1
28061,2
28066,2
28071,448
28076,21
28081,4
28086,1
28091,2
28096,288
28101,1
28106,2
28111,2
28116,5
28121,2
28126,1
28131,3
28136,2
28141,1
28146,1
28151,6
28156,1
28161,9
28166,3
28171,1
28176,1
28181,5
28186,8
28191,3
28196,2
28201,2
28206,1
28211,1
28216,63
28221,2
28226,8
28231,2
28236,2
28241,9
28246,2
28251,1
28256,1
28261,3
28266,1
28271,1
28276,2
28281,1
28286,1
28291,9
28296,1
28301,3
28306,1
28311,49
28316,1
28321,19
28326,3
28331,1
28336,7
28341,37
28346,12
28351,8
28356,5
28361,11
28366,4
28371,1
28376,1
28381,9
28386,5
28391,1
28396,1
28401,1
28406,4
28411,4
28416,2
28421,2
28426,2
28431,9
28436,8
28441,1
28446,3
28451,6
28456,1
28461,49
28466,4
28471,2
28476,1
28481,4
28486,5
28491,2
28496,4
28501,1
28506,3
28511,189
28516,1
28521,78
28526,5
28531,3
28536,2
28541,11
28546,3
28551,3
28556,2
28561,751
28566,2
28571,1
28576,3
28581,1
28586,1
28591,4
28596,1
28601,4
28606,2
28611,1
28616,5
28621,5
28626,4
28631,5
28636,4
28641,2
28646,2
28651,7
28656,2
28661,1
28666,2
28671,1
28676,2
28681,23
28686,3
28691,20
28696,7
28701,102
28706,1
28711,9
28716,7
28721,6
28726,1
28731,1
28736,21
28741,10
28746,2
28751,2
28756,1
28761,1
28766,1
28771,3
28776,1
28781,56
28786,2
28791,NA
28796,979
28801,5
28806,3
28811,6
28816,1
28821,1
28826,1
28831,3
28836,2
28841,13
28846,3
28851,2
28856,9
28861,1
28866,6
28871,3
28876,2
28881,5
28886,2
28891,121
28896,11
28901,1
28906,13
28911,1
28916,4
28921,1
28926,5
28931,13
28936,1
28941,5
28946,2
28951,59
28956,16
28961,8
28966,1
28971,1
28976,3
28981,1
28986,1
28991,1
28996,5
29001,NA
29006,90
29011,3
29016,10
29021,2
29026,1
29031,18
29036,2
29041,2
29046,4
29051,1
29056,1
29061,5
29066,6
29071,8
29076,1
29081,1
29086,1
29091,8
29096,249
29101,1
29106,19
29111,2
29116,3
29121,1
29126,44
29131,9
29136,3
29141,2
29146,1
29151,1
29156,8
29161,7
29166,10
29171,1
29176,1
29181,25
29186,2
29191,10
29196,1
29201,12
29206,6
29211,3
29216,1
29221,1
29226,1
29231,11
29236,2
29241,211
29246,16
29251,2
29256,1
29261,3
29266,2
29271,1
29276,1
29281,5
29286,4
29291,93
29296,6
29301,4
29306,9
29311,4
29316,29
29321,1
29326,9
29331,156
29336,376
29341,1
29346,2
29351,2
29356,1
29361,9
29366,1
29371,3
29376,1
29381,5
29386,1
29391,1
29396,6
29401,28
29406,1
29411,2
29416,1
29421,1
29426,12
29431,1
29436,1
29441,1
29446,7
29451,3
29456,2
29461,2
29466,2
29471,4
29476,13
29481,14
29486,1
29491,1
29496,82
29501,5
29506,1
29511,7
29516,1
29521,3
29526,404
29531,9
29536,23
29541,3
29546,1
29551,NA
29556,1
29561,38
29566,3
29571,1
29576,172
29581,2
29586,1
29591,8
29596,2
29601,6
29606,11
29611,1
29616,24
29621,2
29626,1
29631,7
29636,7
29641,2
29646,2
29651,1
29656,8
29661,1
29666,1
29671,56
29676,3
29681,2
29686,5
29691,28
29696,1
29701,3
29706,104
29711,1
29716,6
29721,3
29726,4
29731,5
29736,1
29741,7
29746,2
29751,1
29756,1
29761,3
29766,3
29771,1
29776,2
29781,20
29786,2
29791,4
29796,8
29801,1
29806,22
29811,1
29816,1
29821,5
29826,1
29831,10
29836,1
29841,15
29846,21
29851,2
29856,4
29861,3
29866,4
29871,132
29876,29
29881,1
29886,1
29891,4
29896,22
29901,2
29906,1
29911,17
29916,104
29921,14
29926,1
29931,17
29936,5
29941,1
29946,1
29951,30
29956,1
29961,7
29966,1
29971,8
29976,23
29981,60
29986,2
29991,5
29996,1
