1,1
2,1
3,1
4,1
5,2
6,1
7,1
8,28
9,1
10,1
11,1
12,7
13,1
14,20
15,1
16,2
17,1
18,3
19,20
20,1
21,1
22,1
23,2
24,3
25,2
26,1
27,7
28,2
29,1
30,4
31,2
32,2
33,1
34,1
35,8
36,1
37,1
38,1
39,1
40,1
41,320
42,7
43,1
44,2
45,1
46,1
47,1
48,1
49,2
50,2
51,1
52,3
53,1
54,2
55,1
56,1
57,11
58,2
59,3
60,1
61,1
62,1
63,2
64,1
65,4
66,1
67,1
68,555
69,1
70,NA
71,1
72,40
73,21
74,4
75,2
76,2
77,3
78,3
79,1
80,1
81,4
82,1
83,4
84,1
85,2
86,5
87,1
88,4
89,NA
90,1
91,1
92,4
93,2
94,1
95,2
96,3
97,1
98,1
99,2
100,1
101,1
102,2
103,1
104,9
105,1
106,5
107,2
108,1
109,2
110,3
111,2
112,1
113,2
114,1
115,2
116,1
117,1
118,13
119,1
120,3
121,23
122,2
123,9
124,1
125,1
126,1
127,2
128,10
129,2
130,2
131,9
132,1
133,1
134,16
135,4
136,1
137,1
138,1
139,3
140,3
141,1
142,1
143,188
144,71
145,1
146,1
147,2
148,2
149,2
150,1
151,8
152,1
153,1
154,1
155,1
156,8
157,8
158,2
159,1
160,1
161,7
162,4
163,1
164,4
165,1
166,1
167,3
168,2
169,1
170,1
171,1
172,1
173,3
174,20
175,1
176,33
177,1
178,NA
179,1
180,1
181,1
182,4
183,1
184,10
185,2
186,43
187,7
188,2
189,45
190,40
191,1
192,1
193,2
194,6
195,2
196,1
197,1
198,2
199,1
200,3
201,1
202,9
203,81
204,1
205,2
206,2
207,2
208,1
209,1
210,2
211,1
212,NA
213,2
214,2
215,31
216,1
217,5
218,1
219,1
220,1
221,5
222,1
223,5
224,1
225,3
226,2
227,1
228,3
229,2
230,2
231,11
232,6
233,1
234,1
235,1
236,1
237,45
238,1
239,2
240,5
241,1
242,1
243,1
244,18
245,1
246,29
247,1
248,581
249,1
250,68
251,1
252,3
253,10
254,1
255,1
256,1
257,6
258,1
259,1
260,1
261,43
262,1
263,186
264,1
265,11
266,3
267,1
268,4
269,1
270,2
271,2
272,3
273,2
274,1
275,18
276,3
277,1
278,8
279,1
280,5
281,4
282,5
283,NA
284,2
285,NA
286,1
287,4
288,1
289,1
290,22
291,308
292,1
293,243
294,13
295,3
296,1
297,2
298,1
299,1
300,1
301,2
302,11
303,1
304,16
305,2
306,5
307,1
308,1
309,2
310,1
311,3
312,1
313,1
314,4
315,1
316,2
317,4
318,2
319,2
320,8
321,1
322,1
323,1
324,3
325,1
326,1
327,3
328,1
329,6
330,4
331,3
332,98
333,1
334,6
335,1
336,9
337,67
338,9
339,4
340,1
341,2
342,2
343,4
344,1
345,1
346,2
347,2
348,10
349,3
350,1
351,1
352,4
353,1
354,1
355,1
356,86
357,3
358,10
359,1
360,2
361,9
362,1
363,1
364,2
365,8
366,1
367,1
368,2
369,16
370,2
371,4
372,1
373,1
374,2
375,1
376,1
377,2
378,213
379,2
380,1
381,2
382,38
383,3
384,1
385,1
386,1
387,1
388,2
389,66
390,1
391,4
392,2
393,4
394,1
395,7
396,2
397,1
398,16
399,5
400,1
401,2
402,2
403,1
404,88
405,1
406,2
407,1
408,6
409,1
410,2
411,1
412,3
413,1
414,2
415,10
416,3
417,1
418,6
419,3
420,1
421,3
422,2
423,1
424,2
425,55
426,3
427,4
428,3
429,19
430,3
431,4
432,1
433,3
434,NA
435,15
436,1
437,9
438,1
439,2
440,1
441,1
442,1
443,1
444,1
445,1
446,36
447,3
448,2
449,1
450,2
451,2
452,6
453,4
454,3
455,2
456,3
457,1
458,1
459,2
460,6
461,132
462,1
463,1
464,24
465,3
466,1
467,7
468,4
469,1
470,3
471,1
472,2
473,2
474,1
475,3
476,44
477,1
478,1
479,1
480,1
481,2
482,3
483,1
484,4
485,1
486,4
487,2
488,3
489,1
490,1
491,5
492,15
493,1
494,1
495,1
496,1
497,1
498,2
499,2
500,2
501,5
502,1
503,4
504,1
505,8
506,1
507,1
508,3
509,2
510,4
511,1
512,2
513,1
514,3
515,330
516,3
517,1
518,2
519,3
520,6
521,1
522,1
523,5
524,1
525,12
526,1
527,3
528,1
529,5
530,5
531,1
532,6
533,1
534,15
535,2
536,8
537,1
538,3
539,1
540,2
541,1
542,1
543,1
544,2
545,NA
546,6
547,3
548,41
549,1
550,1
551,4
552,3
553,1
554,2
555,1
556,1
557,2
558,2
559,3
560,27
561,3
562,1
563,18
564,2
565,1
566,5
567,5
568,1
569,24
570,1
571,1
572,9
573,1
574,1
575,1
576,4
577,4
578,1
579,1
580,64
581,NA
582,3
583,3
584,1
585,3
586,3
587,1
588,1
589,1
590,2
591,2
592,3
593,2
594,10
595,1
596,1
597,10
598,2
599,3
600,11
601,1
602,2
603,6
604,1
605,4
606,5
607,1
608,233
609,2
610,1
611,5
612,1
613,3
614,1
615,1
616,3
617,2
618,1
619,1
620,2
621,2
622,1
623,1
624,17
625,19
626,2
627,1
628,1
629,NA
630,1
631,1
632,1
633,19
634,1
635,9
636,14
637,37
638,1
639,3
640,4
641,1
642,2
643,2
644,69
645,13
646,33
647,119
648,1
649,2
650,3
651,89
652,1
653,2
654,8
655,6
656,1
657,2
658,1
659,1
660,5
661,1
662,41
663,1
664,3
665,112
666,1
667,1
668,4
669,1
670,1
671,72
672,1
673,1
674,1
675,1
676,12
677,1
678,3
679,2
680,2
681,144
682,1
683,1
684,1
685,1
686,1
687,1
688,11
689,3
690,8
691,1
692,2
693,2
694,11
695,1
696,3
697,5
698,3
699,2
700,3
701,89
702,2
703,1
704,1
705,2
706,4
707,3
708,2
709,3
710,1
711,2
712,2
713,6
714,9
715,1
716,15
717,3
718,1
719,5
720,2
721,6
722,3
723,2
724,5
725,3
726,1
727,1
728,1
729,1
730,4
731,3
732,1
733,15
734,2
735,1
736,1
737,4
738,12
739,10
740,3
741,1
742,1
743,11
744,1
745,2
746,2
747,1
748,1
749,1
750,1
751,1
752,8
753,1
754,2
755,5
756,3
757,2
758,1
759,19
760,1
761,3
762,2
763,1
764,1
765,1
766,3
767,13
768,3
769,1
770,3
771,2
772,3
773,4
774,1
775,1
776,7
777,5
778,2
779,2
780,1
781,1
782,2
783,48
784,1
785,7
786,1
787,22
788,2
789,10
790,4
791,1
792,1
793,1
794,4
795,24
796,1
797,3
798,2
799,1
800,2
801,2
802,14
803,4
804,1
805,21
806,3
807,5
808,3
809,7
810,1
811,3
812,1
813,1
814,2
815,6
816,13
817,1
818,1
819,1
820,5
821,1
822,4
823,11
824,3
825,1
826,5
827,1
828,65
829,1
830,19
831,1
832,7
833,9
834,6
835,1
836,1
837,39
838,1
839,1
840,6
841,14
842,9
843,1
844,3
845,1
846,1
847,2
848,3
849,9
850,2
851,5
852,4
853,2
854,1
855,4
856,1
857,1
858,13
859,3
860,3
861,1
862,2
863,4
864,2
865,3
866,4
867,3
868,1
869,21
870,1
871,4
872,1
873,1
874,2
875,6
876,11
877,2
878,2
879,24
880,3
881,NA
882,4
883,3
884,1
885,23
886,7
887,2
888,3
889,3
890,7
891,6
892,244
893,43
894,1
895,2
896,2
897,1
898,1
899,4
900,4
901,17
902,18
903,1
904,1
905,5
906,1
907,33
908,1
909,2
910,2
911,16
912,1
913,2
914,23
915,4
916,2
917,1
918,78
919,1
920,1
921,2
922,221
923,9
924,8
925,28
926,8
927,1
928,7
929,4
930,1
931,1
932,35
933,5
934,1
935,1
936,1
937,5
938,34
939,1
940,2
941,14
942,13
943,133
944,1
945,8
946,1
947,3
948,1
949,1
950,35
951,1
952,2
953,2
954,280
955,1
956,1
957,8
958,1
959,66
960,4
961,1
962,1
963,1
964,1
965,10
966,2
967,12
968,9
969,4
970,1
971,2
972,1
973,1
974,1
975,2
976,4
977,2
978,2
979,1
980,19
981,11
982,4
983,1
984,1
985,2
986,2
987,3
988,2
989,137
990,62
991,1
992,49
993,119
994,4
995,2
996,2
997,2
998,4
999,1
1000,1
1001,1
1002,1
1003,4
1004,3
1005,1
1006,2
1007,1
1008,7
1009,2
1010,1
1011,3
1012,1
1013,2
1014,1
1015,3
1016,13
1017,1
1018,1
1019,3
1020,2
1021,1
1022,6
1023,10
1024,23
1025,1
1026,1
1027,3
1028,15
1029,1
1030,1
1031,12
1032,6
1033,3
1034,1
1035,2
1036,6
1037,1
1038,1
1039,2
1040,965
1041,1
1042,9
1043,1
1044,2
1045,3
1046,1
1047,1
1048,1
1049,8
1050,4
1051,1
1052,1
1053,2
1054,3
1055,3
1056,2
1057,1
1058,20
1059,1
1060,1
1061,2
1062,12
1063,1
1064,3
1065,1
1066,508
1067,5
1068,1
1069,1
1070,1
1071,6
1072,1
1073,1
1074,1
1075,9
1076,2
1077,1
1078,5
1079,40
1080,3
1081,4
1082,1
1083,2
1084,2
1085,2
1086,3
1087,1
1088,2
1089,1
1090,8
1091,1
1092,1
1093,1
1094,2
1095,1
1096,13
1097,118
1098,5
1099,3
1100,1
1101,15
1102,1
1103,5
1104,11
1105,1
1106,16
1107,1
1108,23
1109,7
1110,226
1111,2
1112,5
1113,6
1114,2
1115,1
1116,1
1117,1
1118,10
1119,5
1120,1
1121,2
1122,1
1123,90
1124,1
1125,3
1126,5
1127,1
1128,5
1129,1
1130,3
1131,3
1132,1
1133,1
1134,14
1135,1
1136,4
1137,12
1138,2
1139,6
1140,1
1141,4
1142,1
1143,23
1144,3
1145,1
1146,1
1147,4
1148,2
1149,2
1150,141
1151,2
1152,2
1153,2
1154,1
1155,7
1156,2
1157,3
1158,16
1159,1
1160,1
1161,4
1162,80
1163,4
1164,5
1165,1
1166,2
1167,2
1168,1
1169,1
1170,1
1171,1
1172,7
1173,2
1174,2
1175,36
1176,4
1177,24
1178,1
1179,1
1180,1
1181,4
1182,15
1183,1
1184,3
1185,3
1186,2
1187,1
1188,18
1189,1
1190,1
1191,5
1192,2
1193,3
1194,6
1195,1
1196,2
1197,1
1198,2
1199,3
1200,9
1201,16
1202,2
1203,1
1204,2
1205,5
1206,1
1207,95
1208,798
1209,1
1210,1
1211,5
1212,3
1213,2
1214,658
1215,10
1216,1
1217,82
1218,7
1219,1
1220,3
1221,9
1222,3
1223,1
1224,3
1225,1
1226,1
1227,322
1228,11
1229,435
1230,6
1231,1
1232,8
1233,1
1234,1
1235,1
1236,3
1237,2
1238,2
1239,2
1240,2
1241,1
1242,13
1243,1
1244,1
1245,1
1246,1
1247,5
1248,5
1249,7
1250,1
1251,8
1252,1
1253,6
1254,7
1255,13
1256,5
1257,1
1258,3
1259,11
1260,2
1261,25
1262,3
1263,1
1264,1
1265,23
1266,7
1267,10
1268,1
1269,416
1270,2
1271,39
1272,1
1273,2
1274,3
1275,3
1276,2
1277,7
1278,8
1279,254
1280,1
1281,1
1282,10
1283,6
1284,4
1285,18
1286,394
1287,1
1288,4
1289,3
1290,6
1291,1
1292,2
1293,1
1294,5
1295,152
1296,3
1297,2
1298,27
1299,1
1300,NA
1301,3
1302,1
1303,4
1304,1
1305,2
1306,15
1307,1
1308,2
1309,1
1310,6
1311,1
1312,1
1313,1
1314,4
1315,1
1316,1
1317,3
1318,20
1319,6
1320,1
1321,28
1322,5
1323,2
1324,1
1325,30
1326,1
1327,5
1328,8
1329,2
1330,19
1331,2
1332,1
1333,1
1334,54
1335,7
1336,5
1337,54
1338,2
1339,4
1340,1
1341,1
1342,1
1343,1
1344,10
1345,1
1346,18
1347,1
1348,151
1349,1
1350,18
1351,5
1352,1
1353,11
1354,1
1355,3
1356,1
1357,3
1358,1
1359,1
1360,5
1361,9
1362,49
1363,2
1364,3
1365,2
1366,1
1367,230
1368,3
1369,3
1370,39
1371,1
1372,2
1373,NA
1374,1
1375,3
1376,2
1377,3
1378,1
1379,1
1380,1
1381,1
1382,17
1383,747
1384,4
1385,28
1386,1
1387,3
1388,10
1389,1
1390,1
1391,2
1392,1
1393,1
1394,2
1395,1
1396,26
1397,12
1398,1
1399,1
1400,3
1401,8
1402,2
1403,2
1404,327
1405,4
1406,6
1407,1
1408,1
1409,6
1410,3
1411,4
1412,2
1413,1
1414,1
1415,6
1416,13
1417,1
1418,51
1419,3
1420,1
1421,4
1422,3
1423,1
1424,19
1425,1
1426,11
1427,65
1428,1
1429,2
1430,2
1431,9
1432,5
1433,7
1434,14
1435,3
1436,NA
1437,1
1438,2
1439,1
1440,1
1441,85
1442,1
1443,4
1444,1
1445,2
1446,1
1447,5
1448,2
1449,43
1450,1
1451,1
1452,1
1453,3
1454,26
1455,6
1456,1
1457,1
1458,1
1459,6
1460,4
1461,3
1462,7
1463,2
1464,1
1465,1
1466,4
1467,4
1468,1
1469,72
1470,415
1471,2
1472,6
1473,48
1474,20
1475,2
1476,3
1477,1
1478,1
1479,2
1480,96
1481,2
1482,2
1483,1
1484,4
1485,1
1486,1
1487,4
1488,1
1489,1
1490,NA
1491,2
1492,10
1493,2
1494,1
1495,1
1496,21
1497,2
1498,9
1499,2
1500,11
1501,1
1502,5
1503,1
1504,5
1505,1
1506,2
1507,1
1508,2
1509,11
1510,1
1511,1
1512,20
1513,67
1514,1
1515,7
1516,1
1517,99
1518,1
1519,1
1520,526
1521,2
1522,1
1523,1
1524,1
1525,1
1526,12
1527,11
1528,1
1529,1
1530,1
1531,1
1532,1
1533,2
1534,3
1535,17
1536,6
1537,5
1538,5
1539,4
1540,10
1541,4
1542,1
1543,1
1544,3
1545,2
1546,2
1547,1
1548,75
1549,12
1550,24
1551,1
1552,2
1553,3
1554,2
1555,4
1556,1
1557,1
1558,7
1559,NA
1560,1
1561,7
1562,21
1563,2
1564,1
1565,NA
1566,1
1567,3
1568,1
1569,1
1570,3
1571,12
1572,2
1573,7
1574,5
1575,1
1576,1
1577,7
1578,7
1579,2
1580,2
1581,4
1582,3
1583,4
1584,1
1585,1
1586,1
1587,1
1588,4
1589,51
1590,1
1591,2
1592,2
1593,3
1594,1
1595,1
1596,1
1597,1
1598,9
1599,16
1600,15
1601,1
1602,13
1603,10
1604,55
1605,2
1606,5
1607,2
1608,3
1609,3
1610,1
1611,1
1612,2
1613,40
1614,19
1615,1
1616,14
1617,2
1618,2
1619,14
1620,20
1621,8
1622,1
1623,2
1624,2
1625,8
1626,8
1627,1
1628,1
1629,1
1630,4
1631,3
1632,1
1633,1
1634,20
1635,1
1636,3
1637,1
1638,1
1639,8
1640,3
1641,4
1642,1
1643,2
1644,8
1645,1
1646,2
1647,2
1648,1
1649,3
1650,5
1651,1
1652,5
1653,16
1654,1
1655,2
1656,4
1657,60
1658,115
1659,1
1660,1
1661,8
1662,1
1663,1
1664,5
1665,7
1666,2
1667,15
1668,2
1669,2
1670,8
1671,4
1672,1
1673,7
1674,18
1675,1
1676,1
1677,2
1678,1
1679,3
1680,2
1681,1
1682,4
1683,1
1684,1
1685,1
1686,3
1687,5
1688,5
1689,6
1690,3
1691,4
1692,3
1693,2
1694,NA
1695,3
1696,3
1697,2
1698,1
1699,1
1700,1
1701,23
1702,2
1703,9
1704,9
1705,10
1706,51
1707,23
1708,3
1709,1
1710,1
1711,1
1712,3
1713,4
1714,1
1715,53
1716,1
1717,3
1718,1
1719,1
1720,1
1721,4
1722,4
1723,3
1724,8
1725,4
1726,2
1727,5
1728,2
1729,26
1730,16
1731,1
1732,3
1733,2
1734,6
1735,14
1736,1
1737,1
1738,1
1739,1
1740,9
1741,3
1742,119
1743,1
1744,1
1745,647
1746,5
1747,7
1748,1
1749,2
1750,1
1751,20
1752,40
1753,9
1754,1
1755,9
1756,1
1757,22
1758,4
1759,2
1760,8
1761,10
1762,1
1763,5
1764,3
1765,1
1766,16
1767,6
1768,3
1769,45
1770,1
1771,6
1772,4
1773,38
1774,1
1775,21
1776,30
1777,4
1778,2
1779,3
1780,1
1781,224
1782,3
1783,2
1784,1
1785,1
1786,2
1787,2
1788,12
1789,1
1790,227
1791,1
1792,1
1793,6
1794,4
1795,1
1796,35
1797,1
1798,4
1799,211
1800,1
1801,2
1802,4
1803,1
1804,2
1805,2
1806,1
1807,1
1808,1
1809,1
1810,6
1811,1
1812,28
1813,4
1814,3
1815,1
1816,1
1817,1
1818,1
1819,1
1820,1
1821,7
1822,1
1823,12
1824,1
1825,2
1826,50
1827,4
1828,4
1829,1
1830,2
1831,4
1832,2
1833,1
1834,3
1835,7
1836,1
1837,1
1838,79
1839,4
1840,16
1841,2
1842,1
1843,1
1844,26
1845,7
1846,1
1847,4
1848,1
1849,15
1850,8
1851,36
1852,1
1853,1
1854,24
1855,2
1856,3
1857,12
1858,82
1859,2
1860,1
1861,4
1862,1
1863,1
1864,3
1865,1
1866,1
1867,8
1868,6
1869,4
1870,5
1871,NA
1872,1
1873,1
1874,3
1875,1
1876,1
1877,3
1878,3
1879,2
1880,1
1881,1
1882,2
1883,3
1884,11
1885,1
1886,3
1887,2
1888,2
1889,2
1890,6
1891,1
1892,4
1893,1
1894,3
1895,3
1896,1
1897,2
1898,2
1899,3
1900,2
1901,1
1902,897
1903,18
1904,2
1905,1
1906,5
1907,1
1908,1
1909,1
1910,45
1911,2
1912,7
1913,2
1914,1
1915,3
1916,NA
1917,1
1918,2
1919,1
1920,1
1921,1
1922,2
1923,29
1924,1
1925,1
1926,2
1927,4
1928,1
1929,8
1930,1
1931,446
1932,1
1933,2
1934,1
1935,34
1936,6
1937,1
1938,1
1939,1
1940,9
1941,3
1942,30
1943,1
1944,4
1945,2
1946,NA
1947,2
1948,1
1949,5
1950,1
1951,4
1952,34
1953,1
1954,3
1955,NA
1956,2
1957,1
1958,2
1959,1
1960,1
1961,1
1962,1
1963,2
1964,1
1965,5
1966,3
1967,11
1968,4
1969,1
1970,5
1971,10
1972,1
1973,240
1974,1
1975,1
1976,3
1977,3
1978,1
1979,23
1980,7
1981,2
1982,36
1983,2
1984,4
1985,8
1986,1
1987,1
1988,113
1989,38
1990,1
1991,1
1992,2
1993,1
1994,3
1995,3
1996,1
1997,10
1998,1
1999,13
2000,1
2001,1
2002,3
2003,3
2004,1
2005,1
2006,1
2007,3
2008,2
2009,1
2010,13
2011,2
2012,2
2013,2
2014,7
2015,1
2016,1
2017,7
2018,1
2019,2
2020,2
2021,2
2022,2
2023,2
2024,62
2025,4
2026,5
2027,1
2028,1
2029,1
2030,21
2031,5
2032,2
2033,2
2034,1
2035,2
2036,1
2037,1
2038,12
2039,36
2040,2
2041,1
2042,148
2043,3
2044,64
2045,1
2046,7
2047,1
2048,480
2049,9
2050,1
2051,1
2052,34
2053,1
2054,9
2055,4
2056,2
2057,5
2058,1
2059,20
2060,320
2061,1
2062,1
2063,6
2064,1
2065,3
2066,2
2067,2
2068,4
2069,1
2070,25
2071,2
2072,126
2073,2
2074,36
2075,57
2076,9
2077,1
2078,1
2079,1
2080,1
2081,124
2082,5
2083,4
2084,6
2085,6
2086,1
2087,2
2088,1
2089,3
2090,1
2091,2
2092,1
2093,6
2094,1
2095,285
2096,1
2097,2
2098,2
2099,3
2100,3
2101,4
2102,5
2103,1
2104,29
2105,1
2106,4
2107,4
2108,28
2109,5
2110,2
2111,8
2112,6
2113,2
2114,118
2115,2
2116,2
2117,4
2118,699
2119,1
2120,8
2121,1
2122,2
2123,1
2124,2
2125,4
2126,85
2127,1
2128,1
2129,NA
2130,1
2131,630
2132,1
2133,124
2134,1
2135,3
2136,1
2137,15
2138,26
2139,1
2140,2
2141,1
2142,2
2143,1
2144,6
2145,1
2146,1
2147,3
2148,8
2149,1
2150,2
2151,1
2152,2
2153,64
2154,5
2155,2
2156,8
2157,1
2158,11
2159,1
2160,1
2161,1
2162,10
2163,6
2164,2
2165,2
2166,2
2167,2
2168,1
2169,3
2170,1
2171,6
2172,1
2173,1
2174,90
2175,3
2176,NA
2177,2
2178,1
2179,1
2180,1
2181,1
2182,2
2183,2
2184,4
2185,3
2186,4
2187,2
2188,4
2189,3
2190,4
2191,1
2192,12
2193,1
2194,16
2195,1
2196,51
2197,5
2198,1
2199,6
2200,1
2201,2
2202,28
2203,1
2204,1
2205,1
2206,2
2207,1
2208,2
2209,2
2210,3
2211,3
2212,1
2213,1
2214,1
2215,40
2216,4
2217,1
2218,2
2219,2
2220,3
2221,2
2222,7
2223,2
2224,11
2225,58
2226,1
2227,1
2228,2
2229,117
2230,7
2231,1
2232,1
2233,3
2234,1
2235,21
2236,1
2237,9
2238,2
2239,2
2240,1
2241,8
2242,1
2243,31
2244,1
2245,6
2246,6
2247,1
2248,3
2249,2
2250,69
2251,1
2252,3
2253,1
2254,2
2255,3
2256,2
2257,1
2258,203
2259,3
2260,1
2261,1
2262,1
2263,40
2264,2
2265,1
2266,1
2267,124
2268,1
2269,6
2270,1
2271,3
2272,17
2273,2
2274,3
2275,2
2276,1
2277,3
2278,33
2279,40
2280,2
2281,1
2282,3
2283,1
2284,3
2285,2
2286,3
2287,1
2288,3
2289,1
2290,5
2291,87
2292,1
2293,4
2294,1
2295,1
2296,24
2297,1
2298,1
2299,1
2300,2
2301,1
2302,1
2303,10
2304,1
2305,2
2306,3
2307,2
2308,1
2309,21
2310,4
2311,1
2312,4
2313,1
2314,2
2315,3
2316,4
2317,3
2318,2
2319,118
2320,8
2321,23
2322,2
2323,1
2324,4
2325,1
2326,1
2327,36
2328,55
2329,2
2330,1
2331,1
2332,2
2333,1
2334,56
2335,21
2336,2
2337,2
2338,1
2339,1
2340,38
2341,1
2342,1
2343,1
2344,68
2345,3
2346,3
2347,1
2348,1
2349,1
2350,11
2351,NA
2352,2
2353,2
2354,NA
2355,4
2356,3
2357,2
2358,2
2359,20
2360,16
2361,6
2362,4
2363,2
2364,2
2365,1
2366,1
2367,28
2368,1
2369,16
2370,1
2371,6
2372,3
2373,103
2374,13
2375,2
2376,3
2377,2
2378,1
2379,NA
2380,1
2381,2
2382,1
2383,2
2384,4
2385,4
2386,1
2387,1
2388,18
2389,8
2390,2
2391,3
2392,1
2393,1
2394,2
2395,2
2396,15
2397,31
2398,1
2399,8
2400,6
2401,1
2402,4
2403,1
2404,1
2405,10
2406,583
2407,1
2408,3
2409,1
2410,2
2411,4
2412,2
2413,5
2414,3
2415,6
2416,7
2417,143
2418,9
2419,NA
2420,1
2421,1
2422,55
2423,12
2424,1
2425,1
2426,2
2427,1
2428,5
2429,8
2430,1
2431,3
2432,1
2433,4
2434,2
2435,9
2436,2
2437,1
2438,2
2439,2
2440,1
2441,1
2442,3
2443,10
2444,5
2445,15
2446,2
2447,1
2448,2
2449,16
2450,7
2451,1
2452,1
2453,2
2454,4
2455,1
2456,2
2457,6
2458,17
2459,21
2460,1
2461,4
2462,26
2463,1
2464,6
2465,5
2466,5
2467,8
2468,1
2469,3
2470,4
2471,936
2472,7
2473,5
2474,1
2475,20
2476,2
2477,3
2478,24
2479,1
2480,3
2481,1
2482,1
2483,2
2484,5
2485,3
2486,28
2487,1
2488,19
2489,12
2490,7
2491,2
2492,1
2493,2
2494,2
2495,1
2496,1
2497,9
2498,5
2499,1
2500,6
2501,22
2502,1
2503,1
2504,1
2505,2
2506,2
2507,2
2508,295
2509,1
2510,1
2511,6
2512,2
2513,4
2514,6
2515,1
2516,3
2517,1
2518,1
2519,10
2520,1
2521,3
2522,3
2523,1
2524,3
2525,2
2526,5
2527,4
2528,5
2529,3
2530,1
2531,4
2532,5
2533,3
2534,11
2535,2
2536,195
2537,1
2538,9
2539,2
2540,4
2541,24
2542,2
2543,5
2544,8
2545,1
2546,1
2547,26
2548,1
2549,4
2550,1
2551,1
2552,23
2553,3
2554,1
2555,1
2556,1
2557,6
2558,10
2559,131
2560,2
2561,3
2562,8
2563,1
2564,7
2565,3
2566,2
2567,3
2568,17
2569,2
2570,2
2571,15
2572,2
2573,1
2574,1
2575,3
2576,1
2577,1
2578,2
2579,2
2580,2
2581,11
2582,5
2583,1
2584,4
2585,1
2586,5
2587,3
2588,15
2589,14
2590,1
2591,1
2592,6
2593,7
2594,1
2595,2
2596,1
2597,35
2598,1
2599,1
2600,10
2601,4
2602,1
2603,1
2604,7
2605,35
2606,2
2607,2
2608,1
2609,190
2610,1
2611,20
2612,3
2613,9
2614,1
2615,2
2616,2
2617,1
2618,2
2619,3
2620,5
2621,1
2622,7
2623,1
2624,6
2625,6
2626,3
2627,1
2628,6
2629,1
2630,4
2631,4
2632,1
2633,24
2634,22
2635,6
2636,1
2637,7
2638,9
2639,4
2640,15
2641,4
2642,5
2643,2
2644,2
2645,1
2646,1
2647,1
2648,13
2649,33
2650,144
2651,467
2652,1
2653,1
2654,1
2655,2
2656,5
2657,7
2658,2
2659,7
2660,2
2661,1
2662,3
2663,1
2664,1
2665,1
2666,1
2667,1
2668,1
2669,3
2670,15
2671,4
2672,1
2673,1
2674,1
2675,1
2676,8
2677,341
2678,3
2679,1
2680,2
2681,14
2682,2
2683,3
2684,1
2685,1
2686,1
2687,38
2688,8
2689,5
2690,1
2691,2
2692,3
2693,3
2694,3
2695,4
2696,3
2697,1
2698,1
2699,8
2700,2
2701,4
2702,3
2703,3
2704,3
2705,NA
2706,1
2707,1
2708,4
2709,4
2710,1
2711,3
2712,9
2713,5
2714,9
2715,1
2716,1
2717,1
2718,1
2719,1
2720,1
2721,1
2722,111
2723,11
2724,3
2725,70
2726,1
2727,1
2728,4
2729,3
2730,3
2731,3
2732,5
2733,2
2734,10
2735,38
2736,2
2737,2
2738,46
2739,4
2740,1
2741,3
2742,2
2743,10
2744,7
2745,5
2746,3
2747,4
2748,3
2749,1
2750,2
2751,1
2752,6
2753,1
2754,1
2755,2
2756,NA
2757,1
2758,7
2759,2
2760,1
2761,2
2762,44
2763,3
2764,22
2765,39
2766,2
2767,7
2768,3
2769,20
2770,4
2771,11
2772,2
2773,2
2774,43
2775,3
2776,3
2777,8
2778,2
2779,2
2780,25
2781,1
2782,1
2783,1
2784,5
2785,25
2786,9
2787,7
2788,1
2789,2
2790,5
2791,5
2792,1
2793,1
2794,1
2795,2
2796,15
2797,1
2798,1
2799,1
2800,2
2801,1
2802,2
2803,573
2804,41
2805,1
2806,126
2807,1
2808,1
2809,4
2810,3
2811,1
2812,5
2813,2
2814,65
2815,2
2816,1
2817,3
2818,1
2819,1
2820,62
2821,2
2822,71
2823,2
2824,2
2825,7
2826,7
2827,1
2828,9
2829,1
2830,6
2831,2
2832,1
2833,2
2834,2
2835,8
2836,6
2837,3
2838,3
2839,3
2840,3
2841,10
2842,1
2843,1
2844,1
2845,1
2846,3
2847,2
2848,17
2849,6
2850,1
2851,1
2852,20
2853,4
2854,4
2855,1
2856,1
2857,2
2858,630
2859,1
2860,1
2861,29
2862,1
2863,5
2864,6
2865,2
2866,39
2867,3
2868,53
2869,3
2870,319
2871,1
2872,27
2873,129
2874,1
2875,1
2876,2
2877,907
2878,2
2879,22
2880,10
2881,2
2882,1
2883,3
2884,1
2885,5
2886,1
2887,7
2888,2
2889,1
2890,2
2891,54
2892,1
2893,2
2894,29
2895,10
2896,6
2897,1
2898,3
2899,1
2900,16
2901,4
2902,1
2903,9
2904,2
2905,1
2906,1
2907,9
2908,2
2909,7
2910,9
2911,1
2912,12
2913,1
2914,3
2915,26
2916,4
2917,4
2918,1
2919,1
2920,1
2921,2
2922,6
2923,4
2924,1
2925,1
2926,1
2927,12
2928,9
2929,1
2930,108
2931,1
2932,2
2933,1
2934,2
2935,10
2936,1
2937,5
2938,1
2939,3
2940,6
2941,2
2942,2
2943,2
2944,1
2945,102
2946,1
2947,1
2948,2
2949,3
2950,1
2951,2
2952,1
2953,5
2954,1
2955,23
2956,2
2957,5
2958,1
2959,77
2960,1
2961,4
2962,1
2963,3
2964,1
2965,1
2966,60
2967,2
2968,2
2969,2
2970,2
2971,1
2972,64
2973,1
2974,11
2975,2
2976,2
2977,1
2978,19
2979,3
2980,26
2981,1
2982,2
2983,10
2984,11
2985,2
2986,1
2987,1
2988,3
2989,7
2990,1
2991,1
2992,1
2993,11
2994,1
2995,2
2996,14
2997,5
2998,1
2999,28
3000,13
3001,1
3002,17
3003,4
3004,5
3005,1
3006,1
3007,1
3008,4
3009,1
3010,6
3011,2
3012,5
3013,1
3014,1
3015,1
3016,9
3017,48
3018,3
3019,2
3020,5
3021,2
3022,3
3023,1
3024,1
3025,2
3026,1
3027,1
3028,2
3029,2
3030,27
3031,27
3032,31
3033,2
3034,64
3035,1
3036,2
3037,2
3038,36
3039,5
3040,1
3041,1
3042,5
3043,13
3044,3
3045,2
3046,3
3047,3
3048,1
3049,4
3050,1
3051,6
3052,1
3053,1
3054,330
3055,17
3056,9
3057,4
3058,2
3059,2
3060,3
3061,2
3062,6
3063,6
3064,1
3065,38
3066,2
3067,1
3068,38
3069,1
3070,2
3071,45
3072,2
3073,3
3074,3
3075,11
3076,5
3077,4
3078,1
3079,1
3080,1
3081,1
3082,24
3083,17
3084,5
3085,5
3086,2
3087,1
3088,3
3089,1
3090,2
3091,1
3092,2
3093,29
3094,3
3095,13
3096,2
3097,1
3098,1
3099,2
3100,1
3101,3
3102,2
3103,2
3104,601
3105,1
3106,1
3107,1
3108,1
3109,2
3110,2
3111,1
3112,2
3113,2
3114,1
3115,4
3116,1
3117,1
3118,40
3119,650
3120,1
3121,4
3122,2
3123,1
3124,1
3125,24
3126,4
3127,2
3128,2
3129,1
3130,2
3131,2
3132,7
3133,1
3134,1
3135,1
3136,4
3137,8
3138,8
3139,1
3140,2
3141,1
3142,1
3143,369
3144,302
3145,1
3146,9
3147,1
3148,1
3149,1
3150,1
3151,3
3152,1
3153,5
3154,NA
3155,101
3156,108
3157,2
3158,2
3159,3
3160,1
3161,1
3162,77
3163,1
3164,15
3165,7
3166,1
3167,1
3168,3
3169,1
3170,3
3171,2
3172,1
3173,51
3174,2
3175,3
3176,4
3177,8
3178,1
3179,1
3180,1
3181,8
3182,17
3183,5
3184,6
3185,1
3186,57
3187,34
3188,10
3189,29
3190,2
3191,15
3192,1
3193,5
3194,1
3195,2
3196,4
3197,1
3198,4
3199,17
3200,69
3201,1
3202,3
3203,4
3204,4
3205,1
3206,16
3207,1
3208,3
3209,3
3210,2
3211,1
3212,71
3213,1
3214,3
3215,1
3216,2
3217,4
3218,5
3219,13
3220,20
3221,230
3222,17
3223,1
3224,1
3225,1
3226,1
3227,2
3228,1
3229,2
3230,1
3231,3
3232,1
3233,1
3234,1
3235,1
3236,14
3237,4
3238,21
3239,1
3240,5
3241,1
3242,3
3243,1
3244,1
3245,2
3246,5
3247,18
3248,1
3249,1
3250,1
3251,27
3252,2
3253,9
3254,3
3255,2
3256,2
3257,1
3258,1
3259,1
3260,55
3261,4
3262,1
3263,2
3264,29
3265,45
3266,1
3267,6
3268,3
3269,3
3270,1
3271,6
3272,2
3273,4
3274,1
3275,163
3276,1
3277,3
3278,1
3279,4
3280,1
3281,2
3282,2
3283,5
3284,152
3285,3
3286,4
3287,1
3288,1
3289,22
3290,3
3291,3
3292,16
3293,1
3294,2
3295,11
3296,1
3297,4
3298,1
3299,3
3300,1
3301,3
3302,1
3303,4
3304,2
3305,55
3306,4
3307,3
3308,29
3309,1
3310,1
3311,1
3312,1
3313,5
3314,3
3315,1
3316,37
3317,NA
3318,3
3319,3
3320,14
3321,2
3322,2
3323,12
3324,1
3325,1
3326,3
3327,1
3328,1
3329,NA
3330,29
3331,2
3332,1
3333,3
3334,6
3335,15
3336,NA
3337,1
3338,2
3339,2
3340,2
3341,4
3342,1
3343,11
3344,3
3345,16
3346,6
3347,2
3348,1
3349,1
3350,1
3351,1
3352,2
3353,3
3354,1
3355,1
3356,1
3357,115
3358,9
3359,4
3360,5
3361,6
3362,NA
3363,3
3364,10
3365,1
3366,1
3367,11
3368,181
3369,4
3370,1
3371,2
3372,4
3373,1
3374,4
3375,8
3376,7
3377,1
3378,1
3379,3
3380,6
3381,52
3382,28
3383,14
3384,1
3385,2
3386,13
3387,1
3388,1
3389,2
3390,1
3391,6
3392,1
3393,2
3394,1
3395,7
3396,2
3397,1
3398,8
3399,17
3400,1
3401,1
3402,1
3403,1
3404,1
3405,42
3406,2
3407,NA
3408,4
3409,6
3410,2
3411,4
3412,1
3413,3
3414,2
3415,2
3416,36
3417,2
3418,10
3419,1
3420,3
3421,5
3422,1
3423,1
3424,2
3425,3
3426,1
3427,4
3428,1
3429,2
3430,1
3431,34
3432,2
3433,3
3434,6
3435,2
3436,4
3437,2
3438,12
3439,5
3440,48
3441,3
3442,3
3443,2
3444,2
3445,5
3446,1
3447,1
3448,1
3449,1
3450,86
3451,2
3452,NA
3453,1
3454,1
3455,41
3456,1
3457,2
3458,1
3459,7
3460,1
3461,11
3462,22
3463,3
3464,2
3465,1
3466,1
3467,1
3468,172
3469,13
3470,2
3471,1
3472,1
3473,23
3474,3
3475,4
3476,3
3477,1
3478,1
3479,998
3480,68
3481,1
3482,2
3483,3
3484,2
3485,3
3486,1
3487,1
3488,6
3489,19
3490,1
3491,1
3492,8
3493,12
3494,1
3495,5
3496,1
3497,6
3498,1
3499,2
3500,1
3501,1
3502,3
3503,1
3504,2
3505,5
3506,27
3507,2
3508,1
3509,590
3510,68
3511,1
3512,3
3513,1
3514,1
3515,15
3516,1
3517,2
3518,4
3519,2
3520,3
3521,22
3522,45
3523,1
3524,3
3525,13
3526,2
3527,2
3528,2
3529,1
3530,NA
3531,8
3532,1
3533,6
3534,1
3535,1
3536,1
3537,1
3538,10
3539,3
3540,7
3541,4
3542,3
3543,2
3544,4
3545,44
3546,2
3547,1
3548,1
3549,1
3550,28
3551,6
3552,1
3553,14
3554,8
3555,1
3556,7
3557,1
3558,2
3559,1
3560,8
3561,2
3562,1
3563,1
3564,1
3565,4
3566,1
3567,11
3568,4
3569,11
3570,2
3571,1
3572,2
3573,10
3574,7
3575,1
3576,3
3577,14
3578,3
3579,10
3580,14
3581,1
3582,1
3583,4
3584,4
3585,1
3586,2
3587,2
3588,3
3589,1
3590,2
3591,3
3592,177
3593,10
3594,9
3595,6
3596,9
3597,1
3598,1
3599,8
3600,1
3601,5
3602,1
3603,5
3604,11
3605,2
3606,6
3607,6
3608,11
3609,2
3610,1
3611,3
3612,2
3613,1
3614,17
3615,40
3616,4
3617,2
3618,28
3619,3
3620,1
3621,6
3622,2
3623,2
3624,1
3625,1
3626,533
3627,15
3628,25
3629,4
3630,3
3631,5
3632,6
3633,1
3634,5
3635,2
3636,2
3637,10
3638,24
3639,1
3640,2
3641,3
3642,1
3643,26
3644,1
3645,2
3646,3
3647,NA
3648,1
3649,2
3650,53
3651,1
3652,1
3653,1
3654,3
3655,1
3656,1
3657,4
3658,287
3659,11
3660,5
3661,2
3662,1
3663,11
3664,17
3665,1
3666,2
3667,4
3668,3
3669,1
3670,1
3671,2
3672,2
3673,3
3674,4
3675,2
3676,1
3677,12
3678,2
3679,1
3680,4
3681,1
3682,2
3683,6
3684,3
3685,3
3686,66
3687,5
3688,1
3689,1
3690,3
3691,5
3692,3
3693,28
3694,1
3695,3
3696,1
3697,159
3698,1
3699,2
3700,1
3701,1
3702,2
3703,1
3704,3
3705,5
3706,1
3707,7
3708,2
3709,1
3710,4
3711,1
3712,1
3713,5
3714,2
3715,9
3716,4
3717,1
3718,17
3719,417
3720,9
3721,6
3722,2
3723,2
3724,56
3725,1
3726,2
3727,3
3728,3
3729,1
3730,1
3731,6
3732,1
3733,2
3734,10
3735,1
3736,7
3737,378
3738,2
3739,2
3740,3
3741,2
3742,8
3743,1
3744,3
3745,1
3746,1
3747,2
3748,2
3749,6
3750,1
3751,2
3752,1
3753,23
3754,1
3755,3
3756,30
3757,11
3758,837
3759,2
3760,1
3761,7
3762,NA
3763,1
3764,NA
3765,2
3766,1
3767,6
3768,1
3769,2
3770,5
3771,13
3772,3
3773,1
3774,3
3775,238
3776,6
3777,1
3778,5
3779,1
3780,1
3781,2
3782,3
3783,1
3784,1
3785,14
3786,1
3787,1
3788,2
3789,1
3790,22
3791,48
3792,2
3793,1
3794,2
3795,17
3796,2
3797,4
3798,1
3799,2
3800,1
3801,10
3802,2
3803,3
3804,1
3805,1
3806,1
3807,1
3808,5
3809,10
3810,1
3811,30
3812,117
3813,3
3814,38
3815,1
3816,2
3817,1
3818,1
3819,3
3820,1
3821,2
3822,1
3823,1
3824,1
3825,2
3826,174
3827,7
3828,1
3829,7
3830,6
3831,1
3832,2
3833,11
3834,2
3835,6
3836,33
3837,4
3838,1
3839,14
3840,3
3841,13
3842,2
3843,2
3844,2
3845,9
3846,1
3847,10
3848,3
3849,1
3850,5
3851,2
3852,1
3853,6
3854,3
3855,1
3856,2
3857,2
3858,59
3859,1
3860,1
3861,1
3862,5
3863,1
3864,2
3865,1
3866,6
3867,6
3868,1
3869,640
3870,2
3871,3
3872,48
3873,6
3874,1
3875,9
3876,2
3877,5
3878,14
3879,26
3880,20
3881,63
3882,4
3883,1
3884,29
3885,74
3886,1
3887,1
3888,4
3889,1
3890,16
3891,2
3892,4
3893,6
3894,1
3895,1
3896,1
3897,3
3898,38
3899,1
3900,1
3901,55
3902,2
3903,2
3904,1
3905,4
3906,4
3907,3
3908,6
3909,1
3910,6
3911,11
3912,2
3913,2
3914,23
3915,48
3916,1
3917,1
3918,8
3919,2
3920,3
3921,1
3922,2
3923,2
3924,3
3925,1
3926,3
3927,7
3928,1
3929,NA
3930,2
3931,30
3932,1
3933,7
3934,10
3935,82
3936,1
3937,1
3938,3
3939,3
3940,5
3941,1
3942,1
3943,1
3944,NA
3945,1
3946,5
3947,2
3948,9
3949,14
3950,4
3951,6
3952,3
3953,1
3954,1
3955,1
3956,83
3957,2
3958,2
3959,1
3960,2
3961,2
3962,3
3963,1
3964,43
3965,15
3966,16
3967,1
3968,20
3969,2
3970,2
3971,1
3972,1
3973,1
3974,33
3975,3
3976,1
3977,394
3978,1
3979,3
3980,1
3981,1
3982,1
3983,14
3984,1
3985,2
3986,4
3987,6
3988,5
3989,1
3990,10
3991,3
3992,3
3993,1
3994,7
3995,89
3996,2
3997,2
3998,1
3999,4
4000,1
4001,2
4002,3
4003,7
4004,1
4005,1
4006,9
4007,1
4008,1
4009,27
4010,69
4011,1
4012,12
4013,1
4014,8
4015,2
4016,3
4017,1
4018,9
4019,8
4020,10
4021,32
4022,2
4023,9
4024,2
4025,NA
4026,3
4027,3
4028,14
4029,11
4030,1
4031,1
4032,1
4033,1
4034,189
4035,2
4036,2
4037,2
4038,1
4039,4
4040,2
4041,24
4042,2
4043,12
4044,11
4045,20
4046,23
4047,2
4048,4
4049,1
4050,1
4051,1
4052,1
4053,3
4054,2
4055,3
4056,2
4057,44
4058,1
4059,1
4060,1
4061,NA
4062,1
4063,6
4064,5
4065,1
4066,57
4067,94
4068,7
4069,1
4070,1
4071,14
4072,3
4073,36
4074,10
4075,1
4076,1
4077,6
4078,57
4079,1
4080,2
4081,13
4082,14
4083,3
4084,3
4085,1
4086,4
4087,39
4088,45
4089,4
4090,1
4091,2
4092,5
4093,1
4094,1
4095,1
4096,1
4097,1
4098,22
4099,6
4100,18
4101,4
4102,1
4103,1
4104,1
4105,5
4106,30
4107,1
4108,3
4109,17
4110,1
4111,2
4112,1
4113,6
4114,4
4115,1
4116,1
4117,1
4118,5
4119,NA
4120,2
4121,1
4122,3
4123,3
4124,3
4125,1
4126,2
4127,3
4128,6
4129,1
4130,2
4131,1
4132,1
4133,165
4134,1
4135,77
4136,74
4137,5
4138,4
4139,247
4140,3
4141,1
4142,4
4143,1
4144,2
4145,6
4146,2
4147,9
4148,1
4149,6
4150,5
4151,1
4152,14
4153,1
4154,3
4155,970
4156,2
4157,1
4158,2
4159,2
4160,3
4161,1
4162,4
4163,8
4164,1
4165,12
4166,NA
4167,1
4168,2
4169,15
4170,1
4171,1
4172,2
4173,3
4174,1
4175,25
4176,5
4177,3
4178,3
4179,1
4180,1
4181,5
4182,4
4183,2
4184,4
4185,2
4186,1
4187,21
4188,NA
4189,5
4190,12
4191,2
4192,1
4193,NA
4194,5
4195,1
4196,7
4197,1
4198,1
4199,95
4200,1
4201,8
4202,1
4203,1
4204,6
4205,3
4206,8
4207,16
4208,926
4209,47
4210,14
4211,1
4212,3
4213,1
4214,1
4215,39
4216,5
4217,2
4218,2
4219,2
4220,1
4221,48
4222,1
4223,3
4224,2
4225,1
4226,5
4227,2
4228,1
4229,2
4230,4
4231,3
4232,75
4233,6
4234,7
4235,15
4236,4
4237,1
4238,1
4239,1
4240,1
4241,19
4242,1
4243,2
4244,3
4245,1
4246,114
4247,4
4248,4
4249,2
4250,NA
4251,9
4252,1
4253,6
4254,3
4255,2
4256,2
4257,1
4258,29
4259,1
4260,1
4261,2
4262,3
4263,1
4264,13
4265,4
4266,1
4267,1
4268,33
4269,7
4270,5
4271,5
4272,2
4273,5
4274,5
4275,3
4276,2
4277,1
4278,57
4279,8
4280,2
4281,1
4282,2
4283,2
4284,1
4285,1
4286,6
4287,7
4288,5
4289,86
4290,1
4291,35
4292,4
4293,1
4294,1
4295,6
4296,1
4297,2
4298,702
4299,1
4300,3
4301,1
4302,1
4303,1
4304,15
4305,15
4306,5
4307,2
4308,2
4309,4
4310,2
4311,2
4312,1
4313,27
4314,5
4315,3
4316,3
4317,1
4318,1
4319,10
4320,17
4321,3
4322,1
4323,4
4324,1
4325,5
4326,15
4327,1
4328,1
4329,2
4330,3
4331,NA
4332,36
4333,2
4334,90
4335,2
4336,3
4337,1
4338,4
4339,1
4340,1
4341,1
4342,7
4343,936
4344,1
4345,1
4346,1
4347,4
4348,3
4349,1
4350,1
4351,NA
4352,23
4353,5
4354,1
4355,13
4356,268
4357,5
4358,4
4359,1
4360,2
4361,3
4362,2
4363,1
4364,4
4365,1
4366,1
4367,33
4368,1
4369,1
4370,14
4371,1
4372,1
4373,4
4374,2
4375,2
4376,1
4377,2
4378,2
4379,2
4380,13
4381,2
4382,4
4383,7
4384,10
4385,1
4386,3
4387,1
4388,6
4389,2
4390,1
4391,278
4392,1
4393,1
4394,6
4395,1
4396,13
4397,170
4398,2
4399,18
4400,1
4401,13
4402,1
4403,448
4404,2
4405,39
4406,2
4407,1
4408,8
4409,1
4410,1
4411,5
4412,6
4413,4
4414,4
4415,8
4416,1
4417,10
4418,1
4419,2
4420,2
4421,109
4422,1
4423,3
4424,3
4425,2
4426,11
4427,2
4428,2
4429,12
4430,4
4431,2
4432,6
4433,21
4434,9
4435,8
4436,2
4437,1
4438,8
4439,1
4440,1
4441,5
4442,2
4443,2
4444,11
4445,7
4446,16
4447,1
4448,1
4449,2
4450,2
4451,15
4452,18
4453,1
4454,NA
4455,2
4456,13
4457,1
4458,7
4459,2
4460,3
4461,1
4462,2
4463,4
4464,4
4465,1
4466,1
4467,41
4468,59
4469,2
4470,7
4471,1
4472,1
4473,5
4474,4
4475,1
4476,1
4477,3
4478,2
4479,5
4480,12
4481,2
4482,1
4483,32
4484,1
4485,2
4486,1
4487,3
4488,1
4489,5
4490,44
4491,3
4492,1
4493,10
4494,1
4495,1
4496,39
4497,2
4498,91
4499,8
4500,2
4501,8
4502,3
4503,2
4504,1
4505,21
4506,1
4507,10
4508,4
4509,1
4510,1
4511,3
4512,108
4513,12
4514,2
4515,1
4516,6
4517,1
4518,33
4519,2
4520,1
4521,1
4522,5
4523,3
4524,1
4525,4
4526,1
4527,1
4528,1
4529,3
4530,2
4531,1
4532,297
4533,2
4534,3
4535,1
4536,15
4537,1
4538,4
4539,1
4540,2
4541,53
4542,7
4543,15
4544,58
4545,6
4546,2
4547,6
4548,4
4549,1
4550,3
4551,5
4552,1
4553,7
4554,1
4555,6
4556,1
4557,2
4558,1
4559,2
4560,1
4561,2
4562,2
4563,1
4564,3
4565,3
4566,2
4567,1
4568,42
4569,1
4570,1
4571,1
4572,1
4573,10
4574,1
4575,78
4576,2
4577,3
4578,3
4579,2
4580,1
4581,355
4582,1
4583,1
4584,5
4585,2
4586,36
4587,1
4588,6
4589,1
4590,1
4591,1
4592,15
4593,10
4594,31
4595,3
4596,1
4597,2
4598,2
4599,1
4600,1
4601,1
4602,3
4603,3
4604,6
4605,1
4606,2
4607,7
4608,3
4609,1
4610,37
4611,1
4612,33
4613,3
4614,43
4615,2
4616,220
4617,15
4618,4
4619,1
4620,4
4621,1
4622,6
4623,12
4624,3
4625,2
4626,2
4627,5
4628,13
4629,1
4630,1
4631,45
4632,2
4633,6
4634,1
4635,1
4636,2
4637,12
4638,1
4639,3
4640,321
4641,1
4642,1
4643,2
4644,1
4645,4
4646,100
4647,4
4648,2
4649,18
4650,9
4651,1
4652,7
4653,2
4654,1
4655,3
4656,1
4657,2
4658,5
4659,6
4660,17
4661,8
4662,124
4663,3
4664,1
4665,3
4666,23
4667,2
4668,1
4669,1
4670,1
4671,2
4672,4
4673,1
4674,63
4675,1
4676,2
4677,9
4678,6
4679,7
4680,4
4681,872
4682,6
4683,2
4684,1
4685,11
4686,4
4687,2
4688,1
4689,2
4690,2
4691,1
4692,19
4693,1
4694,300
4695,1
4696,1
4697,1
4698,2
4699,1
4700,10
4701,4
4702,10
4703,105
4704,1
4705,3
4706,1
4707,109
4708,2
4709,10
4710,26
4711,6
4712,14
4713,7
4714,1
4715,1
4716,10
4717,14
4718,6
4719,1
4720,9
4721,3
4722,7
4723,1
4724,2
4725,5
4726,1
4727,13
4728,4
4729,1
4730,408
4731,1
4732,1
4733,1
4734,2
4735,1
4736,19
4737,3
4738,5
4739,24
4740,1
4741,1
4742,1
4743,1
4744,1
4745,9
4746,1
4747,9
4748,2
4749,2
4750,2
4751,4
4752,1
4753,1
4754,1
4755,1
4756,1
4757,17
4758,6
4759,1
4760,554
4761,1
4762,1
4763,4
4764,3
4765,4
4766,6
4767,1
4768,2
4769,2
4770,2
4771,2
4772,1
4773,32
4774,2
4775,2
4776,3
4777,28
4778,1
4779,9
4780,11
4781,31
4782,2
4783,1
4784,6
4785,4
4786,1
4787,1
4788,1
4789,51
4790,1
4791,6
4792,2
4793,3
4794,3
4795,3
4796,5
4797,2
4798,3
4799,1
4800,64
4801,4
4802,30
4803,1
4804,4
4805,2
4806,1
4807,1
4808,3
4809,1
4810,5
4811,3
4812,11
4813,1
4814,1
4815,19
4816,1
4817,1
4818,1
4819,4
4820,6
4821,7
4822,1
4823,4
4824,1
4825,1
4826,30
4827,1
4828,6
4829,2
4830,10
4831,1
4832,8
4833,2
4834,15
4835,9
4836,12
4837,20
4838,9
4839,1
4840,5
4841,10
4842,9
4843,4
4844,1
4845,1
4846,2
4847,48
4848,2
4849,22
4850,1
4851,9
4852,1
4853,4
4854,2
4855,4
4856,2
4857,1
4858,1
4859,2
4860,1
4861,3
4862,4
4863,9
4864,1
4865,2
4866,4
4867,12
4868,2
4869,5
4870,13
4871,1
4872,1
4873,8
4874,9
4875,8
4876,1
4877,1
4878,1
4879,2
4880,66
4881,40
4882,3
4883,29
4884,3
4885,1
4886,4
4887,11
4888,4
4889,1
4890,26
4891,1
4892,3
4893,3
4894,8
4895,1
4896,2
4897,1
4898,1
4899,5
4900,NA
4901,9
4902,1
4903,2
4904,4
4905,2
4906,16
4907,70
4908,1
4909,1
4910,2
4911,1
4912,5
4913,NA
4914,19
4915,5
4916,3
4917,3
4918,5
4919,8
4920,2
4921,2
4922,1
4923,1
4924,1
4925,7
4926,1
4927,7
4928,3
4929,2
4930,60
4931,1
4932,2
4933,1
4934,1
4935,1
4936,3
4937,14
4938,3
4939,1
4940,7
4941,3
4942,2
4943,1
4944,3
4945,2
4946,2
4947,5
4948,1
4949,2
4950,1
4951,5
4952,1
4953,1
4954,3
4955,6
4956,4
4957,2
4958,2
4959,1
4960,1
4961,1
4962,1
4963,1
4964,2
4965,3
4966,1
4967,1
4968,8
4969,5
4970,700
4971,8
4972,36
4973,23
4974,1
4975,3
4976,1
4977,2
4978,1
4979,1
4980,3
4981,1
4982,6
4983,1
4984,2
4985,11
4986,2
4987,2
4988,1
4989,160
4990,1
4991,2
4992,38
4993,3
4994,2
4995,14
4996,4
4997,18
4998,6
4999,1
5000,20
5001,2
5002,3
5003,5
5004,1
5005,1
5006,501
5007,4
5008,1
5009,12
5010,11
5011,1
5012,2
5013,2
5014,1
5015,1
5016,1
5017,6
5018,3
5019,8
5020,1
5021,4
5022,9
5023,2
5024,4
5025,1
5026,44
5027,2
5028,15
5029,18
5030,205
5031,4
5032,4
5033,1
5034,1
5035,19
5036,6
5037,9
5038,1
5039,1
5040,39
5041,3
5042,6
5043,1
5044,1
5045,5
5046,10
5047,5
5048,1
5049,2
5050,1
5051,4
5052,1
5053,1
5054,3
5055,19
5056,1
5057,2
5058,8
5059,4
5060,9
5061,1
5062,18
5063,2
5064,4
5065,1
5066,89
5067,2
5068,5
5069,1
5070,6
5071,1
5072,3
5073,1
5074,2
5075,20
5076,1
5077,6
5078,22
5079,2
5080,2
5081,3
5082,1
5083,1
5084,80
5085,1
5086,2
5087,6
5088,7
5089,10
5090,2
5091,53
5092,1
5093,19
5094,2
5095,13
5096,1
5097,3
5098,11
5099,14
5100,3
5101,30
5102,1
5103,1
5104,1
5105,1
5106,1
5107,2
5108,6
5109,2
5110,20
5111,287
5112,12
5113,20
5114,4
5115,1
5116,4
5117,5
5118,3
5119,1
5120,5
5121,1
5122,1
5123,7
5124,1
5125,2
5126,2
5127,3
5128,1
5129,1
5130,1
5131,1
5132,1
5133,1
5134,3
5135,2
5136,13
5137,2
5138,5
5139,1
5140,10
5141,6
5142,22
5143,6
5144,12
5145,NA
5146,2
5147,1
5148,2
5149,3
5150,1
5151,24
5152,3
5153,2
5154,1
5155,1
5156,4
5157,2
5158,2
5159,6
5160,2
5161,1
5162,105
5163,1
5164,1
5165,2
5166,3
5167,3
5168,1
5169,NA
5170,1
5171,2
5172,4
5173,5
5174,4
5175,5
5176,2
5177,331
5178,7
5179,8
5180,3
5181,2
5182,1
5183,1
5184,14
5185,1
5186,1
5187,24
5188,1
5189,5
5190,2
5191,1
5192,44
5193,2
5194,1
5195,21
5196,17
5197,1
5198,11
5199,15
5200,10
5201,1
5202,1
5203,2
5204,NA
5205,16
5206,5
5207,2
5208,4
5209,4
5210,32
5211,4
5212,5
5213,1
5214,4
5215,2
5216,3
5217,2
5218,14
5219,5
5220,1
5221,1
5222,30
5223,1
5224,2
5225,29
5226,2
5227,3
5228,2
5229,1
5230,2
5231,NA
5232,10
5233,4
5234,14
5235,149
5236,1
5237,2
5238,38
5239,2
5240,1
5241,2
5242,1
5243,3
5244,2
5245,2
5246,17
5247,4
5248,9
5249,1
5250,1
5251,25
5252,143
5253,1
5254,1
5255,2
5256,4
5257,22
5258,10
5259,76
5260,6
5261,3
5262,6
5263,1
5264,1
5265,1
5266,65
5267,3
5268,21
5269,3
5270,2
5271,3
5272,9
5273,5
5274,1
5275,9
5276,18
5277,2
5278,8
5279,3
5280,4
5281,2
5282,4
5283,3
5284,3
5285,9
5286,1
5287,1
5288,2
5289,1
5290,3
5291,1
5292,1
5293,1
5294,1
5295,2
5296,2
5297,5
5298,2
5299,2
5300,1
5301,1
5302,1
5303,1
5304,1
5305,8
5306,42
5307,1
5308,1
5309,2
5310,20
5311,6
5312,4
5313,2
5314,1
5315,15
5316,1
5317,2
5318,1
5319,4
5320,1
5321,7
5322,18
5323,1
5324,53
5325,1
5326,40
5327,1
5328,43
5329,5
5330,1
5331,1
5332,4
5333,2
5334,7
5335,2
5336,256
5337,4
5338,1
5339,1
5340,2
5341,2
5342,6
5343,2
5344,3
5345,1
5346,6
5347,1
5348,NA
5349,3
5350,1
5351,2
5352,1
5353,2
5354,5
5355,2
5356,3
5357,4
5358,3
5359,15
5360,2
5361,2
5362,1
5363,35
5364,1
5365,4
5366,1
5367,6
5368,1
5369,159
5370,1
5371,1
5372,16
5373,8
5374,2
5375,82
5376,8
5377,2
5378,23
5379,1
5380,3
5381,14
5382,2
5383,1
5384,1
5385,19
5386,1
5387,3
5388,2
5389,1
5390,2
5391,1
5392,4
5393,7
5394,1
5395,5
5396,11
5397,726
5398,4
5399,4
5400,2
5401,1
5402,1
5403,5
5404,1
5405,2
5406,7
5407,2
5408,10
5409,4
5410,6
5411,1
5412,15
5413,6
5414,48
5415,2
5416,8
5417,1
5418,2
5419,10
5420,3
5421,8
5422,1
5423,17
5424,1
5425,1
5426,2
5427,3
5428,2
5429,NA
5430,2
5431,5
5432,3
5433,1
5434,2
5435,4
5436,5
5437,1
5438,30
5439,2
5440,6
5441,2
5442,4
5443,1
5444,13
5445,8
5446,1
5447,3
5448,360
5449,2
5450,5
5451,6
5452,15
5453,7
5454,72
5455,17
5456,18
5457,1
5458,1
5459,2
5460,2
5461,1
5462,1
5463,5
5464,2
5465,4
5466,1
5467,7
5468,2
5469,10
5470,9
5471,1
5472,1
5473,1
5474,1
5475,15
5476,1
5477,8
5478,6
5479,18
5480,1
5481,2
5482,3
5483,12
5484,7
5485,1
5486,2
5487,5
5488,2
5489,2
5490,1
5491,4
5492,1
5493,140
5494,1
5495,9
5496,20
5497,5
5498,1
5499,4
5500,1
5501,6
5502,1
5503,2
5504,2
5505,1
5506,4
5507,2
5508,19
5509,1
5510,18
5511,1
5512,4
5513,200
5514,4
5515,1
5516,4
5517,47
5518,10
5519,4
5520,1
5521,1
5522,14
5523,1
5524,18
5525,4
5526,3
5527,1
5528,1
5529,1
5530,3
5531,2
5532,2
5533,6
5534,1
5535,6
5536,2
5537,1
5538,3
5539,16
5540,NA
5541,2
5542,6
5543,32
5544,1
5545,2
5546,4
5547,2
5548,3
5549,2
5550,19
5551,2
5552,68
5553,1
5554,1
5555,4
5556,4
5557,1
5558,6
5559,6
5560,9
5561,1
5562,2
5563,3
5564,3
5565,1
5566,1
5567,3
5568,1
5569,31
5570,1
5571,1
5572,2
5573,3
5574,3
5575,2
5576,9
5577,1
5578,932
5579,11
5580,4
5581,1
5582,3
5583,6
5584,2
5585,9
5586,1
5587,6
5588,1
5589,1
5590,1
5591,1
5592,1
5593,3
5594,NA
5595,6
5596,5
5597,31
5598,1
5599,2
5600,3
5601,4
5602,42
5603,3
5604,1
5605,1
5606,1
5607,2
5608,NA
5609,NA
5610,8
5611,1
5612,6
5613,1
5614,1
5615,5
5616,1
5617,1
5618,3
5619,1
5620,1
5621,2
5622,1
5623,1
5624,2
5625,14
5626,3
5627,1
5628,1
5629,7
5630,15
5631,4
5632,1
5633,1
5634,16
5635,2
5636,1
5637,4
5638,2
5639,2
5640,2
5641,19
5642,202
5643,281
5644,3
5645,3
5646,2
5647,7
5648,39
5649,1
5650,8
5651,2
5652,4
5653,7
5654,1
5655,1
5656,1
5657,3
5658,1
5659,2
5660,2
5661,5
5662,2
5663,1
5664,51
5665,11
5666,353
5667,19
5668,2
5669,4
5670,3
5671,1
5672,1
5673,4
5674,1
5675,6
5676,20
5677,2
5678,14
5679,5
5680,5
5681,6
5682,11
5683,1
5684,2
5685,1
5686,2
5687,1
5688,4
5689,141
5690,16
5691,4
5692,1
5693,5
5694,1
5695,8
5696,2
5697,6
5698,3
5699,4
5700,9
5701,1
5702,282
5703,3
5704,1
5705,1
5706,18
5707,1
5708,1
5709,2
5710,16
5711,5
5712,3
5713,1
5714,1
5715,1
5716,5
5717,4
5718,1
5719,1
5720,3
5721,1
5722,6
5723,2
5724,1
5725,3
5726,4
5727,3
5728,14
5729,3
5730,1
5731,2
5732,2
5733,1
5734,1
5735,4
5736,53
5737,4
5738,11
5739,2
5740,4
5741,34
5742,4
5743,7
5744,4
5745,7
5746,1
5747,32
5748,1
5749,1
5750,385
5751,2
5752,2
5753,6
5754,8
5755,1
5756,2
5757,1
5758,1
5759,5
5760,3
5761,3
5762,3
5763,2
5764,2
5765,9
5766,1
5767,17
5768,1
5769,1
5770,1
5771,3
5772,3
5773,3
5774,9
5775,1
5776,1
5777,8
5778,1
5779,1
5780,1
5781,1
5782,7
5783,774
5784,5
5785,1
5786,1
5787,1
5788,4
5789,1
5790,16
5791,2
5792,2
5793,2
5794,2
5795,1
5796,4
5797,9
5798,NA
5799,21
5800,4
5801,8
5802,6
5803,67
5804,1
5805,5
5806,16
5807,1
5808,1
5809,1
5810,3
5811,2
5812,60
5813,1
5814,1
5815,2
5816,478
5817,1
5818,1
5819,5
5820,1
5821,1
5822,2
5823,2
5824,5
5825,105
5826,1
5827,7
5828,81
5829,2
5830,39
5831,1
5832,1
5833,1
5834,3
5835,7
5836,2
5837,27
5838,5
5839,3
5840,14
5841,4
5842,2
5843,1
5844,1
5845,4
5846,9
5847,1
5848,627
5849,2
5850,301
5851,7
5852,1
5853,1
5854,1
5855,3
5856,3
5857,NA
5858,22
5859,8
5860,2
5861,9
5862,1
5863,1
5864,3
5865,1
5866,1
5867,1
5868,11
5869,4
5870,66
5871,5
5872,1
5873,2
5874,3
5875,1
5876,4
5877,8
5878,3
5879,1
5880,10
5881,6
5882,122
5883,5
5884,14
5885,5
5886,89
5887,3
5888,1
5889,2
5890,5
5891,44
5892,13
5893,2
5894,NA
5895,1
5896,3
5897,1
5898,3
5899,3
5900,18
5901,1
5902,1
5903,1
5904,64
5905,5
5906,6
5907,16
5908,10
5909,5
5910,1
5911,5
5912,1
5913,1
5914,1
5915,3
5916,4
5917,8
5918,15
5919,1
5920,6
5921,1
5922,2
5923,1
5924,10
5925,36
5926,2
5927,3
5928,4
5929,1
5930,2
5931,1
5932,2
5933,6
5934,1
5935,2
5936,8
5937,3
5938,1
5939,1
5940,1
5941,2
5942,1
5943,1
5944,2
5945,3
5946,7
5947,1
5948,70
5949,25
5950,1
5951,3
5952,15
5953,NA
5954,56
5955,1
5956,1
5957,7
5958,15
5959,4
5960,1
5961,1
5962,5
5963,3
5964,15
5965,22
5966,26
5967,1
5968,5
5969,708
5970,2
5971,3
5972,2
5973,305
5974,1
5975,NA
5976,1
5977,1
5978,1
5979,2
5980,1
5981,215
5982,3
5983,1
5984,1
5985,3
5986,8
5987,1
5988,1
5989,1
5990,2
5991,5
5992,5
5993,1
5994,7
5995,1
5996,1
5997,1
5998,4
5999,18
6000,1
6001,12
6002,1
6003,13
6004,4
6005,7
6006,1
6007,3
6008,3
6009,2
6010,3
6011,19
6012,4
6013,3
6014,4
6015,6
6016,1
6017,99
6018,2
6019,1
6020,4
6021,1
6022,3
6023,7
6024,7
6025,7
6026,2
6027,1
6028,3
6029,1
6030,1
6031,3
6032,4
6033,1
6034,11
6035,2
6036,2
6037,26
6038,2
6039,3
6040,2
6041,34
6042,4
6043,4
6044,6
6045,2
6046,1
6047,14
6048,2
6049,1
6050,3
6051,3
6052,33
6053,101
6054,1
6055,3
6056,1
6057,1
6058,3
6059,549
6060,11
6061,1
6062,3
6063,3
6064,1
6065,4
6066,4
6067,97
6068,1
6069,4
6070,61
6071,6
6072,4
6073,3
6074,46
6075,1
6076,2
6077,18
6078,6
6079,2
6080,2
6081,4
6082,3
6083,1
6084,8
6085,4
6086,1
6087,1
6088,1
6089,891
6090,1
6091,13
6092,8
6093,3
6094,3
6095,1
6096,3
6097,11
6098,3
6099,1
6100,1
6101,1
6102,2
6103,3
6104,1
6105,1
6106,1
6107,14
6108,4
6109,3
6110,1
6111,12
6112,7
6113,3
6114,3
6115,2
6116,9
6117,1
6118,5
6119,2
6120,1
6121,1
6122,9
6123,7
6124,4
6125,14
6126,4
6127,2
6128,11
6129,100
6130,1
6131,10
6132,1
6133,NA
6134,2
6135,3
6136,1
6137,1
6138,1
6139,1
6140,1
6141,6
6142,14
6143,2
6144,1
6145,3
6146,2
6147,13
6148,7
6149,1
6150,3
6151,1
6152,2
6153,4
6154,4
6155,1
6156,1
6157,2
6158,1
6159,8
6160,3
6161,5
6162,15
6163,1
6164,1
6165,2
6166,1
6167,NA
6168,2
6169,1
6170,2
6171,4
6172,5
6173,1
6174,6
6175,1
6176,21
6177,1
6178,8
6179,2
6180,3
6181,21
6182,1
6183,2
6184,5
6185,73
6186,2
6187,10
6188,2
6189,7
6190,34
6191,4
6192,47
6193,2
6194,637
6195,1
6196,4
6197,3
6198,1
6199,1
6200,1
6201,8
6202,1
6203,1
6204,5
6205,6
6206,8
6207,12
6208,1
6209,1
6210,9
6211,2
6212,7
6213,3
6214,1
6215,3
6216,23
6217,1
6218,NA
6219,3
6220,1
6221,39
6222,1
6223,8
6224,2
6225,1
6226,11
6227,2
6228,59
6229,4
6230,NA
6231,1
6232,4
6233,3
6234,3
6235,869
6236,19
6237,1
6238,6
6239,1
6240,1
6241,1
6242,8
6243,1
6244,2
6245,2
6246,90
6247,687
6248,76
6249,8
6250,1
6251,12
6252,1
6253,2
6254,20
6255,1
6256,2
6257,3
6258,2
6259,1
6260,5
6261,1
6262,1
6263,7
6264,16
6265,1
6266,3
6267,24
6268,1
6269,3
6270,2
6271,6
6272,1
6273,4
6274,2
6275,1
6276,6
6277,6
6278,2
6279,10
6280,1
6281,2
6282,2
6283,1
6284,3
6285,6
6286,4
6287,2
6288,3
6289,2
6290,1
6291,1
6292,1
6293,1
6294,1
6295,1
6296,2
6297,2
6298,125
6299,1
6300,52
6301,4
6302,1
6303,2
6304,1
6305,68
6306,1
6307,2
6308,5
6309,1
6310,2
6311,852
6312,1
6313,2
6314,2
6315,2
6316,1
6317,1
6318,11
6319,4
6320,10
6321,5
6322,9
6323,3
6324,2
6325,5
6326,1
6327,3
6328,1
6329,3
6330,214
6331,1
6332,5
6333,10
6334,19
6335,2
6336,3
6337,1
6338,25
6339,1
6340,20
6341,6
6342,1
6343,6
6344,22
6345,1
6346,2
6347,15
6348,2
6349,8
6350,3
6351,2
6352,1
6353,7
6354,3
6355,5
6356,3
6357,9
6358,5
6359,5
6360,5
6361,1
6362,4
6363,3
6364,2
6365,1
6366,3
6367,1
6368,713
6369,3
6370,1
6371,83
6372,1
6373,1
6374,1
6375,16
6376,7
6377,2
6378,1
6379,3
6380,1
6381,5
6382,29
6383,22
6384,1
6385,1
6386,6
6387,8
6388,10
6389,1
6390,3
6391,2
6392,7
6393,1
6394,37
6395,2
6396,3
6397,1
6398,1
6399,4
6400,10
6401,99
6402,1
6403,2
6404,164
6405,1
6406,1
6407,1
6408,1
6409,1
6410,NA
6411,15
6412,9
6413,24
6414,2
6415,1
6416,7
6417,6
6418,1
6419,9
6420,3
6421,2
6422,2
6423,8
6424,1
6425,2
6426,1
6427,32
6428,4
6429,3
6430,1
6431,18
6432,3
6433,1
6434,26
6435,1
6436,3
6437,1
6438,4
6439,1
6440,3
6441,2
6442,3
6443,2
6444,5
6445,2
6446,1
6447,7
6448,1
6449,81
6450,2
6451,6
6452,10
6453,11
6454,4
6455,1
6456,1
6457,11
6458,12
6459,1
6460,1
6461,13
6462,256
6463,44
6464,1
6465,2
6466,3
6467,3
6468,5
6469,1
6470,1
6471,32
6472,80
6473,159
6474,1
6475,3
6476,53
6477,14
6478,1
6479,4
6480,1
6481,1
6482,1
6483,55
6484,6
6485,6
6486,1
6487,2
6488,5
6489,1
6490,10
6491,3
6492,3
6493,3
6494,6
6495,2
6496,1
6497,1
6498,3
6499,1
6500,1
6501,9
6502,28
6503,6
6504,2
6505,3
6506,2
6507,1
6508,30
6509,4
6510,1
6511,2
6512,2
6513,4
6514,3
6515,1
6516,2
6517,5
6518,NA
6519,27
6520,2
6521,6
6522,2
6523,1
6524,2
6525,50
6526,1
6527,1
6528,4
6529,5
6530,NA
6531,19
6532,1
6533,122
6534,1
6535,2
6536,3
6537,2
6538,1
6539,101
6540,4
6541,1
6542,28
6543,2
6544,2
6545,1
6546,3
6547,5
6548,56
6549,4
6550,1
6551,1
6552,2
6553,13
6554,7
6555,3
6556,1
6557,24
6558,15
6559,16
6560,1
6561,1
6562,1
6563,1
6564,5
6565,3
6566,132
6567,1
6568,7
6569,1
6570,2
6571,32
6572,3
6573,1
6574,1
6575,3
6576,3
6577,2
6578,1
6579,1
6580,5
6581,1
6582,NA
6583,56
6584,5
6585,1
6586,5
6587,34
6588,16
6589,4
6590,7
6591,4
6592,1
6593,2
6594,1
6595,7
6596,8
6597,2
6598,1
6599,393
6600,8
6601,6
6602,39
6603,7
6604,2
6605,4
6606,1
6607,1
6608,4
6609,3
6610,2
6611,2
6612,1
6613,1
6614,2
6615,7
6616,6
6617,117
6618,1
6619,3
6620,2
6621,2
6622,7
6623,1
6624,8
6625,2
6626,16
6627,1
6628,22
6629,2
6630,7
6631,1
6632,1
6633,1
6634,1
6635,111
6636,1
6637,1
6638,2
6639,2
6640,1
6641,53
6642,1
6643,1
6644,1
6645,1
6646,3
6647,17
6648,14
6649,4
6650,1
6651,20
6652,3
6653,3
6654,1
6655,2
6656,54
6657,5
6658,1
6659,1
6660,1
6661,2
6662,250
6663,2
6664,2
6665,591
6666,12
6667,4
6668,11
6669,1
6670,3
6671,1
6672,7
6673,7
6674,24
6675,20
6676,2
6677,1
6678,3
6679,1
6680,105
6681,1
6682,2
6683,9
6684,1
6685,5
6686,1
6687,12
6688,6
6689,6
6690,129
6691,1
6692,2
6693,2
6694,1
6695,1
6696,3
6697,3
6698,6
6699,5
6700,279
6701,56
6702,1
6703,22
6704,2
6705,1
6706,46
6707,435
6708,1
6709,1
6710,2
6711,3
6712,1
6713,8
6714,2
6715,2
6716,1
6717,12
6718,127
6719,3
6720,2
6721,1
6722,37
6723,8
6724,3
6725,7
6726,2
6727,1
6728,20
6729,4
6730,1
6731,1
6732,1
6733,2
6734,1
6735,1
6736,1
6737,2
6738,1
6739,3
6740,34
6741,1
6742,4
6743,NA
6744,135
6745,1
6746,770
6747,2
6748,3
6749,1
6750,22
6751,5
6752,6
6753,1
6754,9
6755,12
6756,1
6757,3
6758,28
6759,7
6760,1
6761,3
6762,2
6763,1
6764,3
6765,82
6766,2
6767,1
6768,1
6769,2
6770,3
6771,1
6772,2
6773,3
6774,13
6775,492
6776,65
6777,1
6778,3
6779,4
6780,66
6781,1
6782,2
6783,1
6784,2
6785,2
6786,186
6787,1
6788,4
6789,5
6790,1
6791,11
6792,1
6793,1
6794,1
6795,3
6796,1
6797,1
6798,2
6799,2
6800,11
6801,5
6802,2
6803,49
6804,6
6805,1
6806,27
6807,1
6808,4
6809,3
6810,1
6811,685
6812,5
6813,1
6814,1
6815,1
6816,15
6817,2
6818,5
6819,8
6820,2
6821,1
6822,6
6823,2
6824,1
6825,19
6826,1
6827,20
6828,2
6829,9
6830,2
6831,1
6832,1
6833,1
6834,3
6835,1
6836,5
6837,2
6838,95
6839,8
6840,1
6841,1
6842,3
6843,2
6844,1
6845,3
6846,1
6847,2
6848,1
6849,1
6850,14
6851,1
6852,7
6853,1
6854,6
6855,4
6856,2
6857,53
6858,1
6859,620
6860,3
6861,14
6862,1
6863,3
6864,3
6865,5
6866,1
6867,4
6868,1
6869,6
6870,609
6871,3
6872,89
6873,5
6874,1
6875,5
6876,3
6877,3
6878,4
6879,1
6880,9
6881,2
6882,3
6883,3
6884,1
6885,8
6886,1
6887,1
6888,10
6889,1
6890,9
6891,1
6892,1
6893,7
6894,3
6895,14
6896,1
6897,4
6898,1
6899,9
6900,2
6901,1
6902,1
6903,1
6904,1
6905,13
6906,5
6907,1
6908,2
6909,2
6910,11
6911,2
6912,8
6913,2
6914,6
6915,2
6916,64
6917,192
6918,2
6919,34
6920,2
6921,4
6922,1
6923,3
6924,5
6925,1
6926,21
6927,5
6928,171
6929,4
6930,1
6931,1
6932,3
6933,1
6934,2
6935,2
6936,2
6937,2
6938,4
6939,1
6940,8
6941,1
6942,1
6943,3
6944,3
6945,12
6946,1
6947,2
6948,5
6949,3
6950,21
6951,11
6952,1
6953,6
6954,1
6955,5
6956,7
6957,1
6958,4
6959,6
6960,3
6961,24
6962,3
6963,2
6964,1
6965,1
6966,68
6967,1
6968,1
6969,1
6970,2
6971,3
6972,2
6973,7
6974,1
6975,2
6976,1
6977,6
6978,2
6979,11
6980,2
6981,405
6982,4
6983,1
6984,2
6985,5
6986,36
6987,6
6988,1
6989,17
6990,384
6991,1
6992,1
6993,2
6994,2
6995,12
6996,2
6997,1
6998,3
6999,3
7000,1
7001,7
7002,5
7003,2
7004,97
7005,16
7006,1
7007,101
7008,3
7009,1
7010,1
7011,1
7012,16
7013,1
7014,1
7015,14
7016,12
7017,3
7018,1
7019,5
7020,100
7021,4
7022,1
7023,1
7024,2
7025,368
7026,2
7027,3
7028,1
7029,3
7030,4
7031,1
7032,2
7033,2
7034,9
7035,2
7036,2
7037,2
7038,2
7039,1
7040,1
7041,1
7042,23
7043,2
7044,2
7045,18
7046,82
7047,1
7048,75
7049,1
7050,51
7051,2
7052,3
7053,1
7054,4
7055,1
7056,2
7057,4
7058,6
7059,27
7060,1
7061,2
7062,1
7063,3
7064,754
7065,2
7066,1
7067,6
7068,1
7069,2
7070,3
7071,2
7072,1
7073,1
7074,1
7075,6
7076,13
7077,4
7078,1
7079,5
7080,2
7081,2
7082,1
7083,1
7084,3
7085,1
7086,4
7087,3
7088,2
7089,1
7090,6
7091,1
7092,3
7093,1
7094,1
7095,2
7096,2
7097,6
7098,17
7099,5
7100,1
7101,2
7102,1
7103,3
7104,1
7105,1
7106,9
7107,1
7108,1
7109,1
7110,1
7111,1
7112,1
7113,3
7114,373
7115,2
7116,3
7117,6
7118,19
7119,1
7120,1
7121,1
7122,38
7123,1
7124,5
7125,8
7126,2
7127,1
7128,1
7129,444
7130,76
7131,20
7132,9
7133,2
7134,5
7135,5
7136,2
7137,1
7138,1
7139,3
7140,1
7141,13
7142,2
7143,2
7144,8
7145,NA
7146,2
7147,14
7148,7
7149,1
7150,1
7151,9
7152,1
7153,3
7154,7
7155,4
7156,1
7157,153
7158,9
7159,1
7160,8
7161,1
7162,1
7163,5
7164,5
7165,5
7166,3
7167,1
7168,10
7169,2
7170,5
7171,1
7172,40
7173,4
7174,1
7175,3
7176,1
7177,3
7178,6
7179,2
7180,2
7181,2
7182,2
7183,11
7184,1
7185,5
7186,2
7187,3
7188,2
7189,1
7190,5
7191,3
7192,1
7193,112
7194,2
7195,7
7196,9
7197,1
7198,2
7199,32
7200,1
7201,13
7202,3
7203,3
7204,18
7205,2
7206,2
7207,19
7208,13
7209,1
7210,2
7211,7
7212,53
7213,2
7214,3
7215,1
7216,3
7217,2
7218,4
7219,7
7220,51
7221,1
7222,21
7223,2
7224,9
7225,3
7226,8
7227,2
7228,1
7229,1
7230,1
7231,1
7232,3
7233,10
7234,1
7235,4
7236,2
7237,1
7238,1
7239,1
7240,3
7241,3
7242,1
7243,6
7244,1
7245,1
7246,12
7247,1
7248,1
7249,1
7250,42
7251,1
7252,1
7253,2
7254,1
7255,39
7256,1
7257,28
7258,2
7259,3
7260,8
7261,1
7262,4
7263,6
7264,2
7265,6
7266,1
7267,2
7268,443
7269,10
7270,1
7271,1
7272,10
7273,6
7274,3
7275,10
7276,4
7277,2
7278,2
7279,2
7280,8
7281,49
7282,1
7283,1
7284,24
7285,2
7286,12
7287,8
7288,41
7289,11
7290,4
7291,3
7292,6
7293,16
7294,1
7295,14
7296,5
7297,8
7298,2
7299,1
7300,1
7301,12
7302,2
7303,1
7304,6
7305,1
7306,4
7307,1
7308,3
7309,1
7310,234
7311,11
7312,7
7313,5
7314,32
7315,2
7316,1
7317,18
7318,2
7319,1
7320,3
7321,26
7322,6
7323,4
7324,2
7325,NA
7326,1
7327,1
7328,3
7329,1
7330,1
7331,341
7332,9
7333,1
7334,2
7335,3
7336,2
7337,54
7338,3
7339,1
7340,5
7341,1
7342,2
7343,25
7344,1
7345,994
7346,16
7347,9
7348,1
7349,20
7350,6
7351,1
7352,512
7353,1
7354,4
7355,1
7356,3
7357,2
7358,24
7359,1
7360,3
7361,1
7362,3
7363,6
7364,1
7365,NA
7366,1
7367,24
7368,1
7369,6
7370,46
7371,3
7372,5
7373,4
7374,5
7375,1
7376,210
7377,1
7378,20
7379,38
7380,106
7381,6
7382,1
7383,1
7384,66
7385,20
7386,7
7387,1
7388,100
7389,22
7390,2
7391,3
7392,5
7393,1
7394,3
7395,2
7396,1
7397,1
7398,1
7399,1
7400,4
7401,5
7402,2
7403,3
7404,23
7405,9
7406,1
7407,4
7408,3
7409,1
7410,2
7411,20
7412,12
7413,1
7414,1
7415,64
7416,1
7417,2
7418,1
7419,16
7420,4
7421,2
7422,15
7423,1
7424,11
7425,3
7426,5
7427,1
7428,6
7429,1
7430,39
7431,4
7432,1
7433,7
7434,1
7435,1
7436,3
7437,3
7438,4
7439,14
7440,2
7441,22
7442,1
7443,2
7444,265
7445,10
7446,2
7447,9
7448,17
7449,4
7450,9
7451,1
7452,1
7453,2
7454,7
7455,8
7456,40
7457,2
7458,1
7459,2
7460,1
7461,3
7462,2
7463,1
7464,2
7465,16
7466,2
7467,8
7468,1
7469,25
7470,2
7471,13
7472,1
7473,3
7474,6
7475,2
7476,51
7477,4
7478,1
7479,4
7480,7
7481,7
7482,1
7483,4
7484,5
7485,2
7486,5
7487,2
7488,5
7489,1
7490,1
7491,4
7492,2
7493,20
7494,7
7495,2
7496,1
7497,1
7498,2
7499,18
7500,1
7501,12
7502,3
7503,2
7504,24
7505,8
7506,11
7507,1
7508,12
7509,10
7510,2
7511,2
7512,3
7513,2
7514,1
7515,1
7516,1
7517,61
7518,4
7519,2
7520,2
7521,3
7522,2
7523,2
7524,1
7525,7
7526,3
7527,56
7528,12
7529,8
7530,5
7531,5
7532,8
7533,23
7534,1
7535,4
7536,2
7537,1
7538,2
7539,6
7540,10
7541,4
7542,1
7543,23
7544,7
7545,3
7546,4
7547,3
7548,16
7549,3
7550,2
7551,6
7552,NA
7553,1
7554,4
7555,5
7556,203
7557,1
7558,2
7559,5
7560,2
7561,1
7562,36
7563,1
7564,7
7565,17
7566,1
7567,1
7568,2
7569,5
7570,13
7571,3
7572,1
7573,7
7574,2
7575,1
7576,2
7577,1
7578,NA
7579,1
7580,4
7581,46
7582,1
7583,896
7584,2
7585,4
7586,1
7587,5
7588,36
7589,1
7590,3
7591,9
7592,8
7593,4
7594,1
7595,1
7596,5
7597,2
7598,10
7599,33
7600,1
7601,2
7602,1
7603,9
7604,1
7605,2
7606,1
7607,7
7608,1
7609,2
7610,11
7611,1
7612,1
7613,20
7614,1
7615,1
7616,3
7617,1
7618,1
7619,12
7620,3
7621,7
7622,19
7623,6
7624,22
7625,1
7626,1
7627,4
7628,3
7629,16
7630,1
7631,58
7632,1
7633,1
7634,1
7635,4
7636,8
7637,5
7638,1
7639,2
7640,46
7641,8
7642,2
7643,3
7644,2
7645,1
7646,3
7647,3
7648,1
7649,2
7650,3
7651,1
7652,10
7653,8
7654,9
7655,2
7656,2
7657,1
7658,4
7659,2
7660,7
7661,1
7662,2
7663,7
7664,14
7665,4
7666,1
7667,1
7668,2
7669,306
7670,9
7671,1
7672,1
7673,5
7674,1
7675,2
7676,1
7677,6
7678,10
7679,22
7680,15
7681,11
7682,2
7683,1
7684,47
7685,1
7686,37
7687,2
7688,279
7689,4
7690,1
7691,NA
7692,2
7693,1
7694,1
7695,1
7696,1
7697,264
7698,18
7699,1
7700,2
7701,7
7702,1
7703,1
7704,1
7705,1
7706,1
7707,5
7708,22
7709,5
7710,3
7711,25
7712,1
7713,3
7714,2
7715,7
7716,1
7717,2
7718,18
7719,3
7720,4
7721,7
7722,1
7723,1
7724,4
7725,1
7726,3
7727,54
7728,1
7729,3
7730,34
7731,2
7732,4
7733,1
7734,1
7735,3
7736,NA
7737,2
7738,1
7739,134
7740,6
7741,4
7742,1
7743,4
7744,1
7745,2
7746,334
7747,79
7748,296
7749,3
7750,4
7751,3
7752,4
7753,2
7754,14
7755,2
7756,1
7757,4
7758,1
7759,1
7760,58
7761,4
7762,1
7763,149
7764,2
7765,1
7766,2
7767,5
7768,6
7769,1
7770,1
7771,1
7772,56
7773,71
7774,20
7775,7
7776,7
7777,3
7778,3
7779,130
7780,1
7781,6
7782,5
7783,2
7784,2
7785,7
7786,2
7787,27
7788,1
7789,1
7790,6
7791,1
7792,2
7793,1
7794,2
7795,1
7796,4
7797,1
7798,3
7799,2
7800,1
7801,1
7802,1
7803,1
7804,2
7805,4
7806,2
7807,4
7808,8
7809,1
7810,11
7811,NA
7812,1
7813,2
7814,7
7815,2
7816,1
7817,3
7818,2
7819,7
7820,1
7821,1
7822,21
7823,1
7824,1
7825,2
7826,2
7827,16
7828,2
7829,38
7830,13
7831,3
7832,1
7833,2
7834,20
7835,18
7836,1
7837,1
7838,1
7839,7
7840,8
7841,1
7842,2
7843,1
7844,2
7845,3
7846,1
7847,8
7848,3
7849,1
7850,1
7851,2
7852,1
7853,12
7854,9
7855,18
7856,1
7857,6
7858,1
7859,1
7860,5
7861,17
7862,5
7863,2
7864,22
7865,2
7866,1
7867,1
7868,1
7869,1
7870,4
7871,2
7872,5
7873,2
7874,31
7875,3
7876,1
7877,1
7878,1
7879,24
7880,15
7881,1
7882,2
7883,16
7884,9
7885,1
7886,1
7887,1
7888,1
7889,333
7890,1
7891,63
7892,8
7893,1
7894,1
7895,3
7896,2
7897,1
7898,17
7899,2
7900,8
7901,2
7902,1
7903,1
7904,4
7905,1
7906,2
7907,NA
7908,1
7909,6
7910,1
7911,1
7912,2
7913,4
7914,1
7915,1
7916,2
7917,2
7918,3
7919,1
7920,11
7921,3
7922,15
7923,1
7924,16
7925,9
7926,1
7927,1
7928,2
7929,7
7930,229
7931,1
7932,8
7933,5
7934,42
7935,2
7936,1
7937,2
7938,1
7939,9
7940,1
7941,1
7942,1
7943,3
7944,3
7945,3
7946,2
7947,3
7948,36
7949,1
7950,3
7951,109
7952,3
7953,2
7954,1
7955,578
7956,3
7957,9
7958,4
7959,2
7960,1
7961,359
7962,4
7963,4
7964,2
7965,1
7966,18
7967,1
7968,1
7969,1
7970,9
7971,756
7972,54
7973,1
7974,NA
7975,1
7976,1
7977,8
7978,3
7979,3
7980,2
7981,2
7982,1
7983,8
7984,1
7985,1
7986,3
7987,2
7988,8
7989,1
7990,26
7991,5
7992,4
7993,1
7994,NA
7995,9
7996,4
7997,8
7998,2
7999,3
8000,4
8001,26
8002,6
8003,NA
8004,1
8005,3
8006,9
8007,1
8008,1
8009,1
8010,1
8011,1
8012,1
8013,10
8014,5
8015,NA
8016,50
8017,1
8018,7
8019,3
8020,5
8021,220
8022,729
8023,163
8024,2
8025,184
8026,8
8027,4
8028,1
8029,9
8030,1
8031,9
8032,211
8033,3
8034,5
8035,19
8036,1
8037,1
8038,17
8039,3
8040,2
8041,1
8042,5
8043,1
8044,1
8045,NA
8046,2
8047,29
8048,1
8049,2
8050,1
8051,3
8052,2
8053,2
8054,1
8055,1
8056,3
8057,3
8058,1
8059,7
8060,2
8061,1
8062,7
8063,1
8064,2
8065,3
8066,6
8067,18
8068,1
8069,2
8070,2
8071,2
8072,5
8073,1
8074,3
8075,1
8076,5
8077,1
8078,2
8079,4
8080,9
8081,8
8082,4
8083,2
8084,4
8085,13
8086,2
8087,5
8088,1
8089,1
8090,1
8091,2
8092,1
8093,687
8094,2
8095,2
8096,105
8097,1
8098,11
8099,2
8100,320
8101,3
8102,6
8103,8
8104,88
8105,2
8106,31
8107,2
8108,1
8109,1
8110,110
8111,1
8112,1
8113,15
8114,2
8115,7
8116,180
8117,8
8118,2
8119,5
8120,1
8121,1
8122,1
8123,6
8124,10
8125,1
8126,92
8127,1
8128,6
8129,3
8130,12
8131,9
8132,2
8133,4
8134,3
8135,1
8136,2
8137,14
8138,1
8139,1
8140,3
8141,5
8142,6
8143,2
8144,1
8145,17
8146,1
8147,1
8148,2
8149,4
8150,11
8151,62
8152,19
8153,NA
8154,1
8155,1
8156,3
8157,1
8158,2
8159,NA
8160,1
8161,3
8162,8
8163,2
8164,1
8165,33
8166,4
8167,4
8168,30
8169,2
8170,13
8171,1
8172,1
8173,4
8174,7
8175,1
8176,1
8177,3
8178,1
8179,4
8180,8
8181,5
8182,20
8183,6
8184,1
8185,2
8186,8
8187,1
8188,1
8189,10
8190,19
8191,1
8192,3
8193,1
8194,2
8195,2
8196,2
8197,1
8198,5
8199,8
8200,6
8201,NA
8202,6
8203,12
8204,20
8205,4
8206,2
8207,1
8208,36
8209,1
8210,1
8211,4
8212,367
8213,12
8214,23
8215,271
8216,1
8217,7
8218,1
8219,16
8220,1
8221,4
8222,2
8223,1
8224,5
8225,2
8226,1
8227,2
8228,3
8229,1
8230,1
8231,8
8232,3
8233,1
8234,NA
8235,3
8236,10
8237,16
8238,8
8239,1
8240,18
8241,3
8242,3
8243,4
8244,1
8245,1
8246,1
8247,4
8248,2
8249,3
8250,242
8251,2
8252,1
8253,2
8254,1
8255,1
8256,1
8257,10
8258,3
8259,1
8260,12
8261,1
8262,2
8263,5
8264,6
8265,2
8266,1
8267,5
8268,5
8269,125
8270,4
8271,1
8272,3
8273,3
8274,20
8275,1
8276,2
8277,3
8278,5
8279,7
8280,67
8281,9
8282,1
8283,4
8284,1
8285,5
8286,4
8287,11
8288,1
8289,1
8290,1
8291,3
8292,56
8293,3
8294,5
8295,7
8296,8
8297,1
8298,17
8299,4
8300,51
8301,1
8302,4
8303,2
8304,32
8305,1
8306,NA
8307,1
8308,16
8309,1
8310,1
8311,2
8312,6
8313,3
8314,1
8315,1
8316,3
8317,8
8318,1
8319,2
8320,2
8321,3
8322,1
8323,10
8324,5
8325,2
8326,1
8327,4
8328,1
8329,1
8330,47
8331,1
8332,7
8333,2
8334,3
8335,2
8336,1
8337,51
8338,6
8339,3
8340,1
8341,2
8342,1
8343,1
8344,1
8345,1
8346,33
8347,12
8348,NA
8349,2
8350,2
8351,NA
8352,4
8353,692
8354,6
8355,6
8356,3
8357,2
8358,1
8359,1
8360,13
8361,1
8362,1
8363,1
8364,3
8365,1
8366,2
8367,1
8368,4
8369,1
8370,11
8371,2
8372,4
8373,1
8374,5
8375,5
8376,2
8377,NA
8378,2
8379,2
8380,1
8381,73
8382,1
8383,1
8384,5
8385,1
8386,1
8387,1
8388,4
8389,26
8390,4
8391,1
8392,1
8393,2
8394,3
8395,3
8396,1
8397,2
8398,2
8399,1
8400,2
8401,7
8402,3
8403,16
8404,14
8405,1
8406,NA
8407,3
8408,1
8409,1
8410,9
8411,15
8412,9
8413,1
8414,13
8415,9
8416,3
8417,1
8418,14
8419,1
8420,2
8421,1
8422,2
8423,NA
8424,1
8425,1
8426,9
8427,5
8428,5
8429,3
8430,105
8431,1
8432,2
8433,3
8434,2
8435,1
8436,3
8437,5
8438,89
8439,3
8440,4
8441,4
8442,8
8443,5
8444,21
8445,4
8446,14
8447,11
8448,7
8449,1
8450,80
8451,24
8452,4
8453,30
8454,2
8455,2
8456,8
8457,2
8458,1
8459,4
8460,2
8461,10
8462,31
8463,5
8464,3
8465,NA
8466,1
8467,2
8468,2
8469,3
8470,22
8471,4
8472,1
8473,1
8474,2
8475,1
8476,1
8477,NA
8478,3
8479,1
8480,48
8481,2
8482,4
8483,15
8484,5
8485,1
8486,1
8487,1
8488,1
8489,3
8490,8
8491,22
8492,87
8493,1
8494,235
8495,2
8496,1
8497,21
8498,12
8499,1
8500,2
8501,2
8502,1
8503,3
8504,1
8505,1
8506,28
8507,3
8508,3
8509,11
8510,6
8511,3
8512,2
8513,1
8514,1
8515,4
8516,3
8517,3
8518,1
8519,9
8520,2
8521,8
8522,4
8523,1
8524,12
8525,21
8526,1
8527,21
8528,9
8529,1
8530,2
8531,2
8532,2
8533,2
8534,9
8535,1
8536,1
8537,2
8538,3
8539,4
8540,1
8541,3
8542,4
8543,1
8544,3
8545,1
8546,2
8547,2
8548,6
8549,34
8550,1
8551,1
8552,3
8553,1
8554,22
8555,107
8556,4
8557,13
8558,1
8559,2
8560,3
8561,4
8562,1
8563,7
8564,11
8565,1
8566,2
8567,74
8568,24
8569,1
8570,1
8571,6
8572,126
8573,3
8574,2
8575,4
8576,2
8577,8
8578,1
8579,1
8580,1
8581,7
8582,14
8583,10
8584,1
8585,275
8586,1
8587,6
8588,10
8589,1
8590,3
8591,2
8592,22
8593,6
8594,4
8595,1
8596,7
8597,1
8598,3
8599,5
8600,89
8601,1
8602,1
8603,17
8604,5
8605,1
8606,1
8607,5
8608,4
8609,26
8610,8
8611,3
8612,2
8613,2
8614,8
8615,4
8616,4
8617,1
8618,41
8619,2
8620,1
8621,10
8622,1
8623,8
8624,54
8625,2
8626,1
8627,138
8628,4
8629,1
8630,2
8631,1
8632,27
8633,1
8634,2
8635,4
8636,9
8637,NA
8638,1
8639,1
8640,1
8641,51
8642,171
8643,5
8644,3
8645,33
8646,1
8647,1
8648,1
8649,4
8650,4
8651,45
8652,1
8653,5
8654,27
8655,9
8656,1
8657,1
8658,2
8659,1
8660,1
8661,3
8662,1
8663,204
8664,15
8665,8
8666,2
8667,2
8668,2
8669,1
8670,1
8671,1
8672,5
8673,2
8674,1
8675,2
8676,2
8677,3
8678,16
8679,1
8680,4
8681,3
8682,1
8683,2
8684,1
8685,1
8686,2
8687,3
8688,1
8689,2
8690,5
8691,1
8692,8
8693,1
8694,1
8695,3
8696,1
8697,21
8698,13
8699,2
8700,16
8701,1
8702,2
8703,35
8704,3
8705,1
8706,1
8707,2
8708,3
8709,5
8710,1
8711,59
8712,14
8713,1
8714,3
8715,2
8716,23
8717,2
8718,6
8719,1
8720,2
8721,2
8722,1
8723,9
8724,1
8725,19
8726,6
8727,1
8728,2
8729,29
8730,1
8731,10
8732,9
8733,2
8734,2
8735,2
8736,3
8737,4
8738,14
8739,1
8740,1
8741,3
8742,4
8743,1
8744,14
8745,2
8746,2
8747,313
8748,6
8749,2
8750,4
8751,5
8752,2
8753,74
8754,6
8755,2
8756,16
8757,6
8758,1
8759,1
8760,2
8761,17
8762,15
8763,3
8764,2
8765,1
8766,2
8767,2
8768,1
8769,165
8770,8
8771,17
8772,1
8773,2
8774,2
8775,13
8776,1
8777,1
8778,2
8779,1
8780,14
8781,1
8782,1
8783,353
8784,1
8785,1
8786,7
8787,181
8788,1
8789,5
8790,3
8791,144
8792,2
8793,3
8794,3
8795,60
8796,1
8797,2
8798,3
8799,4
8800,2
8801,1
8802,1
8803,1
8804,1
8805,10
8806,2
8807,3
8808,13
8809,10
8810,4
8811,8
8812,1
8813,6
8814,2
8815,1
8816,6
8817,1
8818,2
8819,4
8820,1
8821,1
8822,1
8823,2
8824,1
8825,14
8826,7
8827,6
8828,400
8829,1
8830,7
8831,3
8832,7
8833,1
8834,2
8835,228
8836,1
8837,1
8838,2
8839,2
8840,3
8841,5
8842,1
8843,6
8844,13
8845,3
8846,1
8847,49
8848,68
8849,1
8850,5
8851,7
8852,2
8853,1
8854,1
8855,5
8856,1
8857,3
8858,3
8859,2
8860,1
8861,252
8862,25
8863,5
8864,1
8865,18
8866,2
8867,1
8868,3
8869,1
8870,8
8871,2
8872,4
8873,1
8874,53
8875,7
8876,4
8877,1
8878,1
8879,30
8880,3
8881,1
8882,5
8883,17
8884,6
8885,3
8886,2
8887,1
8888,2
8889,33
8890,1
8891,1
8892,8
8893,8
8894,7
8895,5
8896,3
8897,15
8898,1
8899,2
8900,1
8901,1
8902,3
8903,9
8904,1
8905,1
8906,5
8907,NA
8908,2
8909,1
8910,40
8911,1
8912,1
8913,8
8914,9
8915,38
8916,24
8917,1
8918,2
8919,1
8920,1
8921,3
8922,1
8923,3
8924,2
8925,2
8926,9
8927,2
8928,1
8929,3
8930,1
8931,1
8932,11
8933,5
8934,8
8935,1
8936,4
8937,1
8938,1
8939,1
8940,8
8941,1
8942,3
8943,1
8944,2
8945,NA
8946,4
8947,32
8948,1
8949,2
8950,3
8951,3
8952,12
8953,1
8954,1
8955,2
8956,1
8957,1
8958,3
8959,1
8960,9
8961,1
8962,7
8963,17
8964,1
8965,2
8966,3
8967,4
8968,4
8969,23
8970,1
8971,7
8972,1
8973,7
8974,3
8975,94
8976,3
8977,1
8978,5
8979,2
8980,76
8981,19
8982,2
8983,1
8984,4
8985,6
8986,2
8987,5
8988,12
8989,11
8990,1
8991,1
8992,1
8993,1
8994,2
8995,18
8996,2
8997,29
8998,1
8999,1
9000,3
9001,2
9002,4
9003,11
9004,1
9005,158
9006,2
9007,5
9008,1
9009,3
9010,1
9011,1
9012,1
9013,1
9014,99
9015,1
9016,1
9017,2
9018,26
9019,7
9020,1
9021,1
9022,3
9023,15
9024,1
9025,1
9026,2
9027,2
9028,15
9029,4
9030,1
9031,244
9032,5
9033,5
9034,1
9035,5
9036,1
9037,1
9038,3
9039,2
9040,11
9041,237
9042,1
9043,6
9044,61
9045,1
9046,1
9047,1
9048,9
9049,3
9050,2
9051,1
9052,42
9053,2
9054,1
9055,89
9056,40
9057,1
9058,1
9059,521
9060,27
9061,3
9062,7
9063,7
9064,3
9065,9
9066,4
9067,6
9068,2
9069,4
9070,1
9071,1
9072,4
9073,13
9074,1
9075,1
9076,2
9077,9
9078,1
9079,67
9080,1
9081,4
9082,73
9083,70
9084,1
9085,4
9086,14
9087,39
9088,3
9089,4
9090,1
9091,2
9092,10
9093,6
9094,2
9095,5
9096,1
9097,15
9098,8
9099,1
9100,1
9101,88
9102,5
9103,2
9104,3
9105,2
9106,1
9107,1
9108,12
9109,2
9110,3
9111,1
9112,1
9113,2
9114,29
9115,1
9116,8
9117,6
9118,112
9119,1
9120,2
9121,6
9122,2
9123,38
9124,4
9125,1
9126,12
9127,3
9128,1
9129,13
9130,9
9131,8
9132,3
9133,1
9134,2
9135,1
9136,5
9137,3
9138,7
9139,1
9140,39
9141,15
9142,1
9143,1
9144,3
9145,1
9146,1
9147,2
9148,2
9149,3
9150,19
9151,2
9152,17
9153,3
9154,5
9155,87
9156,3
9157,2
9158,159
9159,1
9160,4
9161,4
9162,2
9163,1
9164,1
9165,1
9166,4
9167,3
9168,1
9169,9
9170,8
9171,2
9172,3
9173,4
9174,2
9175,16
9176,8
9177,3
9178,3
9179,1
9180,20
9181,6
9182,408
9183,3
9184,1
9185,5
9186,1
9187,5
9188,2
9189,1
9190,1
9191,1
9192,33
9193,2
9194,81
9195,1
9196,6
9197,4
9198,8
9199,1
9200,1
9201,5
9202,1
9203,5
9204,2
9205,32
9206,1
9207,1
9208,5
9209,19
9210,1
9211,2
9212,53
9213,1
9214,3
9215,8
9216,47
9217,22
9218,1
9219,2
9220,4
9221,2
9222,3
9223,1
9224,5
9225,1
9226,4
9227,1
9228,14
9229,9
9230,66
9231,NA
9232,2
9233,518
9234,3
9235,7
9236,1
9237,2
9238,24
9239,6
9240,7
9241,2
9242,155
9243,1
9244,1
9245,426
9246,2
9247,2
9248,23
9249,5
9250,2
9251,1
9252,1
9253,26
9254,1
9255,1
9256,4
9257,177
9258,1
9259,2
9260,5
9261,2
9262,1
9263,6
9264,1
9265,2
9266,2
9267,41
9268,NA
9269,5
9270,8
9271,1
9272,1
9273,2
9274,12
9275,3
9276,1
9277,9
9278,2
9279,35
9280,18
9281,15
9282,5
9283,9
9284,215
9285,5
9286,15
9287,4
9288,2
9289,2
9290,24
9291,1
9292,2
9293,2
9294,1
9295,2
9296,4
9297,6
9298,1
9299,7
9300,7
9301,1
9302,62
9303,5
9304,1
9305,1
9306,2
9307,3
9308,9
9309,3
9310,5
9311,2
9312,1
9313,2
9314,13
9315,3
9316,1
9317,1
9318,1
9319,1
9320,9
9321,2
9322,1
9323,NA
9324,2
9325,3
9326,54
9327,3
9328,3
9329,461
9330,3
9331,4
9332,1
9333,1
9334,2
9335,148
9336,65
9337,7
9338,351
9339,168
9340,1
9341,16
9342,1
9343,1
9344,39
9345,2
9346,1
9347,48
9348,12
9349,178
9350,2
9351,1
9352,4
9353,9
9354,1
9355,2
9356,21
9357,1
9358,5
9359,2
9360,2
9361,13
9362,1
9363,3
9364,4
9365,3
9366,6
9367,2
9368,101
9369,2
9370,1
9371,1
9372,2
9373,2
9374,84
9375,6
9376,1
9377,1
9378,2
9379,20
9380,15
9381,1
9382,1
9383,2
9384,12
9385,1
9386,28
9387,1
9388,5
9389,4
9390,70
9391,7
9392,564
9393,47
9394,1
9395,1
9396,10
9397,5
9398,3
9399,1
9400,1
9401,8
9402,24
9403,1
9404,14
9405,1
9406,1
9407,4
9408,18
9409,4
9410,17
9411,2
9412,1
9413,4
9414,3
9415,7
9416,1
9417,2
9418,5
9419,2
9420,4
9421,9
9422,1
9423,1
9424,2
9425,1
9426,11
9427,2
9428,NA
9429,1
9430,2
9431,1
9432,1
9433,4
9434,3
9435,15
9436,1
9437,2
9438,1
9439,1
9440,5
9441,2
9442,1
9443,3
9444,2
9445,33
9446,2
9447,8
9448,1
9449,2
9450,3
9451,3
9452,3
9453,5
9454,2
9455,11
9456,3
9457,5
9458,1
9459,2
9460,2
9461,1
9462,3
9463,5
9464,5
9465,1
9466,6
9467,1
9468,3
9469,14
9470,13
9471,NA
9472,845
9473,5
9474,25
9475,1
9476,2
9477,10
9478,231
9479,3
9480,1
9481,6
9482,75
9483,33
9484,1
9485,1
9486,6
9487,1
9488,12
9489,15
9490,23
9491,3
9492,1
9493,1
9494,2
9495,11
9496,2
9497,18
9498,5
9499,9
9500,2
9501,4
9502,1
9503,1
9504,3
9505,1
9506,1
9507,5
9508,16
9509,2
9510,6
9511,2
9512,2
9513,5
9514,1
9515,NA
9516,2
9517,1
9518,102
9519,5
9520,4
9521,2
9522,1
9523,2
9524,4
9525,1
9526,1
9527,3
9528,38
9529,10
9530,1
9531,1
9532,1
9533,1
9534,2
9535,3
9536,2
9537,5
9538,7
9539,14
9540,1
9541,5
9542,1
9543,4
9544,2
9545,2
9546,1
9547,2
9548,1
9549,2
9550,9
9551,1
9552,13
9553,2
9554,2
9555,1
9556,15
9557,2
9558,32
9559,4
9560,4
9561,1
9562,2
9563,6
9564,1
9565,1
9566,1
9567,3
9568,18
9569,1
9570,1
9571,1
9572,3
9573,2
9574,3
9575,20
9576,1
9577,11
9578,7
9579,11
9580,126
9581,2
9582,195
9583,1
9584,23
9585,1
9586,NA
9587,1
9588,1
9589,2
9590,5
9591,2
9592,3
9593,1
9594,1
9595,1
9596,37
9597,1
9598,5
9599,2
9600,4
9601,8
9602,1
9603,2
9604,3
9605,4
9606,2
9607,7
9608,9
9609,6
9610,2
9611,40
9612,14
9613,3
9614,1
9615,6
9616,1
9617,2
9618,17
9619,15
9620,1
9621,187
9622,2
9623,31
9624,7
9625,46
9626,36
9627,1
9628,1
9629,1
9630,2
9631,6
9632,22
9633,3
9634,4
9635,29
9636,1
9637,2
9638,34
9639,1
9640,2
9641,10
9642,1
9643,6
9644,303
9645,1
9646,1
9647,16
9648,2
9649,16
9650,1
9651,2
9652,3
9653,29
9654,1
9655,9
9656,1
9657,8
9658,1
9659,28
9660,9
9661,2
9662,3
9663,1
9664,15
9665,10
9666,10
9667,8
9668,4
9669,2
9670,4
9671,3
9672,1
9673,1
9674,5
9675,9
9676,1
9677,199
9678,1
9679,1
9680,2
9681,8
9682,48
9683,4
9684,2
9685,2
9686,1
9687,3
9688,2
9689,14
9690,2
9691,1
9692,8
9693,NA
9694,1
9695,1
9696,1
9697,6
9698,2
9699,33
9700,3
9701,1
9702,4
9703,4
9704,1
9705,1
9706,4
9707,9
9708,1
9709,2
9710,13
9711,5
9712,NA
9713,1
9714,1
9715,3
9716,44
9717,25
9718,5
9719,1
9720,1
9721,2
9722,16
9723,1
9724,1
9725,5
9726,13
9727,6
9728,4
9729,16
9730,2
9731,6
9732,24
9733,1
9734,2
9735,1
9736,1
9737,19
9738,3
9739,1
9740,1
9741,2
9742,2
9743,2
9744,2
9745,1
9746,1
9747,1
9748,1
9749,6
9750,2
9751,NA
9752,2
9753,5
9754,2
9755,2
9756,19
9757,75
9758,NA
9759,8
9760,1
9761,8
9762,1
9763,4
9764,1
9765,5
9766,3
9767,4
9768,2
9769,1
9770,21
9771,4
9772,3
9773,2
9774,61
9775,3
9776,3
9777,20
9778,13
9779,45
9780,14
9781,19
9782,5
9783,4
9784,2
9785,16
9786,2
9787,4
9788,2
9789,1
9790,1
9791,1
9792,3
9793,1
9794,7
9795,12
9796,5
9797,5
9798,3
9799,24
9800,2
9801,2
9802,1
9803,1
9804,2
9805,8
9806,5
9807,2
9808,2
9809,2
9810,8
9811,8
9812,15
9813,1
9814,6
9815,5
9816,1
9817,2
9818,2
9819,1
9820,284
9821,1
9822,1
9823,5
9824,5
9825,5
9826,8
9827,10
9828,1
9829,1
9830,3
9831,2
9832,4
9833,3
9834,7
9835,1
9836,1
9837,1
9838,1
9839,12
9840,6
9841,1
9842,5
9843,2
9844,1
9845,1
9846,3
9847,1
9848,4
9849,1
9850,31
9851,2
9852,1
9853,5
9854,2
9855,1
9856,1
9857,4
9858,3
9859,2
9860,2
9861,1
9862,1
9863,1
9864,3
9865,11
9866,1
9867,5
9868,5
9869,3
9870,2
9871,3
9872,91
9873,1
9874,1
9875,18
9876,3
9877,2
9878,2
9879,1
9880,3
9881,16
9882,3
9883,3
9884,64
9885,3
9886,2
9887,2
9888,1
9889,1
9890,1
9891,1
9892,1
9893,3
9894,1
9895,1
9896,2
9897,4
9898,4
9899,1
9900,3
9901,82
9902,3
9903,2
9904,3
9905,2
9906,1
9907,7
9908,10
9909,4
9910,1
9911,43
9912,22
9913,26
9914,5
9915,3
9916,2
9917,5
9918,1
9919,7
9920,28
9921,1
9922,1
9923,12
9924,739
9925,20
9926,1
9927,2
9928,4
9929,1
9930,8
9931,1
9932,6
9933,3
9934,3
9935,1
9936,7
9937,6
9938,10
9939,7
9940,1
9941,644
9942,2
9943,2
9944,2
9945,2
9946,3
9947,4
9948,1
9949,16
9950,14
9951,50
9952,3
9953,2
9954,2
9955,1
9956,1
9957,1
9958,1
9959,3
9960,1
9961,1
9962,2
9963,2
9964,1
9965,3
9966,96
9967,1
9968,5
9969,1
9970,2
9971,2
9972,5
9973,1
9974,45
9975,1
9976,4
9977,3
9978,2
9979,1
9980,2
9981,2
9982,2
9983,1
9984,6
9985,4
9986,2
9987,7
9988,2
9989,2
9990,4
9991,4
9992,16
9993,1
9994,1
9995,2
9996,22
9997,1
9998,367
9999,1
10000,1
10001,1
10002,7
10003,1
10004,3
10005,2
10006,3
10007,4
10008,1
10009,NA
10010,187
10011,11
10012,86
10013,2
10014,3
10015,8
10016,62
10017,40
10018,2
10019,1
10020,1
10021,6
10022,2
10023,1
10024,1
10025,1
10026,2
10027,1
10028,3
10029,3
10030,1
10031,69
10032,8
10033,1
10034,14
10035,1
10036,3
10037,1
10038,2
10039,1
10040,2
10041,3
10042,6
10043,11
10044,1
10045,5
10046,3
10047,2
10048,2
10049,2
10050,5
10051,NA
10052,1
10053,1
10054,4
10055,24
10056,3
10057,1
10058,2
10059,1
10060,7
10061,11
10062,9
10063,4
10064,3
10065,1
10066,48
10067,3
10068,1
10069,15
10070,1
10071,2
10072,86
10073,4
10074,1
10075,2
10076,15
10077,3
10078,1
10079,1
10080,70
10081,11
10082,31
10083,2
10084,95
10085,56
10086,2
10087,3
10088,8
10089,NA
10090,1
10091,9
10092,42
10093,12
10094,3
10095,4
10096,1
10097,4
10098,5
10099,7
10100,25
10101,1
10102,3
10103,11
10104,2
10105,3
10106,2
10107,4
10108,1
10109,1
10110,2
10111,3
10112,2
10113,1
10114,1
10115,1
10116,7
10117,2
10118,1
10119,96
10120,21
10121,3
10122,9
10123,2
10124,2
10125,1
10126,2
10127,1
10128,8
10129,3
10130,9
10131,6
10132,3
10133,34
10134,1
10135,1
10136,1
10137,22
10138,62
10139,2
10140,2
10141,1
10142,1
10143,5
10144,1
10145,3
10146,1
10147,2
10148,21
10149,25
10150,2
10151,5
10152,1
10153,4
10154,28
10155,1
10156,5
10157,2
10158,2
10159,1
10160,1
10161,2
10162,7
10163,1
10164,3
10165,1
10166,15
10167,1
10168,4
10169,1
10170,5
10171,3
10172,30
10173,5
10174,4
10175,11
10176,1
10177,11
10178,1
10179,1
10180,1
10181,4
10182,2
10183,3
10184,2
10185,1
10186,1
10187,14
10188,3
10189,7
10190,1
10191,2
10192,6
10193,NA
10194,49
10195,4
10196,2
10197,11
10198,1
10199,1
10200,2
10201,3
10202,9
10203,2
10204,46
10205,14
10206,4
10207,21
10208,12
10209,9
10210,3
10211,3
10212,1
10213,1
10214,5
10215,17
10216,2
10217,1
10218,3
10219,4
10220,3
10221,4
10222,3
10223,223
10224,1
10225,2
10226,25
10227,2
10228,1
10229,2
10230,3
10231,1
10232,1
10233,2
10234,1
10235,42
10236,6
10237,1
10238,23
10239,1
10240,4
10241,2
10242,7
10243,1
10244,1
10245,1
10246,18
10247,47
10248,3
10249,4
10250,1
10251,6
10252,24
10253,1
10254,6
10255,1
10256,3
10257,2
10258,32
10259,5
10260,7
10261,1
10262,12
10263,1
10264,8
10265,74
10266,1
10267,1
10268,1
10269,2
10270,1
10271,NA
10272,1
10273,3
10274,2
10275,110
10276,4
10277,2
10278,46
10279,3
10280,1
10281,1
10282,7
10283,2
10284,3
10285,1
10286,1
10287,1
10288,2
10289,4
10290,1
10291,NA
10292,2
10293,7
10294,17
10295,49
10296,92
10297,1
10298,1
10299,1
10300,28
10301,42
10302,1
10303,1
10304,5
10305,1
10306,3
10307,96
10308,1
10309,1
10310,11
10311,2
10312,5
10313,2
10314,2
10315,33
10316,1
10317,4
10318,11
10319,2
10320,5
10321,2
10322,2
10323,1
10324,5
10325,3
10326,12
10327,4
10328,2
10329,1
10330,1
10331,46
10332,4
10333,5
10334,1
10335,1
10336,7
10337,5
10338,1
10339,2
10340,7
10341,17
10342,5
10343,1
10344,2
10345,10
10346,41
10347,1
10348,2
10349,1
10350,64
10351,4
10352,9
10353,16
10354,1
10355,2
10356,5
10357,1
10358,1
10359,2
10360,1
10361,7
10362,1
10363,3
10364,48
10365,11
10366,7
10367,2
10368,2
10369,273
10370,85
10371,24
10372,1
10373,3
10374,1
10375,21
10376,4
10377,1
10378,3
10379,4
10380,1
10381,23
10382,2
10383,1
10384,3
10385,14
10386,1
10387,2
10388,7
10389,2
10390,35
10391,17
10392,2
10393,3
10394,11
10395,13
10396,8
10397,3
10398,6
10399,NA
10400,866
10401,4
10402,8
10403,4
10404,1
10405,2
10406,1
10407,3
10408,1
10409,122
10410,1
10411,1
10412,235
10413,1
10414,12
10415,18
10416,3
10417,1
10418,2
10419,1
10420,2
10421,1
10422,7
10423,4
10424,1
10425,174
10426,1
10427,3
10428,6
10429,4
10430,1
10431,3
10432,2
10433,1
10434,4
10435,1
10436,3
10437,1
10438,NA
10439,1
10440,93
10441,13
10442,1
10443,7
10444,3
10445,9
10446,6
10447,90
10448,1
10449,2
10450,1
10451,1
10452,3
10453,1
10454,2
10455,1
10456,1
10457,2
10458,4
10459,3
10460,4
10461,1
10462,4
10463,3
10464,1
10465,12
10466,20
10467,4
10468,1
10469,12
10470,3
10471,1
10472,2
10473,1
10474,98
10475,2
10476,1
10477,1
10478,4
10479,13
10480,4
10481,2
10482,1
10483,10
10484,7
10485,21
10486,1
10487,1
10488,2
10489,5
10490,3
10491,4
10492,3
10493,1
10494,4
10495,3
10496,51
10497,2
10498,9
10499,29
10500,1
10501,1
10502,2
10503,1
10504,13
10505,9
10506,1
10507,1
10508,12
10509,56
10510,6
10511,1
10512,37
10513,4
10514,6
10515,1
10516,1
10517,6
10518,16
10519,7
10520,4
10521,1
10522,4
10523,3
10524,10
10525,2
10526,2
10527,5
10528,1
10529,13
10530,17
10531,3
10532,1
10533,1
10534,5
10535,8
10536,5
10537,1
10538,4
10539,2
10540,1
10541,10
10542,6
10543,1
10544,NA
10545,1
10546,94
10547,1
10548,8
10549,9
10550,1
10551,208
10552,2
10553,3
10554,1
10555,1
10556,1
10557,5
10558,1
10559,72
10560,1
10561,4
10562,3
10563,3
10564,9
10565,2
10566,1
10567,3
10568,3
10569,4
10570,7
10571,3
10572,1
10573,4
10574,NA
10575,16
10576,1
10577,36
10578,1
10579,3
10580,2
10581,1
10582,2
10583,1
10584,3
10585,1
10586,1
10587,3
10588,4
10589,3
10590,12
10591,2
10592,2
10593,4
10594,2
10595,3
10596,1
10597,2
10598,8
10599,2
10600,26
10601,2
10602,12
10603,1
10604,3
10605,1
10606,30
10607,6
10608,2
10609,3
10610,2
10611,7
10612,8
10613,447
10614,1
10615,7
10616,5
10617,3
10618,3
10619,4
10620,1
10621,2
10622,1
10623,9
10624,2
10625,6
10626,7
10627,1
10628,5
10629,349
10630,4
10631,1
10632,117
10633,3
10634,2
10635,1
10636,2
10637,11
10638,1
10639,3
10640,1
10641,2
10642,1
10643,74
10644,32
10645,9
10646,1
10647,2
10648,23
10649,1
10650,4
10651,2
10652,8
10653,1
10654,2
10655,2
10656,82
10657,2
10658,4
10659,3
10660,2
10661,5
10662,4
10663,1
10664,1
10665,11
10666,81
10667,45
10668,4
10669,4
10670,2
10671,38
10672,5
10673,1
10674,27
10675,2
10676,1
10677,1
10678,18
10679,8
10680,6
10681,56
10682,4
10683,1
10684,2
10685,1
10686,1
10687,1
10688,296
10689,2
10690,1
10691,2
10692,1
10693,5
10694,13
10695,10
10696,2
10697,5
10698,1
10699,26
10700,65
10701,26
10702,3
10703,1
10704,22
10705,1
10706,2
10707,26
10708,2
10709,7
10710,1
10711,7
10712,1
10713,8
10714,4
10715,117
10716,1
10717,3
10718,NA
10719,2
10720,1
10721,3
10722,2
10723,3
10724,9
10725,2
10726,3
10727,5
10728,1
10729,34
10730,3
10731,12
10732,10
10733,24
10734,12
10735,2
10736,2
10737,2
10738,1
10739,3
10740,1
10741,1
10742,24
10743,2
10744,17
10745,7
10746,4
10747,1
10748,1
10749,1
10750,2
10751,3
10752,3
10753,14
10754,2
10755,25
10756,7
10757,4
10758,2
10759,4
10760,99
10761,2
10762,1
10763,10
10764,4
10765,8
10766,67
10767,1
10768,3
10769,15
10770,26
10771,6
10772,1
10773,1
10774,1
10775,1
10776,2
10777,4
10778,5
10779,1
10780,12
10781,5
10782,6
10783,1
10784,4
10785,2
10786,2
10787,2
10788,2
10789,3
10790,2
10791,1
10792,1
10793,976
10794,3
10795,27
10796,2
10797,1
10798,1
10799,19
10800,3
10801,2
10802,6
10803,11
10804,1
10805,2
10806,1
10807,40
10808,4
10809,2
10810,2
10811,817
10812,3
10813,7
10814,2
10815,9
10816,3
10817,4
10818,21
10819,1
10820,70
10821,3
10822,5
10823,12
10824,2
10825,1
10826,1
10827,4
10828,3
10829,3
10830,1
10831,5
10832,5
10833,3
10834,4
10835,1
10836,1
10837,6
10838,1
10839,1
10840,5
10841,5
10842,1
10843,5
10844,2
10845,6
10846,3
10847,19
10848,16
10849,1
10850,5
10851,1
10852,1
10853,43
10854,570
10855,1
10856,1
10857,11
10858,3
10859,3
10860,2
10861,10
10862,1
10863,1
10864,2
10865,39
10866,1
10867,17
10868,5
10869,49
10870,1
10871,4
10872,8
10873,8
10874,7
10875,1
10876,4
10877,14
10878,1
10879,1
10880,1
10881,1
10882,7
10883,1
10884,4
10885,4
10886,2
10887,2
10888,2
10889,2
10890,3
10891,1
10892,1
10893,3
10894,2
10895,3
10896,1
10897,1
10898,17
10899,2
10900,1
10901,1
10902,1
10903,146
10904,27
10905,3
10906,11
10907,7
10908,3
10909,14
10910,7
10911,1
10912,26
10913,6
10914,11
10915,1
10916,4
10917,2
10918,1
10919,1
10920,7
10921,1
10922,3
10923,1
10924,1
10925,19
10926,2
10927,1
10928,1
10929,1
10930,3
10931,2
10932,1
10933,133
10934,1
10935,6
10936,1
10937,1
10938,22
10939,2
10940,11
10941,5
10942,13
10943,7
10944,11
10945,3
10946,3
10947,1
10948,1
10949,2
10950,1
10951,2
10952,20
10953,2
10954,6
10955,1
10956,2
10957,2
10958,18
10959,1
10960,5
10961,1
10962,2
10963,32
10964,127
10965,1
10966,8
10967,2
10968,1
10969,1
10970,8
10971,2
10972,1
10973,76
10974,11
10975,2
10976,2
10977,88
10978,1
10979,506
10980,29
10981,1
10982,3
10983,1
10984,1
10985,2
10986,12
10987,1
10988,2
10989,1
10990,7
10991,4
10992,9
10993,1
10994,68
10995,2
10996,2
10997,NA
10998,2
10999,8
11000,22
11001,2
11002,8
11003,NA
11004,1
11005,3
11006,4
11007,3
11008,2
11009,1
11010,2
11011,1
11012,5
11013,14
11014,1
11015,1
11016,2
11017,2
11018,6
11019,114
11020,1
11021,17
11022,7
11023,2
11024,4
11025,177
11026,3
11027,1
11028,1
11029,3
11030,3
11031,8
11032,2
11033,1
11034,1
11035,1
11036,9
11037,1
11038,1
11039,15
11040,3
11041,4
11042,7
11043,4
11044,1
11045,1
11046,24
11047,2
11048,2
11049,3
11050,1
11051,1
11052,2
11053,7
11054,13
11055,2
11056,3
11057,38
11058,6
11059,1
11060,1
11061,6
11062,2
11063,3
11064,20
11065,1
11066,2
11067,1
11068,3
11069,1
11070,1
11071,6
11072,172
11073,10
11074,9
11075,11
11076,2
