1,1
2,6
3,1
4,1
5,1
6,1
7,2
8,1
9,1
10,15
11,3
12,4
13,1
14,1
15,1
16,1
17,7
18,1
19,1
20,2
21,1
22,NA
23,18
24,2
25,2
26,1
27,2
28,1
29,2
30,1
31,1
32,4
33,1
34,1
35,1
36,9
37,2
38,2
39,1
40,1
41,1
42,3
43,1
44,5
45,1
46,1
47,2
48,1
49,3
50,1
51,1
52,2
53,1
54,13
55,1
56,9
57,16
58,1
59,1
60,1
61,3
62,2
63,2
64,1
65,2
66,1
67,2
68,1
69,3
70,20
71,1
72,2
73,1
74,2
75,8
76,1
77,22
78,21
79,2
80,1
81,1
82,4
83,2
84,7
85,1
86,1
87,3
88,5
89,1
90,1
91,1
92,2
93,2
94,1
95,4
96,1
97,3
98,1
99,1
100,3
101,3
102,2
103,1
104,1
105,1
106,1
107,4
108,1
109,1
110,2
111,1
112,6
113,1
114,3
115,1
116,4
117,2
118,4
119,15
120,3
121,1
122,7
123,1
124,1
125,1
126,4
127,2
128,26
129,19
130,1
131,3
132,2
133,1
134,1
135,1
136,15
137,599
138,1
139,6
140,6
141,3
142,2
143,1
144,1
145,1
146,5
147,7
148,1
149,1
150,1
151,1
152,11
153,6
154,1
155,14
156,1
157,2
158,4
159,1
160,1
161,1
162,4
163,2
164,2
165,1
166,3
167,10
168,1
169,1
170,2
171,3
172,8
173,897
174,1
175,1
176,1
177,2
178,1
179,2
180,2
181,1
182,2
183,1
184,1
185,24
186,1
187,3
188,1
189,1
190,2
191,89
192,8
193,18
194,1
195,1
196,4
197,11
198,1
199,13
200,8
201,1
202,2
203,1
204,2
205,3
206,1
207,2
208,2
209,2
210,1
211,1
212,3
213,2
214,2
215,2
216,4
217,10
218,2
219,2
220,14
221,1
222,2
223,1
224,10
225,1
226,1
227,6
228,6
229,1
230,1
231,68
232,2
233,1
234,7
235,1
236,5
237,3
238,1
239,1
240,1
241,1
242,2
243,1
244,2
245,3
246,1
247,2
248,309
249,1
250,1
251,1
252,7
253,2
254,54
255,5
256,4
257,6
258,1
259,14
260,1
261,1
262,3
263,8
264,3
265,3
266,1
267,2
268,1
269,1
270,2
271,4
272,2
273,1
274,1
275,1
276,1
277,4
278,1
279,1
280,4
281,228
282,3
283,2
284,1
285,1
286,4
287,4
288,1
289,1
290,3
291,9
292,4
293,1
294,1
295,1
296,20
297,7
298,17
299,2
300,2
301,3
302,3
303,24
304,1
305,1
306,1
307,2
308,6
309,15
310,2
311,1
312,2
313,4
314,2
315,2
316,7
317,3
318,1
319,1
320,1
321,1
322,2
323,40
324,1
325,1
326,9
327,2
328,1
329,3
330,2
331,1
332,4
333,30
334,1
335,8
336,1
337,2
338,9
339,1
340,1
341,4
342,16
343,1
344,41
345,1
346,3180
347,22
348,2
349,1
350,2
351,1
352,2
353,2
354,1
355,3
356,1
357,8
358,1
359,1
360,2
361,17
362,2
363,4
364,1
365,1
366,1
367,3
368,1
369,2
370,1
371,5
372,3
373,2
374,6
375,2
376,1
377,2
378,1
379,2
380,3
381,4
382,7
383,645
384,5
385,28
386,7
387,30
388,1
389,17
390,1
391,1
392,4
393,1
394,1
395,1
396,1
397,2
398,2
399,1
400,2
401,3
402,2
403,1
404,1
405,6
406,1
407,12
408,9
409,1
410,3
411,1
412,3
413,5
414,1
415,2
416,3
417,2
418,6
419,1
420,1
421,27
422,4
423,2
424,3
425,2
426,3
427,3
428,4
429,1
430,1
431,11
432,2
433,1
434,2
435,3
436,9
437,6
438,6
439,6
440,1
441,7
442,2
443,2
444,1
445,1
446,1
447,3
448,1
449,7
450,1
451,1
452,2
453,1
454,1
455,3
456,8
457,23
458,1
459,1
460,7
461,16620
462,8
463,6
464,2082
465,2
466,1
467,34
468,1
469,3
470,8
471,3
472,3
473,1
474,1
475,1
476,1
477,3
478,6
479,2
480,13
481,3
482,7
483,1
484,NA
485,1
486,3
487,4
488,6
489,2
490,1
491,3
492,3
493,1
494,1
495,1
496,1
497,27
498,1
499,1
500,3
501,43
502,3
503,2
504,3
505,5
506,17
507,2
508,1
509,1
510,6
511,1
512,8
513,1
514,3
515,17
516,1
517,2
518,10
519,2
520,5
521,1
522,3
523,2
524,279
525,1
526,12
527,3
528,1
529,5
530,488
531,1
532,2
533,2
534,3
535,3
536,1
537,3
538,2
539,2
540,22
541,1
542,2
543,12
544,1
545,1
546,17
547,2
548,1
549,2
550,1
551,5
552,2
553,4
554,3
555,1
556,3
557,7
558,1
559,2
560,9
561,1
562,2
563,1
564,1
565,5
566,1
567,7
568,1
569,57
570,1
571,4
572,4
573,1
574,5
575,1
576,16
577,2
578,2
579,1
580,1
581,1
582,3
583,5
584,1
585,3
586,1
587,6
588,2
589,1
590,1
591,1
592,7
593,1
594,1
595,5
596,11
597,55
598,12
599,54
600,30
601,1
602,4
603,1
604,6
605,2
606,7
607,3
608,6
609,1
610,1
611,1
612,6
613,1
614,3
615,1
616,1
617,3
618,1
619,1
620,1
621,9
622,52
623,2
624,1
625,1
626,1
627,2
628,12
629,1
630,6
631,1
632,2
633,50
634,2
635,1
636,1
637,2
638,1
639,2
640,1
641,27
642,2
643,37
644,1
645,4
646,4
647,2
648,4
649,2
650,15
651,1
652,2
653,1
654,1
655,1
656,41
657,2
658,2
659,2
660,2
661,1
662,19
663,8
664,1
665,1
666,1
667,4
668,36
669,2
670,1
671,7
672,2
673,5
674,1
675,1
676,5
677,6
678,1
679,1
680,1
681,1
682,15
683,1
684,5
685,1
686,3
687,2
688,1
689,13
690,7
691,4
692,8
693,10
694,1
695,3
696,1
697,2
698,1
699,27
700,1
701,31
702,2
703,1
704,3
705,1
706,21
707,3
708,2
709,11
710,2
711,1
712,183
713,2
714,2
715,1
716,3
717,4
718,1
719,1
720,2
721,16
722,2
723,1
724,3
725,9
726,1
727,7
728,5
729,2
730,1
731,8
732,4
733,1
734,1
735,3
736,1
737,2
738,5
739,2
740,NA
741,3
742,2
743,1
744,1
745,12
746,1
747,2
748,1
749,3
750,3
751,3
752,4
753,1
754,2
755,2
756,1
757,4
758,9
759,1
760,2
761,1
762,4
763,1
764,2
765,1
766,13
767,164
768,4
769,1
770,1
771,1
772,2
773,1
774,1
775,2
776,389
777,8
778,1
779,262
780,2
781,1
782,40
783,2
784,9
785,17
786,1
787,2
788,1
789,1
790,2
791,1
792,8
793,2
794,2
795,1
796,4
797,40
798,2
799,1
800,1
801,1
802,2
803,18
804,33
805,2
806,756
807,8
808,2
809,5
810,3
811,1
812,3
813,304
814,1
815,4
816,32
817,2
818,1
819,3
820,1
821,11
822,2
823,48
824,1
825,1
826,3
827,7
828,1
829,2
830,11
831,35
832,2
833,4
834,3
835,1
836,1
837,4
838,5
839,18
840,1
841,1
842,3
843,6
844,2
845,1
846,1
847,4
848,2
849,1
850,1
851,16
852,24
853,2
854,1
855,114
856,40
857,35
858,2
859,1
860,3
861,32
862,4
863,1
864,1
865,1
866,12
867,3
868,18
869,1
870,1
871,1
872,2
873,1
874,3
875,588
876,1
877,3
878,138
879,9
880,5
881,11
882,2
883,1
884,2
885,1
886,3
887,3
888,1
889,1
890,22
891,1
892,2
893,2
894,3
895,63
896,1
897,3
898,4
899,149
900,1
901,9
902,2
903,1
904,1
905,1
906,4
907,2
908,1
909,1
910,1
911,3
912,3
913,4
914,1
915,2
916,1
917,8
918,10
919,1
920,5
921,4
922,4
923,1
924,2
925,2
926,1
927,6
928,2
929,3
930,2
931,1
932,4
933,6
934,1
935,1
936,1
937,3
938,5
939,13
940,1
941,19
942,18359
943,1
944,2
945,2
946,3
947,2
948,1
949,1
950,1
951,4
952,3
953,5596
954,5
955,1
956,3
957,2
958,1
959,33
960,1
961,1
962,2
963,1
964,35
965,5
966,9
967,2
968,4
969,1
970,1
971,1
972,50
973,1
974,17
975,2
976,4
977,154
978,1
979,3
980,1
981,76
982,2
983,2
984,1
985,3
986,1
987,10
988,1
989,1
990,132
991,1
992,3
993,1
994,2
995,1
996,12
997,16
998,26
999,11
1000,2
1001,3
1002,3
1003,1
1004,3
1005,1
1006,1
1007,2
1008,2
1009,47
1010,2
1011,3
1012,3
1013,10
1014,1
1015,2
1016,1
1017,72
1018,1
1019,5
1020,1
1021,1
1022,591
1023,2
1024,2
1025,1
1026,1
1027,2
1028,57
1029,1
1030,2
1031,1
1032,46
1033,1
1034,1
1035,1
1036,4
1037,3
1038,2
1039,1
1040,3
1041,9
1042,2
1043,1
1044,318
1045,2
1046,5
1047,7
1048,1
1049,9
1050,11
1051,5
1052,4
1053,1
1054,1
1055,2
1056,1
1057,63
1058,1
1059,6
1060,1
1061,5
1062,2
1063,6
1064,2
1065,1
1066,3
1067,6
1068,1
1069,6
1070,4
1071,1
1072,7
1073,6
1074,1
1075,3
1076,3
1077,319
1078,2
1079,2
1080,1
1081,5
1082,20
1083,1
1084,1
1085,4
1086,1
1087,59
1088,4
1089,6
1090,1
1091,8
1092,4
1093,13
1094,10
1095,1
1096,1
1097,2
1098,9
1099,1
1100,2
1101,1
1102,20
1103,1
1104,89
1105,2
1106,1
1107,3
1108,2
1109,6
1110,1
1111,1
1112,3
1113,13
1114,1
1115,14
1116,3
1117,2
1118,2
1119,1
1120,2
1121,1
1122,7
1123,5
1124,1
1125,2
1126,1
1127,11
1128,42
1129,3
1130,1
1131,4
1132,2
1133,1
1134,23
1135,1
1136,8
1137,2
1138,1
1139,1
1140,1
1141,11
1142,28
1143,1
1144,1
1145,2
1146,12
1147,14
1148,1
1149,9
1150,1
1151,16
1152,3
1153,1
1154,2
1155,1
1156,19
1157,3
1158,5
1159,9
1160,8
1161,3720
1162,2
1163,2
1164,1
1165,8
1166,4
1167,18
1168,1
1169,1
1170,1
1171,1
1172,231
1173,8
1174,654
1175,1
1176,1
1177,6
1178,2
1179,1
1180,6
1181,3
1182,2
1183,2
1184,7
1185,4
1186,156
1187,94
1188,12
1189,7
1190,5
1191,1
1192,6
1193,9
1194,2
1195,149
1196,4
1197,54
1198,1
1199,6
1200,15
1201,1
1202,4
1203,66
1204,1
1205,1
1206,3
1207,3
1208,2
1209,3
1210,1
1211,15
1212,2
1213,1
1214,7
1215,1
1216,3
1217,3
1218,81
1219,2
1220,6
1221,1
1222,6
1223,1
1224,1
1225,1
1226,3
1227,2
1228,1
1229,1
1230,1
1231,7
1232,8
1233,1
1234,590
1235,2
1236,3
1237,3
1238,1
1239,1
1240,1
1241,5
1242,7
1243,4
1244,2
1245,2
1246,3
1247,484
1248,1
1249,1
1250,2
1251,4
1252,3
1253,5
1254,15
1255,1
1256,4
1257,2
1258,2
1259,1
1260,29
1261,1
1262,3
1263,2
1264,1
1265,1
1266,8
1267,2
1268,8
1269,1
1270,1
1271,8
1272,4
1273,1
1274,1
1275,1
1276,4
1277,11
1278,4
1279,6
1280,2
1281,1
1282,8
1283,30
1284,3
1285,2
1286,1
1287,19
1288,2
1289,6
1290,3
1291,1
1292,6
1293,1
1294,3
1295,1
1296,1
1297,2
1298,29
1299,1
1300,5
1301,3
1302,2
1303,4
1304,13
1305,1
1306,5
1307,3
1308,1
1309,10
1310,15
1311,1
1312,14
1313,1
1314,1
1315,1
1316,3
1317,3
1318,4
1319,18
1320,12
1321,1
1322,2
1323,2
1324,1
1325,11
1326,1
1327,3
1328,1
1329,1
1330,4
1331,4
1332,3
1333,1
1334,3
1335,4
1336,9
1337,12
1338,1
1339,13
1340,7
1341,4
1342,2
1343,1878
1344,1
1345,3
1346,1
1347,3
1348,24
1349,23
1350,1
1351,1
1352,35
1353,2
1354,1
1355,3
1356,1
1357,2
1358,2
1359,5
1360,1
1361,5
1362,3
1363,2
1364,1
1365,2
1366,7
1367,2
1368,1
1369,1
1370,14
1371,3
1372,6
1373,1
1374,2
1375,2
1376,1
1377,4
1378,2
1379,35
1380,2
1381,24
1382,3
1383,1
1384,1
1385,1
1386,1
1387,4
1388,98
1389,1
1390,19
1391,16
1392,3
1393,17
1394,1
1395,3
1396,1
1397,2
1398,1
1399,1
1400,1
1401,5
1402,27
1403,1
1404,2
1405,1
1406,3
1407,2
1408,1
1409,1
1410,9
1411,4
1412,7
1413,1
1414,26
1415,8
1416,1
1417,3
1418,1
1419,1
1420,1
1421,28
1422,2
1423,1
1424,2
1425,17
1426,5
1427,36
1428,2
1429,2
1430,1
1431,4
1432,2
1433,5
1434,1
1435,2
1436,1
1437,2
1438,4
1439,79
1440,2
1441,3
1442,2
1443,2
1444,1
1445,1
1446,5
1447,3
1448,133
1449,18
1450,8
1451,8
1452,12
1453,17
1454,1
1455,26
1456,4
1457,8
1458,1
1459,1
1460,3
1461,1
1462,3
1463,1
1464,5
1465,4
1466,32
1467,3
1468,1
1469,2
1470,1
1471,1
1472,3
1473,40
1474,1
1475,2
1476,1
1477,2
1478,2
1479,5
1480,1
1481,1
1482,2
1483,2
1484,1
1485,2
1486,1
1487,39
1488,2
1489,2
1490,4
1491,1
1492,3
1493,1
1494,1
1495,3
1496,NA
1497,10
1498,1
1499,1
1500,5
1501,1
1502,4
1503,4
1504,2
1505,2
1506,9
1507,2
1508,1
1509,1
1510,5
1511,1
1512,3
1513,1
1514,3
1515,1
1516,1
1517,3
1518,2
1519,6
1520,26
1521,8
1522,3
1523,2
1524,1
1525,1
1526,12
1527,2
1528,1
1529,1
1530,2
1531,9
1532,6
1533,2
1534,1
1535,1
1536,3
1537,3
1538,1
1539,2
1540,19
1541,5
1542,2
1543,2
1544,9
1545,2
1546,5
1547,2
1548,1
1549,3
1550,3
1551,1
1552,35
1553,1
1554,2
1555,1
1556,1
1557,2
1558,2
1559,2
1560,1
1561,13
1562,4
1563,9
1564,3
1565,506
1566,17
1567,2
1568,2
1569,1
1570,2
1571,13
1572,4
1573,1
1574,2
1575,1
1576,1
1577,12
1578,2
1579,1
1580,1
1581,1
1582,4
1583,29
1584,1
1585,1
1586,27
1587,3
1588,4
1589,7
1590,1
1591,4
1592,14
1593,2
1594,1
1595,2
1596,3
1597,2
1598,1
1599,3
1600,1
1601,4
1602,6
1603,1
1604,2
1605,1
1606,4
1607,6
1608,8
1609,3
1610,1
1611,738988
1612,4
1613,2
1614,1
1615,1
1616,1
1617,11
1618,1
1619,17
1620,2
1621,3
1622,15
1623,1
1624,1
1625,4
1626,4
1627,2
1628,1
1629,1
1630,5
1631,3
1632,63
1633,5
1634,558
1635,521
1636,1
1637,4
1638,1
1639,3
1640,14
1641,4
1642,7
1643,1
1644,1
1645,1
1646,1
1647,4
1648,2
1649,6
1650,7
1651,1
1652,3
1653,2
1654,1
1655,7
1656,1
1657,2
1658,24
1659,3
1660,2
1661,3
1662,2
1663,1
1664,1
1665,1
1666,1
1667,3
1668,1
1669,2
1670,10
1671,3
1672,3
1673,1
1674,3
1675,4
1676,5
1677,6
1678,149
1679,1
1680,2
1681,3
1682,2
1683,9
1684,1
1685,5
1686,17
1687,3
1688,1
1689,1
1690,1
1691,1
1692,4
1693,12
1694,21
1695,3
1696,1
1697,10
1698,1
1699,1
1700,2
1701,1
1702,46
1703,2
1704,1
1705,1
1706,1
1707,18
1708,2
1709,2
1710,3
1711,1
1712,6
1713,2
1714,1
1715,1
1716,20
1717,14
1718,17
1719,3
1720,4
1721,29
1722,2
1723,1
1724,693
1725,1
1726,2120
1727,2
1728,1
1729,1
1730,5
1731,1
1732,3
1733,21
1734,1
1735,2
1736,28
1737,2
1738,1
1739,3
1740,1
1741,1
1742,7
1743,2
1744,3
1745,2
1746,9
1747,143
1748,2
1749,38
1750,1
1751,1
1752,2
1753,1
1754,NA
1755,1
1756,1
1757,2
1758,1
1759,1
1760,1
1761,3
1762,2
1763,1
1764,9
1765,30
1766,5
1767,2
1768,2
1769,1
1770,1
1771,4
1772,NA
1773,6
1774,6
1775,2
1776,3
1777,2
1778,45
1779,1
1780,1
1781,7
1782,6
1783,1
1784,2
1785,4
1786,1
1787,4
1788,5
1789,1
1790,1
1791,3
1792,4
1793,4121
1794,3
1795,36
1796,1
1797,3
1798,1
1799,11
1800,4
1801,1
1802,12
1803,1
1804,3
1805,3
1806,1
1807,3
1808,1
1809,1
1810,1
1811,15
1812,2
1813,1
1814,2859
1815,7
1816,1
1817,14
1818,14
1819,1
1820,3
1821,1
1822,2
1823,4
1824,1
1825,1
1826,1
1827,2
1828,4
1829,2
1830,2
1831,1
1832,7
1833,2
1834,2
1835,1
1836,7
1837,15
1838,5
1839,1
1840,1
1841,16
1842,7
1843,8
1844,1
1845,1
1846,5
1847,2
1848,6
1849,2
1850,1
1851,3
1852,2
1853,22
1854,1
1855,6
1856,23
1857,3
1858,2
1859,1
1860,2
1861,1
1862,NA
1863,10
1864,6
1865,3
1866,5
1867,8
1868,94
1869,6
1870,1
1871,1
1872,10
1873,5
1874,6
1875,2
1876,49
1877,3
1878,2
1879,2
1880,2
1881,3
1882,2
1883,14
1884,13
1885,3
1886,1
1887,2
1888,5
1889,1
1890,6
1891,1
1892,2
1893,1
1894,1
1895,3
1896,3
1897,2
1898,4
1899,17
1900,1
1901,5
1902,3
1903,1
1904,1
1905,1
1906,4
1907,4
1908,355313
1909,1
1910,2
1911,1
1912,2
1913,1
1914,2
1915,1
1916,1
1917,2
1918,1
1919,2
1920,2
1921,5
1922,3
1923,1
1924,1
1925,2
1926,1
1927,4
1928,12
1929,3
1930,1
1931,3
1932,3
1933,12
1934,11
1935,1
1936,4
1937,20
1938,1
1939,14
1940,13
1941,1
1942,3
1943,1
1944,3
1945,1
1946,143
1947,6
1948,9
1949,1
1950,1
1951,1
1952,7
1953,1
1954,1
1955,2
1956,368
1957,3
1958,13
1959,3
1960,24
1961,4
1962,2
1963,4
1964,2
1965,2
1966,8
1967,3
1968,2
1969,1
1970,1
1971,3
1972,6
1973,9
1974,55
1975,1
1976,3
1977,51
1978,1
1979,2
1980,4
1981,3
1982,2
1983,1
1984,1
1985,1
1986,11
1987,2
1988,13
1989,1
1990,1
1991,3
1992,8
1993,25
1994,1
1995,1
1996,1
1997,40
1998,4
1999,5
2000,3
2001,5
2002,8
2003,4
2004,1
2005,1
2006,229
2007,2
2008,1
2009,2
2010,1
2011,4
2012,12
2013,2
2014,5
2015,1
2016,5
2017,22
2018,2
2019,3
2020,2
2021,1
2022,22
2023,1
2024,1
2025,8
2026,3
2027,2
2028,1
2029,6
2030,1
2031,1
2032,6
2033,5
2034,2
2035,1
2036,3
2037,6
2038,8
2039,3
2040,2
2041,4
2042,4
2043,1
2044,3
2045,3
2046,1
2047,7
2048,696
2049,2
2050,3
2051,11
2052,2
2053,5
2054,153
2055,2
2056,1
2057,3
2058,9
2059,15
2060,1
2061,1
2062,2
2063,6
2064,2
2065,4
2066,31
2067,2
2068,1
2069,1
2070,1
2071,28
2072,3
2073,5
2074,2
2075,1
2076,1
2077,2
2078,4
2079,2
2080,2
2081,5
2082,4
2083,1
2084,22
2085,1
2086,1
2087,2
2088,4
2089,1
2090,3
2091,3
2092,7
2093,1
2094,22
2095,1
2096,4
2097,4
2098,2
2099,5
2100,2
2101,3
2102,3
2103,12
2104,2
2105,5
2106,1
2107,20
2108,6
2109,1
2110,28
2111,13
2112,2
2113,2
2114,2
2115,17
2116,20
2117,2
2118,2
2119,1
2120,1
2121,1
2122,6
2123,1
2124,2
2125,1
2126,32
2127,3
2128,1
2129,3
2130,1
2131,4
2132,2
2133,2
2134,2
2135,8
2136,1
2137,2
2138,1
2139,1
2140,2
2141,1
2142,2
2143,1
2144,257
2145,5
2146,3
2147,6
2148,34
2149,1
2150,1
2151,3
2152,4
2153,6
2154,1
2155,3
2156,27
2157,7
2158,6
2159,17
2160,1
2161,1
2162,183
2163,6
2164,1
2165,1
2166,1
2167,2
2168,5
2169,2
2170,1
2171,21
2172,10
2173,1
2174,7
2175,10
2176,9
2177,2
2178,1
2179,1
2180,2
2181,8
2182,2
2183,1
2184,1
2185,2
2186,NA
2187,10
2188,88
2189,6
2190,1
2191,7
2192,4
2193,1
2194,2
2195,1
2196,1
2197,8
2198,5
2199,2
2200,2
2201,1
2202,4
2203,2
2204,1
2205,2
2206,1
2207,939
2208,4
2209,14
2210,3
2211,1
2212,22
2213,1
2214,18
2215,1
2216,36
2217,11
2218,1
2219,1
2220,2
2221,3
2222,2
2223,1
2224,2
2225,3
2226,1
2227,15
2228,1
2229,5
2230,13
2231,1
2232,NA
2233,2
2234,5
2235,1
2236,1
2237,4
2238,2
2239,3
2240,1
2241,9
2242,4
2243,2
2244,1
2245,1
2246,3
2247,4
2248,14
2249,1
2250,8
2251,1
2252,3
